Gene,F_P60_LPS 1,F_P60_LPS 2,F_P60_LPS 4,F_P60_LPS 5,F_P60_LPS 6,F_P60_Sal 1,F_P60_Sal 2,F_P60_Sal 3,F_P60_Sal 4,F_P60_Sal 5,F_P60_Sal 7,F_P60_LPS 3,F_P60_Sal 6
Zfp85-rs1,8,9,3,4,5,13,10,12,5,3,9,6,6
Scap,52,12,54,53,55,167,95,141,28,46,49,64,8
Zfp458,11,6,9,3,7,31,9,5,3,3,4,14,5
Fbxo41,2,1,1,2,0,1,3,2,0,0,0,0,0
Taf9b,32,25,22,36,32,68,29,62,15,17,32,8,30
BC051142,3,0,1,0,0,1,0,5,4,4,0,0,0
Ccdc148,10,21,7,9,7,22,2,17,5,0,11,5,7
BC048546,0,0,0,0,0,0,0,0,0,0,0,0,0
Zfp941,0,2,0,1,0,2,3,3,0,0,2,1,1
BC031181,50,49,69,52,68,127,60,134,49,48,84,34,116
Baz2b,128,73,59,97,121,338,52,203,80,88,114,152,45
Tmem204,13,8,32,20,40,84,28,83,35,30,30,35,46
Ccdc111,67,40,26,61,72,151,44,117,62,46,47,39,17
BC048507,0,0,0,0,0,0,0,0,0,0,0,0,0
Zfp456,24,20,19,15,25,55,14,39,16,18,16,11,13
Zfp738,41,31,16,12,12,78,14,41,21,19,25,30,17
Itga8,2,6,6,9,10,10,0,16,2,3,12,7,1
Pramel4,0,0,0,0,0,0,0,0,0,0,0,0,0
Tbx10,0,0,1,0,0,0,0,0,0,0,0,0,0
Slc35d2,10,10,16,15,9,27,11,36,5,9,9,4,4
Adamts13,0,0,0,0,0,0,0,1,0,0,0,0,0
St5,63,35,65,83,70,157,52,161,33,41,78,66,25
BC117090,0,0,0,0,0,0,0,0,0,0,0,0,0
BC061194,0,0,0,0,0,0,0,3,1,0,0,0,0
Plekha8,22,18,10,21,32,69,12,51,23,15,30,30,16
Defb29,0,0,0,0,0,0,0,0,0,0,0,0,0
Trpv1,0,0,0,0,0,0,0,1,0,0,0,0,1
Cyp2c44,0,0,0,0,0,0,0,0,0,0,0,0,0
Zscan22,9,6,12,8,10,47,8,29,17,12,7,5,5
AF067063,0,0,0,0,0,0,0,0,0,0,0,0,0
Ssxb2,0,0,0,0,0,0,0,0,0,0,0,0,0
Tas2r138,0,0,0,0,0,0,0,0,0,0,0,0,0
Tas2r143,1,0,0,0,0,0,0,0,0,0,0,0,0
Tas2r144,0,0,0,0,0,0,0,0,0,0,0,0,0
Ttyh1,9,2,1,10,4,29,4,24,3,1,17,4,1
Atp8b1,38,12,13,13,26,49,7,36,19,13,17,29,3
BC021785,0,0,0,0,0,0,0,0,0,0,0,0,0
Oxgr1,0,0,0,0,0,0,0,0,0,0,0,0,0
Tpm4,251,183,204,281,370,267,90,264,101,83,152,133,111
Lca5l,2,2,3,3,0,8,1,12,0,1,1,7,2
BC056474,11,7,19,20,32,27,13,33,11,9,8,15,9
Tnip3,61,47,31,33,39,3,4,4,5,3,1,8,1
Gja6,3,0,0,0,0,0,0,0,0,0,0,0,0
Dub2a,0,0,0,0,0,0,0,0,0,0,0,0,0
Dab2ip,41,16,51,23,46,78,29,77,27,14,54,65,8
Prss48,0,0,0,0,0,0,0,0,0,0,0,0,2
Sohlh1,0,0,0,0,0,0,0,0,0,0,0,0,0
Zfp239,2,0,0,0,0,6,2,2,0,1,1,1,0
Prrxl1,0,0,0,0,0,0,0,0,0,0,0,0,0
Spink7,0,0,0,0,0,0,0,0,0,0,0,0,0
Ephx4,3,11,5,7,1,8,6,8,1,0,3,3,5
Olfr576,0,0,0,0,0,0,0,0,0,0,0,0,0
Zfp36l2,488,87,246,340,244,1413,435,1339,531,511,464,447,57
Olfr279,0,0,0,0,0,0,0,0,0,0,0,0,0
Olfr221,0,0,0,0,0,0,0,0,0,0,0,0,0
Olfr218,0,0,0,0,0,0,0,0,0,0,0,0,0
Olfr1206,0,0,0,0,0,0,0,0,0,0,0,0,0
Mpzl1,14,9,13,27,42,34,7,49,15,17,56,21,46
2510009E07Rik,66,35,47,79,63,259,87,298,85,77,95,57,50
Rtel1,11,3,10,16,11,47,8,38,3,10,24,17,0
Hecw2,6,5,5,8,12,30,2,25,3,0,25,3,6
Nckap5l,51,13,86,73,95,226,83,166,42,63,30,72,11
Tmem151a,0,0,0,0,0,3,0,1,0,0,1,2,0
H2-K1,494,227,639,711,898,1551,457,1091,320,473,331,553,291
Eea1,94,89,61,65,100,317,67,198,67,98,113,105,24
Megf10,0,0,0,1,0,3,0,3,1,0,0,0,3
Limch1,22,30,11,22,28,69,10,65,12,6,62,13,10
Utp14b,1,2,7,3,2,23,3,10,0,8,6,7,3
A430105I19Rik,5,9,7,7,5,25,9,20,10,4,17,9,7
Pi4ka,108,69,92,132,97,374,98,311,85,61,142,89,54
Kdm2a,210,66,122,213,211,684,181,528,218,157,193,183,28
Nat8l,5,5,5,4,9,45,11,34,7,2,6,16,2
8430427H17Rik,24,5,16,29,25,142,51,114,45,41,41,30,9
Gp1bb,1,0,4,0,4,5,0,8,0,1,3,2,0
2610507B11Rik,331,238,180,368,324,862,258,763,226,231,316,272,146
Panx2,0,0,0,0,0,0,0,1,0,0,0,0,0
Zfp948,18,16,8,6,10,19,6,14,1,0,8,17,5
Lmna,9,11,52,95,100,69,23,86,17,19,10,27,8
Hspa2,13,12,17,25,23,56,11,42,10,3,7,13,2
Tdrd1,0,0,0,0,0,0,0,0,0,0,0,0,0
Rpl17,3,4,5,9,8,13,2,3,3,3,2,1,7
Tmem158,0,0,0,0,0,2,0,1,0,0,0,0,0
Gpr126,11,25,5,53,19,30,3,18,7,6,25,13,14
Smg6,79,18,37,89,93,212,61,147,68,72,59,79,18
Rab44,4,1,4,5,6,4,0,3,1,1,0,5,1
Ccin,0,1,0,4,1,0,1,3,0,0,0,2,0
Defb22,0,0,0,0,0,0,0,0,0,0,0,0,0
Pram1,4,1,3,1,7,17,3,7,2,1,1,4,0
Fbxl12,24,12,5,10,19,49,6,47,17,13,25,18,13
Nlrp14,0,0,0,0,0,0,0,0,0,0,0,0,0
AI413582,7,3,7,6,7,20,17,16,9,4,3,8,14
Bfsp2,0,0,0,0,0,1,0,0,0,0,0,0,0
Atg9b,2,0,1,2,0,7,3,10,1,2,5,5,3
Sirpb1a,3,0,0,1,3,1,0,0,0,1,0,1,3
Higd1c,0,0,0,0,0,2,0,0,0,0,0,2,0
Penk,0,0,0,0,0,0,0,1,2,0,0,0,2
Nup85,29,12,25,26,34,90,23,74,19,35,31,25,28
Igfl3,0,0,0,0,0,0,0,0,0,0,0,0,0
Try5,0,0,0,0,0,0,0,0,0,0,0,0,0
Gm5409,0,0,0,0,0,0,0,0,0,0,0,0,0
Zfp457,1,0,0,0,0,0,0,0,1,0,0,0,0
Krt77,0,0,0,0,0,0,0,0,0,0,0,0,0
Krt83,0,0,0,0,0,0,0,0,0,0,0,0,0
Gm5414,0,0,0,0,0,0,0,0,0,0,0,0,0
Pcdhac1,5,15,11,8,3,17,6,7,0,0,9,2,2
Pcdhac2,12,23,14,11,5,30,11,15,1,0,14,8,2
Ghrhr,0,0,0,0,0,0,0,0,0,0,0,0,0
Osbpl8,102,60,87,115,108,347,91,232,88,97,121,108,36
Ralgapa1,127,100,81,154,122,437,99,260,84,90,183,132,61
Epb4.1l1,7,4,21,13,9,28,7,27,5,1,13,5,1
Kcnq2,0,0,0,0,0,1,0,1,0,0,0,0,0
Masp2,12,7,15,18,17,34,6,32,5,5,9,15,3
Cltc,1238,776,688,1282,1150,4807,1145,3176,1094,1211,1384,960,615
Ankib1,87,51,56,92,65,203,61,183,75,65,98,48,25
BC030307,8,4,0,5,9,22,5,8,6,1,3,7,7
Adamts7,0,0,0,0,0,0,1,1,0,0,2,0,0
Arhgef11,86,39,62,83,85,290,72,236,80,45,76,77,16
Mars,65,34,90,78,92,201,59,162,44,77,69,51,48
Slc5a12,0,0,0,0,0,0,0,0,0,0,0,0,0
Zc4h2,14,6,2,15,10,26,10,27,11,22,17,6,8
Atg9a,28,12,44,37,40,88,35,81,36,32,20,25,7
Usp7,249,106,101,229,238,700,148,477,202,174,199,171,41
Ddx11,6,1,1,6,12,21,10,31,9,5,8,13,4
Brsk1,4,2,2,3,8,7,5,14,2,0,2,6,0
Rtn3,459,400,439,491,454,1301,413,1139,330,355,555,328,294
Cyp4x1,0,0,0,0,0,0,0,0,0,0,0,0,0
Pid1,116,60,59,80,97,251,77,215,48,57,92,48,63
ORF61,51,19,82,63,54,186,74,141,40,45,37,60,5
Rab3ip,40,40,53,55,45,167,46,110,24,33,69,60,43
Ces5a,0,0,0,0,0,0,0,0,0,0,1,0,0
Sval3,0,0,0,0,0,0,0,0,0,0,0,0,0
Kdm2b,34,9,35,43,46,197,48,158,66,62,52,63,9
Rab11fip5,53,33,52,72,42,278,112,276,85,93,84,56,19
Dnmt3b,10,2,9,5,4,12,3,22,6,4,6,4,2
Senp7,62,34,23,51,57,178,62,147,43,82,58,53,52
Ppp3r2,0,0,0,0,0,0,0,0,0,0,0,0,0
Fam170a,0,0,0,0,0,0,0,0,0,0,0,0,0
Crtc1,24,6,18,29,15,70,22,46,10,28,20,30,1
Zfp386,37,33,9,22,39,101,21,58,28,24,21,29,25
Zfp619,22,15,13,25,24,70,16,59,30,22,27,22,9
Cyp2j11,0,0,0,0,0,0,0,0,0,0,0,0,0
Nlrp1a,24,22,21,29,42,77,40,74,24,36,15,22,10
Usp22,185,79,134,210,228,537,137,473,140,144,148,173,30
Git1,43,19,78,58,90,151,70,140,43,49,45,58,7
Nlrp4g,0,0,0,0,0,0,0,0,0,0,0,0,0
Fbll1,0,0,0,0,0,0,0,2,0,0,0,0,0
Slc13a5,0,0,0,1,0,2,0,7,0,0,0,0,0
Zfp366,2,2,8,7,10,13,6,19,14,2,21,3,1
A4galt,5,4,3,4,5,12,2,6,9,6,14,6,4
Rtp1,0,0,0,0,0,0,0,0,0,0,0,0,0
Psg22,0,0,0,0,0,0,0,0,0,0,0,0,0
AU018091,0,0,0,0,0,0,0,0,0,0,0,0,0
Rragb,1,7,1,1,4,8,5,2,1,2,5,0,3
9930012K11Rik,0,4,0,3,0,8,2,5,3,5,5,1,3
Plekhg5,10,7,17,16,13,59,24,62,21,14,16,24,5
Scarf1,1,4,3,2,10,19,5,14,6,3,1,5,2
Gm5142,0,0,0,0,0,0,0,0,0,0,0,0,0
Clec4b2,0,0,0,0,0,0,0,0,0,0,0,0,0
Gnptab,52,25,52,76,53,172,33,116,39,36,55,55,26
Sgpp2,8,12,19,17,15,31,6,40,23,7,64,19,13
AA467197,13,10,7,13,12,0,0,1,0,0,0,1,1
Maml3,52,9,50,59,68,155,27,138,37,53,28,47,1
Celsr2,15,9,13,10,14,42,11,29,5,1,11,15,1
AA415398,4,0,1,9,6,14,2,8,0,1,5,5,1
BC057022,3,0,7,3,0,14,5,12,0,0,3,8,0
Gm5567,0,0,0,0,0,1,0,0,0,0,0,0,0
Slc28a1,0,0,0,0,0,0,0,0,0,0,0,0,0
Whamm,31,18,22,34,46,68,23,55,20,17,13,21,3
Zfp560,20,10,2,7,5,24,11,27,7,16,16,10,15
Gm5617,1,0,0,0,2,2,1,2,0,0,0,0,3
BC048562,0,0,0,0,0,0,0,0,0,0,0,0,0
Rhox8,0,0,0,0,0,0,0,0,0,0,0,0,0
Nlrp4e,0,0,0,0,0,0,0,0,0,0,0,0,0
Amigo1,16,15,17,29,17,65,21,38,14,6,21,12,8
Cntnap2,10,33,8,20,14,41,10,44,10,0,20,7,28
5730494M16Rik,12,11,17,19,17,53,15,49,9,8,23,24,18
2610008E11Rik,62,41,27,35,49,214,46,100,52,38,55,51,40
Nuak1,237,58,145,207,213,1141,289,935,315,329,314,295,71
Asap2,12,20,11,32,23,28,10,32,7,3,14,24,4
Actr3b,0,1,0,0,0,5,0,4,2,4,0,0,6
Scube3,12,21,21,18,20,48,17,33,6,0,11,7,1
Cxxc4,0,0,0,6,1,7,4,3,0,0,3,2,0
Pik3r6,90,32,63,79,103,186,48,126,59,51,36,72,13
Wapal,244,89,82,135,207,515,130,391,151,139,156,107,58
Cys1,0,4,0,0,1,2,1,6,0,0,1,1,0
Tacc2,11,17,21,22,17,43,16,50,9,5,28,18,5
Pigu,68,42,43,63,74,185,50,130,66,61,60,33,68
Gpr158,0,0,0,0,0,0,0,0,0,0,0,0,0
Pla2g4c,0,0,0,0,1,2,1,6,1,0,0,2,0
Znhit3,9,11,3,13,19,33,10,22,9,9,7,11,14
Olfr1197,0,0,0,0,0,0,0,0,0,0,0,0,0
Olfr1200,0,0,0,0,0,0,0,0,0,0,0,0,0
Olfr1024,0,0,0,0,0,0,0,0,0,0,0,0,0
Dbx1,0,0,0,0,0,0,0,0,0,0,0,0,0
Hps5,87,42,61,83,80,248,76,165,90,80,82,72,37
Eif4g1,377,178,285,458,382,986,292,809,222,235,336,327,66
Ypel2,6,15,12,10,19,52,8,44,26,4,16,20,15
Ypel4,0,0,0,0,0,0,0,0,0,0,0,0,0
Sp9,0,0,0,0,0,0,0,0,0,0,1,0,0
Zfp960,3,11,0,1,1,7,1,3,1,3,4,0,3
Spin2,0,0,0,0,0,2,0,0,0,0,1,0,3
Gm13084,0,0,0,0,0,0,0,0,0,0,0,0,0
Gm347,6,5,11,12,17,22,10,30,12,8,8,13,2
Amica1,13,6,12,14,5,1,1,4,3,0,1,1,5
Gm1574,0,0,0,0,0,2,0,2,0,0,0,0,0
Mreg,2,0,2,2,1,3,1,2,1,0,1,0,1
Gm996,14,4,12,8,19,28,9,29,10,5,13,23,2
Zfp663,0,0,0,0,0,0,0,11,0,0,0,0,0
Zcwpw1,40,10,24,23,31,67,15,56,28,37,26,36,12
Iqsec2,36,14,54,52,58,152,62,130,35,49,36,46,7
Barhl2,0,0,0,1,2,0,0,0,0,0,1,0,0
Olfr132,0,0,0,0,0,0,0,0,0,0,0,0,0
Olfr111,3,0,0,0,5,18,0,13,3,7,3,5,0
Olfr467,0,0,0,0,0,0,0,0,0,0,0,0,0
Txlna,103,53,81,119,145,302,111,310,108,77,86,105,43
Arhgap30,163,55,156,251,245,614,165,488,188,142,160,210,42
Syne2,126,133,59,136,165,351,89,269,88,42,241,198,24
Lmtk3,0,0,0,0,0,0,0,3,0,0,0,3,1
Olfr231,0,0,0,0,0,0,0,0,0,0,0,0,0
Olfr194,0,0,0,0,0,0,0,0,0,0,0,0,0
Rsrc2,227,176,166,350,325,760,175,487,164,213,175,176,149
Olfr1281,0,0,0,0,0,0,0,0,0,0,0,0,0
Olfr366,0,0,0,0,0,0,0,0,0,0,0,0,0
Olfr707,0,0,0,0,0,0,0,0,0,0,0,0,0
Aebp2,102,82,66,160,110,243,81,211,63,85,93,85,16
Itgb4,5,4,3,8,8,24,7,7,7,2,6,4,2
Phactr1,9,7,9,12,12,37,5,41,8,6,21,20,1
Parl,24,13,17,22,21,42,22,44,11,24,20,13,11
Mcoln2,5,4,10,2,15,0,0,2,0,0,0,5,0
Gm609,2,0,0,0,4,2,0,4,2,1,2,2,0
I830012O16Rik,127,143,38,108,263,20,4,8,4,13,7,5,5
Rpl34,6,6,2,10,10,13,14,12,5,3,3,5,9
Clec4a4,2,0,0,2,0,1,1,1,2,0,0,1,1
Mtus1,453,159,260,315,332,1479,404,1255,447,515,531,390,230
Zmiz2,37,23,55,57,68,147,61,161,28,30,29,83,9
Erbb2ip,436,282,231,466,450,1295,272,932,311,323,374,306,153
Zbtb9,19,9,10,18,20,47,21,35,9,16,20,15,11
Gm13023,0,0,0,0,0,0,0,0,0,0,0,0,0
Tdpoz2,0,0,0,0,0,0,0,0,0,0,0,0,0
Clec3a,0,0,0,0,0,0,0,0,0,0,0,0,0
Taar2,0,0,0,0,0,0,0,0,0,0,0,0,0
Dusp13,0,0,0,0,0,0,0,0,0,0,0,0,0
Zdhhc23,3,7,0,1,1,4,0,6,0,0,8,4,1
Gsdma3,0,0,0,0,0,0,0,0,0,0,0,0,0
Pabpn1l,0,1,0,0,0,0,2,0,0,0,0,0,0
Spag8,1,1,2,4,4,13,5,8,1,0,4,1,0
Noto,0,0,0,0,0,0,0,0,0,0,0,1,0
Slc7a6os,31,27,27,34,41,121,32,57,17,29,29,22,18
Zfp251,7,6,12,9,6,38,16,26,12,9,11,3,4
Pnmal1,0,0,0,0,0,0,0,0,0,0,0,0,0
Slc25a42,3,0,3,4,3,18,6,5,0,4,5,3,0
D8Ertd738e,35,36,44,64,75,71,49,84,12,23,28,21,83
Trpv5,0,0,0,0,0,0,0,0,0,0,0,0,0
Maneal,0,0,0,0,2,2,0,2,0,1,3,0,0
A830010M20Rik,13,15,6,11,25,51,12,27,15,8,16,17,2
Gucy2f,0,0,0,3,0,4,0,6,2,0,1,1,0
Tceanc,8,1,9,3,5,39,12,26,8,5,7,3,9
Armcx6,8,15,10,12,8,18,6,26,1,6,8,12,8
BC080695,0,0,0,0,0,0,0,0,0,0,0,0,0
Fndc3c1,0,1,0,0,0,1,0,2,0,0,1,0,0
2810408M09Rik,11,8,10,5,14,23,13,35,18,23,9,10,8
AY761184,0,0,0,0,0,0,0,0,0,0,0,0,0
Best3,3,4,3,3,3,16,6,12,1,0,5,5,0
Gm11541,0,0,0,0,0,0,0,0,0,0,0,0,0
Akirin2,133,47,61,91,85,414,122,291,145,147,121,75,35
Rtp2,0,0,0,0,0,0,0,0,0,0,0,0,0
Daam2,12,2,4,16,12,30,7,36,7,0,32,21,3
Asap3,53,18,58,85,87,242,78,184,58,66,38,86,9
Plekhn1,22,6,10,6,8,36,5,22,3,11,5,12,0
Aox3l1,0,0,0,0,0,1,0,0,0,0,0,0,0
Cdh12,0,0,0,0,0,0,0,0,0,0,0,0,0
Nol10,27,9,7,25,23,45,13,24,8,12,17,23,1
Gm1568,0,0,0,0,0,0,0,0,0,0,1,0,0
Cdsn,0,0,0,0,0,0,0,0,0,0,0,0,0
Thoc6,17,3,15,11,18,32,11,30,10,4,7,4,11
Gm5531,0,0,0,0,0,0,0,0,0,0,0,0,0
Gm5595,12,7,3,5,3,10,5,16,4,9,7,5,6
Fbxw20,0,0,0,0,0,0,0,0,0,0,0,0,0
Taar3,0,0,0,0,0,0,0,0,0,0,0,0,0
P2ry14,3,4,3,6,7,2,1,9,6,1,5,5,7
Wdr34,5,10,14,24,12,21,11,36,3,0,8,9,13
Taar4,0,0,0,0,0,0,0,0,0,0,0,0,0
Zfp760,16,13,9,8,10,29,7,20,12,9,20,10,21
Bbs12,12,11,9,7,10,22,3,25,5,0,6,2,5
Adora1,1,1,4,8,3,16,1,14,2,3,5,4,1
Mxi1,85,36,85,97,92,225,77,184,50,81,65,67,45
1700001J03Rik,0,0,0,0,0,0,1,0,0,0,0,0,0
Pde2a,62,24,86,89,125,183,61,203,91,59,118,72,46
Zfp658,71,22,43,57,39,348,111,210,90,100,83,65,40
Zfyve26,73,33,64,70,46,186,59,133,51,76,45,70,4
Il4ra,447,216,633,608,1114,646,233,505,138,218,128,262,51
Bud31,53,58,55,106,112,217,58,171,62,61,63,47,134
Calm5,0,0,0,0,0,0,0,0,0,0,0,0,0
Kbtbd8,8,6,7,4,15,45,11,27,7,18,13,15,13
Whrn,50,21,80,80,99,281,107,259,63,73,54,118,10
Tmem232,1,9,7,7,2,15,4,7,2,0,3,0,5
4921501E09Rik,0,0,0,0,0,0,0,0,0,0,0,0,0
Adam6b,0,0,0,0,0,0,0,0,0,0,0,0,0
Naaladl1,1,0,0,0,0,0,0,0,0,0,0,0,0
Adam26b,0,0,0,0,0,0,0,0,0,0,0,0,0
4930529F22Rik,0,0,0,0,0,0,0,0,0,0,0,0,0
Zfp36l3,0,0,0,0,2,2,0,2,0,1,0,1,0
Mup21,0,0,0,0,0,0,0,0,0,0,0,0,0
Unc13d,13,5,17,19,26,93,30,71,20,15,15,30,4
Taar5,0,0,0,0,0,0,0,0,0,0,0,0,0
Armcx5,21,7,19,11,17,52,19,22,15,20,14,12,13
11-Sep,36,25,32,37,62,89,26,76,23,22,58,32,17
A3galt2,4,0,0,0,1,4,2,5,0,0,2,3,0
Brsk2,0,2,3,3,0,4,1,3,0,0,2,4,0
Txnip,3165,1218,2177,2330,2604,8702,2462,7422,2631,2773,2758,2652,2151
Il19,4,2,0,0,2,0,0,0,0,0,0,0,0
Dock11,170,68,54,132,146,478,136,364,163,167,141,110,64
Nrsn2,0,0,0,0,0,0,0,0,0,0,0,0,0
Mcart1,46,36,45,59,46,139,35,137,47,29,61,40,22
Slc38a8,0,0,0,0,0,0,0,0,0,0,0,0,0
BC088983,12,10,2,9,11,50,19,32,8,10,18,11,4
Abpd,0,0,0,0,0,0,0,0,0,0,0,0,0
Pde1a,0,2,0,0,3,1,0,5,0,0,6,4,1
Ficd,10,4,7,7,7,18,8,24,7,4,18,13,4
Kctd14,1,1,4,5,5,12,4,8,4,0,6,0,12
Taar7b,0,0,0,0,0,0,0,0,0,0,0,0,0
Taar6,0,0,0,0,0,0,0,0,0,0,0,0,0
Taar7a,0,0,0,0,0,0,0,0,0,0,0,0,0
Taar8a,0,0,0,0,0,0,0,0,0,0,0,0,0
Taar9,0,0,0,0,0,0,0,0,0,0,0,0,0
Mdc1,69,23,61,77,70,265,88,183,77,50,65,87,5
Slc10a5,0,0,0,0,0,0,0,0,0,0,0,0,0
Taar7e,0,0,0,0,0,0,0,0,0,0,0,0,0
Ppp1r13l,0,0,1,2,3,6,3,7,0,0,4,3,1
Taar8b,0,0,0,0,0,0,0,0,0,0,0,0,0
Taar7d,0,0,0,0,0,0,0,0,0,0,0,0,0
Taar7f,0,0,0,0,0,0,0,0,0,0,0,0,0
Taar8c,0,0,0,0,0,0,0,0,0,0,0,0,0
Gjb6,0,0,0,1,1,0,0,8,0,1,1,0,6
Hrh2,14,5,9,9,18,57,14,32,14,11,14,11,8
Olfr1193,0,0,0,0,0,0,0,0,0,0,0,0,0
Olfr94,0,0,0,0,0,0,0,0,0,0,0,0,0
Olfr1148,0,0,0,0,0,0,0,0,0,0,0,0,0
Olfr310,0,0,0,0,0,0,0,0,0,0,0,0,0
Olfr913,0,0,0,0,0,0,0,0,0,0,0,0,0
Olfr1418,0,0,0,0,0,0,0,0,0,0,0,0,0
Olfr1415,0,0,0,0,0,0,0,0,0,0,0,0,0
Olfr503,0,0,0,0,0,0,0,0,0,0,0,0,0
Olfr456,0,0,0,0,0,0,0,1,0,0,0,0,0
Olfr1251,0,0,0,0,0,0,0,0,0,0,0,0,0
Olfr723,0,0,0,0,0,0,0,0,0,0,0,0,0
Olfr329-ps,0,0,0,0,0,0,0,0,0,0,0,0,0
Olfr1037,0,0,0,0,0,0,0,0,0,0,0,0,0
Olfr688,0,0,0,0,0,0,0,0,0,0,0,0,0
Olfr988,0,0,0,0,0,0,0,0,0,0,0,0,0
Olfr1182,0,0,0,0,0,0,0,0,0,0,0,0,0
Olfr566,0,0,0,0,0,0,0,0,0,0,0,0,0
Olfr1532-ps1,0,0,0,0,0,0,0,0,0,0,0,0,0
Olfr180,0,0,0,0,0,0,0,0,0,0,0,0,0
Nms,0,0,0,0,0,0,0,0,0,0,0,0,0
Rnase13,0,0,0,0,0,0,0,0,0,0,0,0,0
Olfr1000,0,0,0,0,0,0,0,0,0,0,0,0,0
Cyp2c66,0,0,0,0,0,0,0,0,0,0,0,0,0
Xkr7,0,0,0,0,0,0,0,3,0,0,0,0,0
Olfr288,0,0,0,0,0,0,0,0,0,0,0,0,0
Olfr1116-ps,0,0,0,0,0,0,0,0,0,0,0,0,0
Olfr1066,0,0,0,0,0,0,0,0,0,0,0,0,0
Olfr205,0,0,0,0,0,0,0,0,0,0,0,0,0
Olfr1357,0,0,0,0,0,0,0,0,0,0,0,0,0
Olfr744,0,0,0,0,0,0,0,0,0,0,0,0,0
Olfr885,0,0,0,0,0,0,0,0,0,0,0,0,0
Olfr225,0,0,0,0,0,0,0,0,0,0,0,0,0
Olfr1386,0,0,0,0,0,0,0,0,0,0,0,0,0
Olfr479,0,0,0,0,0,0,0,0,0,0,0,0,0
Olfr324,0,0,0,0,0,0,0,0,0,0,0,0,0
Olfr867,0,0,0,0,0,0,0,0,0,0,0,0,0
Olfr704,0,0,0,0,0,0,0,0,0,0,0,0,0
Olfr294,0,0,0,0,0,0,0,0,0,0,0,0,0
Olfr298,0,0,0,0,0,0,0,0,0,0,0,0,0
Olfr293,0,0,0,0,0,0,0,0,0,0,0,0,0
Olfr115,0,0,0,0,0,0,0,0,0,0,0,0,0
Olfr735,0,0,0,0,0,0,0,0,0,0,0,0,0
Olfr671,0,0,0,0,0,0,0,0,0,0,0,0,0
Olfr948,0,0,0,0,0,0,0,0,0,0,0,0,0
Olfr663,0,0,0,0,0,0,0,0,0,0,0,0,0
Olfr1016,0,0,0,0,0,0,0,0,0,0,0,0,0
Olfr1031,0,0,0,0,0,0,0,0,0,0,0,0,0
Olfr314,0,0,0,0,0,0,0,0,0,0,0,0,0
Olfr1229,0,0,0,0,0,0,0,0,0,0,0,0,0
Olfr299,0,0,0,0,0,0,0,0,0,0,0,0,0
Olfr317,0,0,0,0,0,0,0,0,0,0,0,0,0
Olfr332,0,0,0,0,0,0,0,0,0,0,0,0,0
Olfr1089,0,0,0,0,0,0,0,0,0,0,0,0,0
Olfr1287,0,0,0,0,0,0,0,0,0,0,0,0,0
Olfr1028,0,0,0,0,0,0,0,0,0,0,0,0,0
Olfr1419,0,0,0,0,0,0,0,0,0,0,0,1,0
Olfr527,0,0,0,0,0,0,0,0,0,0,0,0,0
Olfr1042,0,0,0,0,0,0,0,0,0,0,0,0,0
Olfr285,0,0,0,0,0,0,0,0,0,0,0,0,0
Olfr286,0,0,0,0,0,0,0,0,0,0,0,0,0
Olfr287,0,0,0,0,0,0,0,0,0,0,0,0,0
Olfr543,0,0,0,0,0,1,0,0,0,0,0,0,0
Olfr1039,0,0,0,0,0,0,0,0,0,0,0,0,0
Olfr987,0,0,0,0,0,0,0,0,0,0,0,0,0
Olfr1307,0,0,0,0,0,0,0,0,0,0,0,0,0
Olfr222,0,0,0,0,0,1,1,0,0,0,0,0,0
Olfr1382,0,0,0,0,0,0,0,0,0,0,0,0,0
Olfr193,0,0,0,0,0,0,0,0,0,0,0,0,0
Olfr207,0,0,0,0,0,0,0,0,0,0,0,0,0
Olfr598,0,0,0,0,0,0,0,0,0,0,0,0,0
Olfr1322,0,0,0,0,0,0,0,0,0,0,0,0,0
Olfr1275,0,0,0,0,0,0,0,0,0,0,0,0,0
Olfr1249,0,0,0,0,0,0,0,0,0,0,0,0,0
Olfr782,0,0,0,0,0,0,0,0,0,0,0,0,0
Olfr884,0,0,0,0,0,0,0,0,0,0,0,0,0
Olfr453,0,0,0,0,0,0,0,0,0,0,0,0,0
Olfr212,0,0,0,0,0,0,0,0,0,0,0,0,0
Olfr213,0,0,0,0,0,0,0,0,0,0,0,0,0
Olfr1318,0,0,0,0,0,0,0,0,0,0,0,0,0
Olfr1306,0,0,0,0,0,0,0,0,0,0,0,0,0
Olfr1211,0,0,0,0,0,0,0,0,0,0,0,0,0
Olfr1385,0,0,0,0,0,0,0,0,0,0,0,0,0
Olfr901,0,0,0,0,0,0,0,0,0,0,0,0,0
Olfr191,0,0,0,0,0,0,0,0,0,0,0,0,0
Olfr198,0,0,0,0,0,0,0,0,0,0,0,0,0
Olfr728,0,0,0,0,0,0,0,0,0,0,0,0,0
Olfr485,0,0,0,0,0,0,0,0,0,0,0,0,0
Olfr487,0,0,0,0,0,0,0,0,0,0,0,0,0
Olfr951,0,0,0,0,0,0,0,0,0,0,0,0,0
Olfr93,0,0,0,0,0,0,0,0,0,0,0,0,0
Olfr524,0,0,0,0,0,0,0,0,0,0,0,0,0
Olfr533,0,0,0,0,0,0,0,0,0,0,0,0,0
Olfr1181,0,0,0,0,0,0,0,0,0,0,0,0,0
Olfr316,0,0,0,0,0,0,0,0,0,0,0,0,0
Olfr312,0,0,0,0,0,0,0,0,0,0,0,0,0
Olfr1359,0,0,0,0,0,0,0,0,0,0,0,0,0
Olfr804,0,0,0,0,0,0,0,0,0,0,0,0,0
Olfr787,0,0,0,0,0,0,0,0,0,0,0,0,0
Olfr834,0,0,0,0,0,0,0,0,0,0,0,0,0
Olfr832,0,0,0,0,0,0,0,0,0,0,0,0,0
Olfr1105,0,0,0,0,0,0,0,0,0,0,0,0,0
Olfr967,0,0,0,0,0,0,0,0,0,0,0,0,0
Olfr963,0,0,0,0,0,0,0,0,0,0,0,0,0
Olfr304,0,0,0,0,0,0,0,0,0,0,0,0,0
Olfr761,0,0,0,0,0,0,0,0,0,0,0,0,0
Olfr1500,0,0,0,0,0,0,0,0,0,0,0,0,0
Olfr1490,0,0,0,0,0,0,0,0,0,0,0,0,0
Olfr1137,0,0,0,0,0,0,0,0,0,0,0,0,0
Olfr1152,0,0,0,0,0,0,0,0,0,0,0,0,0
Olfr1162,0,0,0,0,0,0,0,0,0,0,0,0,0
Olfr1129,0,0,0,0,0,0,0,0,0,0,0,0,0
Olfr748,0,0,0,0,0,0,0,0,0,0,0,0,0
Olfr1437,0,0,0,0,0,0,0,0,0,0,0,0,0
Olfr1463,0,0,0,0,0,0,0,0,0,0,0,0,0
Olfr1465,0,0,0,0,0,0,0,0,0,0,0,0,0
Olfr1474,0,0,0,0,0,0,0,0,0,0,0,0,0
Olfr597,0,0,0,0,0,0,0,0,0,0,0,0,0
Olfr517,0,0,0,0,0,0,0,0,0,0,0,0,0
Olfr591,0,0,0,0,0,0,0,0,0,0,0,0,0
Olfr675,0,0,0,0,0,0,0,0,0,0,0,0,0
Olfr792,0,0,0,0,0,0,0,0,0,0,0,0,0
Olfr1505,0,0,0,0,0,0,0,0,0,0,0,0,0
Olfr412,0,0,0,0,0,0,0,0,0,0,0,0,0
Olfr1029,2,0,0,0,0,0,0,0,1,0,0,0,0
Olfr1425,0,0,0,0,0,0,0,2,0,0,0,0,0
Olfr605,0,0,0,0,0,0,0,0,0,0,0,0,0
Olfr169,0,0,0,0,0,0,0,0,0,0,0,0,0
Olfr1331,0,0,0,0,0,0,0,0,0,0,0,0,0
Olfr685,0,0,0,0,0,0,0,0,0,0,0,0,0
Olfr504,0,0,0,0,0,0,0,0,0,0,0,0,0
Olfr965,0,0,0,0,0,0,0,0,0,0,0,0,0
Olfr1222,0,0,0,0,0,0,0,0,0,0,0,0,0
Olfr331,0,0,0,0,0,0,0,0,0,0,0,0,0
Olfr699,0,0,0,0,0,0,0,0,0,0,0,0,0
Olfr406-ps,0,0,0,0,0,0,0,0,0,0,0,0,0
Olfr917,0,0,0,0,0,0,0,0,0,0,0,0,0
Olfr624,0,0,0,0,0,0,0,0,0,0,0,0,0
Olfr309,0,0,0,0,0,0,0,0,0,0,0,0,0
Olfr538,0,0,0,0,0,0,0,0,0,0,0,0,0
Olfr1178,0,0,0,0,0,0,0,0,0,0,0,0,0
Olfr452,0,0,0,0,0,0,0,0,0,0,0,0,0
Olfr1329,0,0,0,0,0,0,0,0,0,0,0,0,0
Olfr506,0,0,0,0,0,0,0,0,0,0,0,0,0
Olfr1034,0,0,2,0,0,0,0,0,0,0,0,0,0
Xkr9,0,0,0,0,0,1,0,5,0,1,1,0,0
Xkr4,0,0,0,0,0,0,0,0,0,0,0,0,0
Rnase12,0,0,2,2,0,0,0,5,3,0,2,2,1
Ang6,0,0,0,0,0,0,0,0,0,0,0,0,0
Rnase11,0,0,0,0,0,0,0,0,0,0,0,0,0
Trex1,27,12,74,47,93,46,27,46,5,26,11,18,15
Olfr857,0,0,0,0,0,0,0,0,0,0,0,0,0
Olfr835,0,0,0,0,0,0,0,0,0,0,0,0,0
Olfr1513,0,0,0,0,0,0,0,0,0,0,0,0,0
Birc5,2,0,1,0,3,7,3,8,4,0,0,5,1
Slc39a12,121,252,114,165,176,345,140,273,53,7,214,84,208
Hsd3b3,0,0,0,0,0,1,0,0,0,0,0,0,0
Defa23,0,0,0,0,0,0,0,0,0,0,0,0,0
Ccdc55,34,18,17,35,50,99,28,100,40,26,34,28,29
Slc25a47,1,0,0,1,3,0,1,1,1,0,0,3,0
Pgbd1,5,4,0,8,4,12,0,17,4,3,3,3,2
Sctr,1,0,0,1,0,1,0,0,0,0,0,0,0
Mup20,0,0,0,0,0,0,0,0,0,0,0,0,0
Ecm2,15,70,37,52,51,104,34,101,20,11,96,37,47
Zfp708,8,7,2,5,4,18,4,20,13,14,11,5,7
Zfp238,191,59,90,101,95,571,183,545,217,228,175,159,93
Mdk,6,1,3,7,4,9,2,6,1,0,0,0,2
Slc2a9,21,2,12,13,23,39,16,30,10,18,10,10,3
Bpifb1,0,0,0,0,0,0,0,0,0,0,0,0,0
AU022252,1,6,6,1,3,16,4,21,7,5,8,5,7
Hspb6,8,4,12,10,10,10,10,13,7,0,9,9,7
Hs3st6,0,0,0,0,0,0,0,0,0,0,0,0,0
Ankrd6,1,10,1,5,8,19,0,9,1,0,10,7,2
Cxcl12,3,4,5,9,17,83,19,78,21,19,146,10,25
Ehmt1,53,17,44,74,81,191,54,141,46,43,49,58,28
Klri1,0,0,0,1,0,0,0,0,0,0,1,0,4
Rims1,0,0,0,0,0,0,0,0,0,0,0,0,0
Acd,9,5,12,12,12,33,15,35,7,8,8,14,2
AY761185,0,0,0,0,0,0,0,0,0,0,0,0,0
AI316807,17,12,23,23,16,79,19,71,24,22,24,17,19
Wfdc13,0,0,0,0,0,0,0,0,0,0,0,0,0
Wfdc16,0,0,0,0,0,0,0,0,0,0,0,0,0
Wfdc6b,0,0,0,0,0,0,0,0,0,0,0,0,0
Aym1,0,0,0,0,0,0,0,0,0,0,0,0,0
Adcy5,7,8,21,15,17,26,5,24,4,4,17,15,3
Ear12,9,2,0,2,3,10,0,7,1,5,4,5,3
Zfp787,16,6,8,12,16,41,23,42,14,12,11,13,6
Dhrs7c,1,0,0,0,0,0,0,1,0,0,1,0,0
Lrrn4cl,1,0,0,0,0,1,1,2,1,1,0,0,1
Odf3b,0,0,0,1,0,8,1,5,0,0,0,0,0
Usp13,0,0,0,0,0,1,0,0,0,0,0,0,0
Tgfbrap1,130,50,69,100,135,402,121,355,114,115,130,126,29
Ttf2,24,22,16,26,32,92,18,49,13,15,25,10,13
AI597468,10,12,6,15,4,38,10,28,9,5,30,15,20
1500010J02Rik,154,76,168,178,190,517,180,434,177,182,142,151,53
Npcd,3,7,5,8,10,23,9,27,6,4,10,18,0
Osm,151,95,128,163,245,491,130,310,111,123,76,139,52
Wdr91,14,13,22,30,21,69,31,53,16,21,17,27,5
Prkaa1,77,72,56,72,62,203,75,161,54,68,76,55,65
E2f8,0,2,1,3,0,2,1,8,0,1,0,2,0
Pfdn4,14,22,13,9,13,47,6,15,5,14,10,9,26
Dtx3l,150,73,79,86,130,127,45,133,50,72,63,51,43
Tmprss13,0,4,0,0,0,0,0,0,0,0,0,0,0
Lman2l,37,26,70,47,50,173,52,130,46,56,86,27,36
Utp18,24,18,23,28,58,80,25,76,23,15,24,29,25
Rpp38,2,6,4,8,6,22,4,5,3,7,7,3,8
E130306D19Rik,5,0,5,2,0,12,1,3,1,0,4,4,1
Zfp930,20,14,10,8,13,39,9,38,11,14,13,12,21
Dync1li2,103,45,56,117,93,301,79,292,96,80,109,100,67
Rsad1,21,5,9,8,7,34,5,27,5,5,8,3,1
Lrrc52,0,2,3,2,3,0,2,4,2,0,0,1,0
Podnl1,0,0,0,0,1,0,0,0,0,0,0,0,0
Grm4,0,0,0,0,0,0,0,0,0,0,0,0,0
Rasl10b,1,3,11,0,9,3,0,7,0,1,7,2,0
Zfp182,21,19,23,23,35,114,21,85,19,32,34,34,10
Mrs2,19,37,18,26,27,92,29,65,16,14,39,23,12
Scn4b,1,0,4,2,8,7,2,7,2,2,5,5,0
Cpsf6,96,55,77,113,109,338,103,262,90,77,91,109,76
Gm11487,0,0,0,0,0,0,0,0,0,0,0,0,0
D9Ertd402e,29,13,9,19,18,63,11,54,12,20,30,15,9
Nkain2,0,0,0,0,0,4,0,3,0,0,0,0,0
Ccl26,0,0,0,0,0,2,0,0,0,0,0,0,0
Neurl4,57,11,55,59,63,200,79,193,55,58,59,62,11
Ric8b,49,19,26,33,28,133,26,93,54,26,38,39,16
1110054O05Rik,40,15,4,28,20,92,23,71,34,31,43,34,29
Vmo1,0,0,0,0,0,0,0,0,0,0,0,0,0
0610007P08Rik,52,37,17,44,51,154,36,96,35,30,42,20,13
Tex24,0,0,0,0,0,0,0,0,0,0,0,0,0
Ddn,0,0,1,0,0,0,0,0,0,0,0,1,0
Tmem151b,1,0,1,3,2,1,1,2,0,0,3,1,0
Gm597,0,0,0,0,0,0,0,0,0,0,0,0,0
Syna,0,0,1,0,2,4,1,1,0,0,1,0,7
Pcdh17,3,0,0,0,8,7,3,10,0,0,8,0,0
5730409E04Rik,21,8,10,5,10,25,6,26,7,4,19,15,5
Grhl3,0,1,0,1,2,1,2,2,2,0,2,0,0
Vwde,0,0,0,0,0,0,0,0,0,0,0,0,0
Lingo3,0,0,0,0,0,0,0,1,0,0,0,0,0
Gas2l2,1,4,2,7,1,7,2,3,1,0,2,4,3
Gm4937,0,0,0,0,0,0,0,0,0,0,0,0,0
Gm606,3,57,17,15,16,52,14,50,8,0,32,48,14
Gm4952,0,0,0,0,0,0,0,0,0,0,0,0,0
Ces1a,0,0,0,0,0,0,0,0,0,0,0,0,0
Zscan4c,0,0,0,0,0,0,0,0,0,0,0,0,0
Samd3,2,2,1,6,5,4,2,5,0,0,4,3,1
Capn11,0,0,0,0,0,0,0,2,12,0,0,0,0
Lipo1,45,40,31,47,38,121,34,99,21,34,41,39,33
Gm973,0,10,0,5,3,38,5,12,2,0,5,7,4
BC055004,0,0,0,2,0,0,0,0,0,0,0,0,0
Kpna7,0,0,0,0,0,0,0,0,0,0,0,0,0
Fbxw24,0,0,0,0,0,0,0,0,0,0,0,0,0
Zfp488,0,0,0,0,0,0,0,2,0,0,0,0,0
Fam18a,4,3,16,15,9,32,15,22,14,12,10,6,5
Aim2,180,96,116,144,147,505,127,341,119,118,135,132,89
Slc25a34,0,0,0,0,1,1,1,1,1,2,0,0,0
Fam71b,0,0,0,0,0,0,0,0,0,0,1,0,0
E130309D14Rik,0,0,0,0,0,0,0,1,0,0,1,1,0
Akr1c19,0,0,0,0,0,0,0,0,0,0,1,0,0
Zfp187,253,123,110,134,131,541,147,422,186,147,207,147,97
Vmn1r209,0,0,0,0,0,0,0,0,0,0,0,0,0
Fam105b,30,17,21,49,55,92,37,102,25,32,40,26,24
Spink6,0,0,0,0,0,0,0,0,0,0,0,0,0
A530098C11Rik,0,0,0,0,2,2,0,0,0,0,0,0,0
Macrod2,0,1,0,0,0,1,0,2,0,0,0,0,0
Flg2,0,0,0,0,0,0,0,0,0,0,0,0,0
Ankrd13c,74,40,32,68,50,188,46,131,40,47,66,34,19
Gm5591,0,0,0,0,0,0,0,0,0,0,0,0,0
Fam169b,0,3,0,0,1,1,0,0,0,0,1,0,0
Maml2,126,70,115,143,115,352,77,218,94,122,113,124,51
Amt,6,4,2,6,7,7,4,7,4,3,7,6,2
Gm5622,0,0,0,0,0,0,0,0,0,0,0,0,0
Sp140,45,33,46,50,61,54,16,51,12,23,19,28,13
Slc22a28,0,0,0,0,0,0,0,0,0,0,0,0,0
Krtap4-16,0,0,0,0,0,0,0,0,0,0,0,0,0
Gm5662,0,0,0,0,0,0,0,0,0,0,0,0,0
Dupd1,0,0,2,0,0,0,1,0,1,0,0,0,0
Gpr31c,0,0,0,0,1,1,0,0,0,0,0,0,0
Prkg1,13,7,5,14,7,28,6,21,8,4,21,4,9
Ptprd,9,9,19,18,7,78,9,44,1,3,31,13,16
Dyrk2,50,21,64,93,127,358,79,219,69,78,50,67,26
Gpr113,0,2,0,0,0,0,0,0,1,0,0,0,0
Fbxw22,0,0,0,0,0,0,0,0,0,0,0,0,0
Gm13154,0,2,0,2,0,3,0,0,0,0,1,0,0
Trcg1,3,1,2,2,5,1,2,6,0,0,2,2,2
Abi3bp,6,8,9,6,2,15,7,10,1,0,14,4,9
Scn2b,2,0,3,0,3,0,0,1,0,0,2,0,0
4930404N11Rik,4,1,7,6,7,10,6,10,2,1,0,4,0
Zmynd12,0,4,0,2,0,8,3,14,0,0,1,0,2
Snx13,273,103,120,186,187,558,162,437,159,159,237,166,109
Ttll4,23,28,20,35,25,115,27,99,32,22,35,36,14
Espl1,16,8,23,30,31,58,26,69,21,23,14,24,9
Fam189b,3,1,2,6,9,23,1,13,6,0,3,11,4
Cenpj,18,10,8,15,28,35,11,59,10,8,19,17,7
Zfyve28,13,3,5,11,15,30,7,24,4,6,5,14,1
Rap1gap2,47,21,43,62,63,163,27,104,39,48,33,78,13
Vprbp,80,39,35,39,74,188,72,155,49,42,82,48,40
E130308A19Rik,15,9,13,11,7,42,7,32,11,11,15,10,9
Tyw1,14,16,27,30,30,68,14,61,22,18,14,25,19
Taf9,42,40,29,48,58,128,25,95,32,47,36,34,60
Arid3c,0,0,0,0,0,0,0,0,0,0,0,0,0
MGC107098,0,0,0,0,0,0,0,0,0,0,0,0,0
LOC100039753,0,0,0,0,0,0,0,0,0,0,0,0,0
Tbata,0,0,0,0,0,1,0,0,0,0,1,0,0
Ear4,0,0,0,0,0,0,0,0,0,0,0,0,0
Kdm6b,313,78,286,578,689,995,238,613,183,198,114,391,21
Rasef,3,1,0,1,1,0,0,0,0,0,0,0,0
Cox17,10,11,14,5,9,30,9,23,7,7,13,10,26
Btbd11,5,0,1,3,1,11,1,7,4,0,3,5,0
Zscan18,16,16,16,41,30,78,26,78,16,17,27,34,9
Ddi2,163,63,94,153,191,435,95,327,101,115,102,119,22
Zdhhc18,18,14,16,11,29,96,26,61,21,23,25,22,6
Foxred2,1,1,3,3,2,16,5,7,0,2,4,6,1
C2cd3,106,61,88,85,89,365,107,244,82,77,106,107,25
Dppa4,0,0,0,0,0,0,0,0,0,0,0,0,0
Izumo1,1,0,0,0,4,0,0,3,0,0,0,3,0
Grxcr1,0,0,0,0,0,0,0,0,0,0,0,0,0
Otol1,0,0,0,0,0,0,0,0,0,0,0,0,0
Sp3,282,168,147,247,265,561,163,475,164,206,225,172,100
Cxx1b,4,2,11,5,2,14,3,14,5,5,6,11,6
Lce3f,0,0,0,0,0,0,0,0,0,0,0,0,0
Trim15,0,2,2,0,7,3,0,2,2,0,1,1,0
Kbtbd7,68,49,58,73,83,232,53,156,54,58,64,54,41
Anks6,14,4,29,14,23,69,21,60,15,15,9,27,3
Pla2g4d,0,0,0,0,0,0,0,0,0,0,0,0,0
Gpr139,0,0,0,0,0,0,0,0,0,0,0,0,0
Adamts15,1,2,5,0,1,12,0,6,1,0,2,2,1
Nxf3,0,0,0,0,0,0,0,0,0,0,0,0,0
Fbxo10,17,2,11,8,18,36,15,44,7,12,15,19,3
Pla2g4f,0,0,3,0,1,1,0,2,0,0,1,1,0
Gm5868,0,0,0,0,0,0,0,1,0,0,0,0,0
Ugt2a2,0,0,0,0,0,0,0,0,0,0,0,0,0
Nufip2,225,155,162,213,282,666,130,390,149,162,172,213,107
Defa24,0,0,0,0,0,0,0,0,0,0,0,0,0
Gm5431,23,8,9,10,13,20,5,23,15,17,15,7,8
Crls1,28,20,12,22,19,48,22,57,31,18,31,12,27
Bcat1,0,1,5,3,6,10,0,2,5,1,3,1,0
Diras2,0,0,0,2,0,0,1,3,0,0,0,0,0
Cdhr3,1,0,0,3,0,35,3,11,1,0,0,0,0
Dcun1d2,34,12,45,28,31,78,27,70,27,37,32,44,26
Brd9,66,30,46,68,75,164,70,136,51,58,61,59,36
Fam149b,32,21,33,34,45,105,27,63,25,34,42,24,17
Shc2,0,0,0,0,0,4,0,1,0,0,2,0,0
Snx32,7,8,12,5,13,24,12,14,7,6,5,4,3
AW555464,0,3,11,5,15,23,8,31,2,0,10,9,2
Ankrd28,50,48,43,37,54,92,17,94,16,18,55,29,24
Pdp2,10,2,8,8,15,37,15,15,8,8,16,18,3
1700007G11Rik,0,4,5,0,0,7,1,6,0,0,4,2,3
B230208H17Rik,69,26,62,77,75,205,51,185,52,61,59,83,20
Inpp4b,77,44,39,68,76,230,49,143,92,76,70,65,39
Xirp2,0,0,0,0,0,0,0,0,0,0,0,0,0
Tsku,2,6,2,0,2,7,3,6,2,0,2,0,1
Pcnp,75,38,47,66,67,189,38,107,38,41,43,52,38
Cdkl5,2,11,0,6,5,15,4,6,1,2,6,10,2
Zfp873,9,4,4,4,6,17,10,13,8,7,10,8,12
Lrrc16b,1,0,0,0,1,3,1,0,0,3,0,0,0
AB099516,0,0,0,0,0,2,0,0,0,0,0,2,0
Il28a,0,0,0,0,0,0,0,0,0,0,0,0,0
Cpa2,0,0,0,1,0,2,1,3,0,0,1,1,1
Zbtb45,3,3,16,5,4,11,3,15,2,10,2,1,1
C1ql4,0,0,0,0,0,0,0,0,0,0,0,0,0
Mctp2,6,6,7,4,12,0,2,3,0,0,2,6,0
Prpmp5,0,0,0,0,0,0,0,0,0,0,0,0,0
Gm5458,2,1,2,1,3,5,0,0,1,1,1,0,0
Lrp3,4,6,0,7,9,22,3,16,0,0,6,6,6
Krtap10-10,0,0,0,0,0,0,0,0,0,0,0,0,0
Gm3696,0,0,0,3,0,1,0,1,1,2,0,0,0
Cma2,0,0,0,0,0,0,0,0,0,0,0,0,0
Gal3st3,0,0,0,0,0,0,0,0,0,0,0,0,0
Cyp2c67,0,0,0,0,0,0,0,0,0,0,0,0,0
Hmcn1,3,4,10,8,19,38,4,32,13,5,54,14,7
BC094916,1,2,0,0,0,0,0,0,0,0,0,0,2
Zfp607,14,10,0,8,6,53,10,18,18,12,17,14,12
Gm16387,0,0,0,0,0,0,0,0,0,0,0,0,0
C330021F23Rik,0,0,0,0,0,0,0,0,0,0,0,0,0
Cebpz,182,98,126,149,205,512,160,508,170,176,169,115,106
Adarb1,43,27,26,42,51,82,29,79,31,13,28,37,9
Hoxc11,0,0,0,0,0,0,0,0,0,0,0,0,0
Zfp62,170,103,87,157,180,505,114,353,142,160,138,150,103
Apol7b,0,0,0,0,0,0,0,0,0,0,0,0,0
Gm14325,5,14,6,9,13,40,8,22,13,12,18,13,8
Rhox10,0,0,0,0,0,0,0,0,0,0,0,0,0
Ankrd34a,2,1,1,0,0,1,0,1,0,0,2,0,0
Timm9,6,5,7,8,8,28,14,26,3,15,10,5,11
Ttbk2,70,47,30,34,59,187,32,143,52,37,65,63,13
10-Sep,54,65,42,37,72,148,40,106,30,47,58,24,77
Rfx4,0,0,0,1,0,2,0,3,0,0,1,0,0
Bod1,33,38,38,44,37,85,24,70,13,11,39,25,26
Trp53i13,10,1,12,7,11,21,9,20,7,5,5,8,5
Ddx49,21,7,25,28,32,56,33,52,23,15,24,28,21
Cyb5d2,21,22,20,19,11,50,14,44,20,7,18,12,15
Pitpnm3,2,0,0,1,3,6,0,5,2,1,3,3,2
Zfp667,5,4,2,2,6,13,6,30,5,8,5,6,3
Pilrb2,1,0,0,8,1,1,3,6,1,0,1,0,1
Qsox1,48,47,95,58,66,135,49,113,31,27,60,48,29
Zfp563,11,7,3,6,11,35,12,19,15,9,15,6,9
Rc3h1,178,95,85,154,147,534,125,380,142,137,176,134,52
Pbx4,0,0,0,0,0,1,0,0,0,0,0,4,2
Lrig2,87,53,37,76,60,248,66,164,43,90,72,79,43
Rhox12,0,0,0,0,0,0,0,0,0,0,0,0,0
Gm5797,2,0,0,0,1,2,0,0,0,1,0,0,0
Rhox7,0,0,0,0,0,0,0,0,0,0,0,0,0
Atf2,106,60,80,94,114,344,85,272,60,90,138,70,82
2700007P21Rik,46,16,27,44,27,121,44,68,36,26,47,33,46
Efcab4a,7,5,23,11,18,52,21,42,17,12,14,24,6
Tmem201,9,9,10,17,20,30,18,33,3,14,8,13,7
Ccdc93,219,85,101,158,183,696,195,517,222,198,203,177,106
Cxadr,17,48,12,29,24,60,21,57,13,0,41,24,26
LOC547349,82,39,140,148,199,251,87,190,62,76,70,99,45
Gm5346,0,0,0,0,0,0,0,0,0,0,0,0,0
LOC434960,0,0,0,0,0,0,0,0,0,0,0,0,0
Krtap31-2,0,0,0,0,0,0,0,0,0,0,0,0,0
Trp53i11,3,5,29,15,25,52,15,39,12,8,12,19,5
Vegfa,18,15,26,31,25,67,13,44,9,3,17,39,13
Mbp,0,3,18,4,4,58,2,33,3,0,18,8,6
Gm14484,0,0,0,0,0,0,0,0,0,0,0,0,0
Tpd52,124,92,74,135,173,261,71,224,89,96,92,89,66
Dffa,9,3,9,8,16,35,8,46,11,18,9,10,13
Tfap2b,0,0,0,0,0,0,0,1,0,0,0,0,0
Pja2,178,188,112,184,198,606,155,451,134,133,261,171,204
St6galnac6,10,8,11,17,13,64,8,44,10,9,26,17,11
Dclre1b,33,16,21,24,18,41,8,34,24,33,19,13,9
Tapbp,219,78,233,213,250,342,167,376,127,112,130,127,43
Defb46,0,0,0,0,0,0,0,0,0,0,0,0,0
Gm6040,0,0,0,0,0,0,0,0,0,0,0,0,0
Miip,17,6,17,22,26,56,25,52,17,15,19,20,19
Serinc4,65,51,78,66,81,221,67,124,46,34,62,59,48
Zfp943,58,35,46,37,42,166,56,120,43,52,44,35,42
Wdr61,39,47,33,46,44,112,37,89,32,45,35,35,66
Sema3g,25,13,27,20,59,24,30,73,34,21,76,54,17
Adam39,0,0,0,0,0,0,0,0,0,0,0,0,0
Gpr17,0,1,1,1,3,10,5,26,4,2,4,5,0
Fam196b,7,0,1,3,0,4,2,10,6,11,7,8,0
Gm14685,0,0,0,0,0,1,0,0,0,0,0,0,0
DXBay18,0,0,0,0,0,1,0,0,0,0,0,0,0
Tas2r137,0,0,0,0,0,0,0,0,0,0,0,0,0
Olfr243,0,0,0,0,0,0,0,0,0,0,0,0,0
Gm5506,0,0,1,0,0,1,1,1,0,0,0,2,0
Sufu,11,5,24,20,17,43,10,28,14,10,10,21,2
Bclaf1,263,222,147,283,305,837,242,589,260,273,249,222,157
Src,29,9,46,33,38,92,49,127,31,31,27,58,11
Depdc5,61,16,43,75,47,159,47,134,41,48,45,43,34
Hmga1,13,10,20,17,31,32,12,18,7,20,10,10,2
Btbd3,20,8,20,16,26,100,34,80,31,17,46,28,25
Crebbp,117,40,31,83,77,349,97,245,102,92,105,128,9
BC053393,0,0,0,0,0,0,0,0,0,0,0,0,0
Camk2d,138,68,54,88,102,319,69,227,68,81,90,98,42
Sox6,1,1,1,3,4,11,1,10,3,1,7,3,1
Lhx9,0,0,0,0,0,0,0,0,0,0,0,0,0
Dmbx1,0,0,0,0,0,0,0,0,0,0,0,0,0
Pde1c,0,0,0,0,0,3,0,1,3,0,2,0,1
Sh2d2a,3,1,2,5,2,3,0,5,2,0,0,2,0
Ankrd12,67,51,22,66,51,217,31,139,31,30,73,60,11
2010107G12Rik,0,0,0,0,0,0,0,0,0,0,0,0,0
Bpifb9b,0,0,0,0,0,0,0,0,0,0,0,0,0
Cfhr2,10,2,0,2,1,8,3,4,2,3,2,2,0
Ccdc141,53,114,46,84,92,188,52,196,55,34,178,85,81
Kcnc2,2,0,0,1,0,8,1,1,1,0,1,0,0
Kcnj6,0,0,0,0,0,0,0,0,0,0,0,0,0
Nr2c2ap,16,10,18,17,46,40,14,50,15,5,17,18,15
Rfxank,24,12,38,26,54,79,34,78,27,13,22,19,23
Ikzf1,769,213,422,533,486,1423,347,1095,405,475,371,465,120
Trim26,129,42,68,130,126,341,95,297,79,94,89,100,44
Cadm1,130,47,55,107,116,335,106,238,110,118,104,95,58
Il1rl1,14,9,4,12,10,52,11,18,11,9,16,10,8
Gm527,2,0,0,5,2,1,0,4,0,3,3,0,0
Tmem171,1,0,0,0,0,0,0,0,0,0,0,1,0
Gm5168,0,0,0,0,0,0,0,0,0,0,0,0,0
D4Ertd22e,66,43,110,127,106,203,88,193,54,63,67,80,33
Ms4a7,13,25,13,52,12,30,18,52,13,0,14,16,35
Snx22,133,123,136,192,223,378,170,367,118,118,164,91,199
Otud7b,89,41,41,76,85,211,55,195,54,44,104,75,25
Ccdc50,275,151,161,267,270,830,223,668,283,316,330,222,192
Cdc6,2,0,1,0,4,7,2,7,0,0,3,0,0
Dnm1l,103,130,82,122,191,345,89,280,121,124,154,91,130
Dnajc19,20,15,16,21,14,52,9,46,14,19,9,12,14
Ensa,83,44,71,82,85,184,74,172,46,61,78,74,67
Entpd5,50,43,16,43,32,88,36,86,27,12,58,36,21
Npnt,62,40,59,43,42,141,58,109,55,42,49,42,16
Pik3cd,175,49,182,201,265,583,243,518,174,170,137,194,31
Pknox2,5,13,10,21,6,24,4,18,3,0,14,7,0
Vrk1,69,23,45,69,65,240,78,182,44,70,74,52,67
Magi1,38,17,14,33,36,129,24,97,28,19,27,25,11
Atad5,14,6,7,13,7,37,5,30,7,6,7,11,3
Ugt2b36,0,0,0,0,0,0,0,0,0,0,0,0,0
Pdzd4,2,0,4,1,5,3,3,6,0,1,2,3,0
Itgad,0,0,0,0,2,4,3,4,2,2,1,2,0
Unc13a,1,0,0,2,0,26,2,10,2,6,2,2,1
Urb2,42,12,17,28,29,63,22,53,13,20,37,25,7
Nova2,3,2,0,2,0,12,5,7,3,1,5,5,1
Lonrf2,0,0,0,3,1,7,1,7,0,0,1,0,0
Gm608,159,51,47,121,99,422,94,361,111,81,132,111,31
Mex3a,4,0,0,2,2,28,7,13,6,6,6,8,1
Psg26,0,0,0,0,0,0,0,0,0,0,0,0,0
Zswim5,8,9,2,8,9,37,17,24,9,13,4,4,3
Zmynd15,9,7,19,13,12,36,12,25,9,6,5,12,3
Gm5796,0,1,0,1,0,0,0,0,0,0,0,0,0
Zfp114,0,0,0,0,0,0,0,0,0,0,2,0,0
Usp32,158,165,107,119,116,387,105,312,98,62,172,127,85
Trim38,0,1,0,0,0,1,1,0,0,0,0,2,0
Specc1,117,50,47,127,126,547,146,431,171,176,161,173,44
Sec14l3,0,0,0,0,0,0,0,0,0,0,0,0,0
Gm4788,4,2,3,3,2,8,3,21,8,8,5,1,8
Tceal3,3,1,5,5,5,5,1,10,1,0,5,4,3
Safb2,58,24,57,76,99,265,71,215,76,80,73,106,18
Sec23ip,75,27,52,42,69,196,40,150,59,49,73,66,30
Man1b1,87,73,84,96,89,281,101,266,96,78,120,108,39
Fcrlb,0,0,0,0,0,0,2,0,0,0,0,0,0
Kcp,4,1,3,1,1,13,2,12,2,3,5,7,0
Doxl2,0,0,0,0,0,0,0,0,0,0,0,0,0
Fat2,0,0,0,0,0,6,0,0,0,1,0,0,0
Mettl17,19,8,9,5,8,47,19,37,10,13,10,18,12
Zc3h18,28,9,23,42,39,81,59,111,27,22,28,42,5
Mcat,10,9,18,16,15,38,12,38,8,19,17,10,15
Ndufs5,9,10,6,13,14,25,9,20,12,7,14,11,29
Mmp27,0,0,0,0,0,0,0,0,0,0,0,0,0
Rdh8,0,0,0,0,0,0,0,0,1,0,0,0,0
Enpp7,0,0,0,0,0,0,0,0,0,0,0,0,0
Kcnk15,0,0,0,0,0,0,0,0,0,0,0,0,0
Spry3,0,10,2,0,1,6,1,6,0,0,0,2,0
Olfm4,7,6,9,7,6,25,2,7,1,5,3,4,5
Prr7,0,0,0,0,0,1,0,0,0,0,0,0,0
Tmprss11c,0,0,0,0,0,0,0,0,0,0,0,0,0
Dkc1,36,30,32,45,52,100,16,95,31,34,31,16,20
Abca17,2,0,0,0,1,0,0,0,0,0,0,0,0
Gm16367,0,0,0,0,0,0,0,0,0,0,0,0,0
Nudt10,0,2,0,2,0,3,0,3,0,0,1,0,1
Gsk3a,54,30,65,79,63,155,71,137,37,51,64,63,8
Lin28b,0,0,0,0,0,0,0,0,0,0,0,0,0
Mrpl41,11,17,17,16,34,63,21,43,16,18,22,10,38
Kcnh8,0,0,0,0,0,0,0,0,0,0,0,0,0
Smg1,569,308,216,392,499,1919,408,1297,553,472,548,633,183
Bglap2,0,0,0,0,0,0,0,0,0,0,0,0,0
Pear1,9,1,10,15,17,65,14,57,19,22,17,23,1
Sybu,2,7,3,5,0,5,1,0,2,0,2,0,2
Klhdc9,6,5,11,12,7,13,3,15,4,5,9,5,5
Gm166,16,23,34,27,29,67,27,36,15,15,27,33,35
Acmsd,0,1,0,1,0,0,0,0,0,0,0,0,1
Lrrc14b,5,8,3,11,2,21,4,10,1,2,8,6,5
Cd69,62,33,18,111,41,14,7,16,8,12,6,16,5
Gm14288,0,0,0,0,0,0,0,0,0,0,0,0,0
Ntrk1,0,0,0,0,0,0,0,0,0,0,0,0,0
Bbs1,16,24,27,32,24,62,24,56,13,0,25,11,9
Krtdap,0,0,0,0,0,0,0,0,0,0,0,0,0
Commd6,25,40,41,24,42,112,36,83,26,32,41,22,42
Rnf149,100,57,63,136,101,171,61,178,56,69,45,60,24
Fam82a2,37,21,19,35,39,85,26,72,25,17,26,32,20
AI846148,7,5,7,11,20,38,15,36,14,8,5,11,4
Sdhaf1,6,4,7,9,2,16,10,23,12,5,11,10,14
Ecscr,117,108,165,141,208,407,169,348,113,135,126,117,214
Rnf166,20,7,37,40,40,82,51,72,27,23,24,37,13
1190002N15Rik,39,46,24,38,31,195,40,128,24,37,55,43,22
1700029J07Rik,10,10,6,11,10,23,8,13,2,0,5,8,2
Plekhm2,47,24,62,88,109,193,62,146,41,49,47,86,6
Dnajb14,17,18,10,18,9,76,24,44,26,14,25,21,9
Fbxo33,111,89,70,158,120,343,96,273,81,72,129,87,54
5730507C01Rik,2,0,0,0,2,4,0,1,1,0,2,0,0
Rasl12,3,3,5,3,10,9,2,4,2,2,4,4,3
Zfp597,44,21,20,41,58,108,30,88,29,20,33,17,18
Tradd,9,5,2,2,10,16,4,16,9,4,4,1,4
1700012A16Rik,3,2,0,0,1,11,2,7,2,3,1,4,0
Ephx3,1,1,2,0,0,6,0,1,0,0,4,0,0
2510002D24Rik,11,8,3,3,6,17,0,15,8,2,8,4,4
Dnajc25,20,20,15,26,26,73,24,52,17,21,23,17,5
2700094K13Rik,4,5,5,2,6,15,5,10,6,2,3,0,8
Slc22a23,4,6,4,4,0,20,4,21,1,2,1,6,0
1700066B19Rik,1,0,5,0,1,1,0,0,0,0,0,0,0
Fam83e,0,0,0,0,0,0,0,0,0,0,0,0,0
Klrg2,4,1,2,3,1,6,0,1,0,1,5,1,0
Usp31,30,17,6,22,33,118,35,108,26,27,42,34,4
Cln6,19,8,10,24,13,45,22,43,14,10,21,17,2
1700039E15Rik,0,0,0,0,0,0,0,0,0,0,0,0,0
Krt76,0,0,0,0,0,0,0,0,0,0,0,0,0
Tmem181a,6,4,3,1,7,17,5,12,3,5,3,6,5
Jrkl,32,40,13,17,28,95,20,47,19,21,27,32,26
1700057G04Rik,0,0,0,0,0,0,0,0,0,0,0,0,0
1700084C01Rik,1,1,3,10,2,19,2,5,4,2,0,2,2
Skap1,1,0,0,0,0,2,0,1,0,0,1,0,2
C77080,1,5,9,9,12,25,10,22,4,4,12,12,3
Naa11,0,0,0,0,0,0,0,0,0,0,0,0,0
C78339,7,7,4,11,7,36,5,36,5,7,18,7,4
Gtf3c3,19,20,16,20,20,59,6,61,16,18,30,18,18
Znfx1,295,121,216,262,368,494,175,475,119,191,134,164,41
AU015228,0,0,0,0,0,0,0,0,0,0,0,0,0
AI747448,0,0,0,0,0,0,0,0,0,0,0,0,0
Ncbp1,85,72,26,79,78,207,61,143,45,49,98,47,76
Usp30,30,17,24,22,17,75,31,54,22,17,21,25,4
Rpusd3,0,0,7,2,3,3,1,8,0,0,1,1,1
Zfp575,0,0,0,0,0,0,0,0,0,0,0,0,0
Pwwp2b,15,2,17,17,44,30,23,22,12,12,9,20,7
Nlrc5,35,17,22,47,84,34,23,43,15,26,12,29,4
Gcom1,7,3,2,6,0,1,2,7,3,0,4,7,3
Xylb,22,4,14,18,24,49,12,36,25,16,19,20,7
Pls1,10,19,4,16,10,20,3,14,3,2,17,10,13
AU022751,0,0,0,0,0,0,0,0,0,0,0,0,0
Rprml,0,0,0,0,0,0,0,0,0,0,0,0,0
Ttc7b,34,16,21,27,31,55,25,63,13,18,28,28,6
E330034G19Rik,0,0,0,0,0,0,0,0,0,0,0,0,0
Zfp957,0,0,0,1,1,0,0,0,0,0,1,0,0
Prickle1,14,7,30,15,18,40,10,50,10,12,39,10,6
Slc45a4,43,37,42,51,59,178,47,157,26,43,57,60,13
AU021092,10,3,17,7,25,24,7,21,11,13,19,12,20
AU023871,0,0,0,1,0,3,1,1,2,0,0,0,0
Pdzd8,139,65,78,92,100,347,73,243,99,126,115,78,24
Lin7a,4,1,0,9,7,3,0,7,0,0,0,1,0
Pnrc1,376,126,234,388,318,1001,279,689,247,292,230,297,90
Calr4,0,0,0,1,0,0,0,0,0,0,0,0,0
Slc5a10,4,2,0,5,16,7,7,9,3,2,6,4,3
Itga1,25,30,27,28,52,47,15,66,17,18,108,43,11
Cyp11b1,0,0,0,0,0,0,0,0,0,0,0,0,0
Fam195b,30,21,37,50,56,142,56,130,33,36,26,53,33
Tmprss11a,18,39,11,35,23,37,24,37,7,0,35,14,24
Trim40,0,0,0,0,0,0,0,0,0,0,0,0,0
Mettl21d,5,3,1,5,7,10,4,10,2,3,2,4,1
Cblb,57,17,8,38,32,112,26,68,34,13,16,22,6
Csta,0,0,0,0,0,0,0,0,0,0,0,0,0
Wfdc6a,0,0,0,2,1,3,0,7,1,0,1,1,0
Gm382,0,0,0,0,0,0,0,0,0,0,0,0,0
Cln5,131,85,81,94,94,349,95,225,85,90,91,67,75
Ccdc114,6,13,12,7,17,25,8,18,1,4,7,14,5
Fancd2,2,1,1,3,10,13,1,16,10,7,8,4,0
Hk3,70,24,124,76,110,275,91,195,87,85,52,122,43
Ccdc110,0,0,0,0,0,0,0,0,0,0,0,0,0
Wdr52,23,44,12,22,28,127,24,84,11,1,43,60,17
Gm266,0,0,0,0,0,0,0,0,0,0,0,0,0
Zfp583,8,1,10,10,3,17,5,16,6,5,8,3,10
Lemd1,0,0,0,0,0,0,0,0,0,0,0,0,0
Gpr174,3,1,0,0,0,0,0,0,1,0,0,0,0
Gm732,0,0,0,0,0,0,0,0,0,0,0,0,0
Plekhg1,12,6,6,16,22,21,1,37,9,8,34,21,5
Pak6,1,0,1,0,0,5,2,2,0,0,1,1,0
Gm136,0,0,0,0,0,0,0,0,0,0,0,0,0
Spata5l1,0,4,3,2,3,9,2,3,2,10,2,3,1
Phactr2,221,199,92,238,229,489,149,441,126,63,300,197,70
D10Bwg1379e,0,0,0,0,0,3,0,2,1,0,0,0,0
Ccdc109a,18,10,18,11,18,30,8,25,10,8,12,17,2
Stox1,0,0,1,1,0,4,0,3,0,0,3,0,1
Zfc3h1,79,58,41,62,44,197,44,182,58,40,75,73,23
9-Mar,0,2,1,0,3,3,7,6,0,4,2,5,1
Agap2,25,8,20,20,30,48,16,49,9,10,12,24,0
Gls2,3,0,0,0,1,1,0,2,0,0,0,2,0
Gm525,0,0,0,0,0,0,0,0,0,0,0,0,0
Qrich2,5,0,6,0,1,0,0,8,0,1,1,1,0
Fam120a,210,100,171,222,192,611,167,449,166,157,217,190,32
Eif4e1b,0,0,0,0,0,0,0,0,0,0,0,0,0
Slc4a7,184,111,85,153,171,587,124,449,148,165,157,163,89
Tmem55b,180,84,141,138,170,389,118,331,120,131,130,130,98
Spata13,325,107,281,467,465,1026,305,751,246,275,253,250,99
5031439G07Rik,47,21,74,74,85,263,85,259,67,69,68,74,30
Brd1,102,35,104,98,117,318,82,248,79,108,89,102,15
Gxylt1,126,53,57,116,161,440,95,268,105,96,101,106,45
Mll2,228,42,122,156,160,550,206,567,178,192,120,279,20
Spryd3,18,20,44,56,53,81,17,57,21,23,22,31,24
D17Wsu92e,121,52,117,157,166,323,100,286,77,73,134,97,28
Gm94,0,0,0,0,0,0,0,0,0,0,0,0,0
Prdm6,0,0,0,0,0,0,0,1,0,0,0,0,0
BC026585,15,31,13,23,23,44,13,42,19,7,16,9,19
Cdc42bpa,76,62,36,58,53,213,61,149,64,42,101,67,19
Slc30a10,0,0,0,1,0,5,0,7,0,0,4,1,0
Slc9a2,2,2,1,1,2,8,0,14,2,2,6,4,5
Gpr55,0,0,1,0,0,3,0,1,0,0,0,0,0
Usp40,48,68,43,44,46,125,44,120,41,40,66,27,34
Espnl,0,0,0,0,0,1,0,1,0,0,0,0,0
Uap1l1,21,14,31,28,44,120,34,75,27,22,22,23,35
Ddx31,24,9,28,39,42,126,37,91,30,42,49,35,29
Sel1l2,0,0,0,0,0,0,0,0,0,0,0,0,0
Gm561,8,17,7,9,13,20,6,16,2,4,9,4,37
Plk1s1,17,44,23,26,48,90,34,79,18,34,25,26,34
Zfp217,90,41,54,69,73,295,71,282,77,69,67,116,28
Gmps,99,63,37,84,86,176,43,178,45,40,73,50,77
Fhdc1,0,0,3,2,0,7,0,1,1,0,1,1,0
Gm129,11,5,16,7,9,51,7,25,21,6,2,21,4
Ampd1,0,1,0,1,0,1,0,0,0,0,0,1,0
5330417C22Rik,0,1,2,0,1,2,0,0,0,0,1,0,0
Ndufb6,17,48,8,30,38,76,20,57,12,17,18,18,71
Shb,14,2,24,26,11,42,21,48,15,10,12,11,4
BC013712,117,39,80,150,148,349,88,209,75,98,64,109,31
Cox18,4,3,12,7,7,17,4,15,1,2,6,6,11
Vsig10,4,6,7,8,6,15,8,21,5,3,14,6,6
Fbxl18,0,0,0,1,1,2,1,9,4,2,3,1,0
Pdap1,27,22,33,47,80,111,29,82,23,37,33,32,28
Ccdc61,3,2,4,5,8,8,4,21,4,2,4,4,2
Hipk4,0,0,0,0,0,3,0,1,0,0,0,0,0
Ffar3,0,0,0,0,0,0,0,0,0,0,0,0,0
Cnga4,0,0,0,0,0,0,0,0,0,0,0,0,0
Cog7,33,42,63,58,61,117,44,95,27,21,45,26,38
Ppfia1,65,36,44,68,63,220,49,142,54,57,62,64,32
Rltpr,0,1,3,0,4,1,0,5,0,0,0,0,0
Tmem231,20,14,13,13,18,46,8,38,7,10,20,7,15
Gucy1a2,1,4,2,11,6,11,1,10,1,0,7,3,0
Zbtb16,100,15,67,67,103,3,4,12,6,14,7,24,0
A630095E13Rik,0,0,0,0,0,0,0,0,0,0,0,0,0
Dhrsx,1,3,3,5,16,12,5,5,5,2,1,2,1
BC023829,45,54,36,55,39,92,34,95,36,16,50,32,41
Arhgef9,11,42,13,31,24,65,17,39,8,5,39,17,21
Frmpd4,50,97,34,55,49,184,41,96,18,0,77,66,43
Gas2l3,7,2,10,5,5,50,6,30,14,17,12,11,4
Gm239,0,0,0,0,0,1,0,0,0,0,0,0,0
Tmem90a,0,0,0,0,0,0,0,0,0,0,0,0,0
Serpina3f,68,96,92,41,204,0,0,1,0,0,0,37,0
Abcc4,100,66,56,122,134,161,54,155,53,56,177,107,42
Ttc38,12,15,14,15,19,49,22,43,9,20,20,13,10
Rimbp3,0,0,0,0,0,0,0,0,0,2,0,0,0
Mmp25,1,1,1,7,7,2,0,1,1,0,0,3,2
Lrrc30,0,0,0,0,0,0,0,0,0,0,0,0,0
Zfp407,47,26,20,45,33,110,31,97,26,28,46,34,17
Cdc42bpg,11,8,29,12,10,32,11,18,6,0,7,17,4
Sec31b,2,0,0,3,0,7,3,6,1,0,1,2,0
Dusp27,19,2,5,25,13,84,31,35,25,16,16,22,2
Gm216,4,14,10,10,14,31,3,18,1,0,9,12,10
Lrrc55,2,0,0,0,0,5,0,7,0,0,0,0,0
D430041D05Rik,0,0,0,2,0,1,1,6,0,0,0,0,0
Ralgapa2,35,22,27,52,24,85,23,85,34,12,49,26,7
Gm410,0,0,0,0,0,3,0,4,1,0,0,0,0
Bank1,85,29,19,57,72,187,33,126,42,64,56,31,37
Grin3a,0,0,0,0,0,2,0,3,0,0,0,0,0
Klhl21,12,13,28,34,35,64,20,63,29,10,27,21,2
Iqsec3,0,0,0,0,0,0,0,0,0,0,1,0,0
Zfp568,32,12,24,31,25,75,24,75,35,23,35,20,17
Ntn5,0,0,0,0,0,1,0,0,0,0,0,0,0
Cntn5,0,0,0,0,0,0,0,0,0,0,0,0,0
Gpr101,0,0,0,0,0,0,0,0,0,0,0,0,0
Pgr15l,0,0,0,0,0,0,0,0,0,0,0,0,0
Gm614,0,0,0,0,1,1,0,0,0,0,0,3,0
Cdhr2,0,0,0,0,0,0,0,0,0,0,0,0,0
Gm628,0,0,0,0,0,0,0,0,0,0,0,0,0
Dpcr1,0,0,0,0,0,0,0,0,0,0,0,1,0
Nlrc4,1,2,2,7,4,8,1,6,5,0,1,3,0
Acvr1c,0,0,0,0,0,0,0,0,0,0,0,0,0
Lrrc36,0,0,0,0,0,10,3,3,1,0,0,0,0
Gm648,0,0,0,1,0,1,0,0,0,0,0,2,0
Cdk15,0,2,0,1,2,0,2,0,0,0,0,1,1
Gm694,3,6,14,7,20,5,3,7,5,2,6,12,12
A230046K03Rik,198,105,103,175,164,506,167,492,195,221,187,153,149
A430078G23Rik,0,0,0,0,0,2,0,0,0,0,0,0,0
Dcp1b,17,5,11,12,16,47,8,30,7,14,9,19,0
Itpripl2,106,27,35,64,62,239,71,234,107,110,104,70,16
Cacna2d4,0,0,0,1,1,1,0,3,0,0,0,2,1
Zfp865,11,1,11,10,10,42,8,28,9,7,10,14,1
D630037F22Rik,29,41,21,22,31,86,14,70,18,7,39,17,14
Fubp3,40,28,16,42,57,121,40,117,29,38,31,37,18
Tmem104,143,31,200,177,178,253,104,219,87,101,60,116,18
Tmem88b,0,0,3,0,0,8,1,2,1,0,7,1,4
Krt26,0,0,0,0,0,0,0,0,0,0,0,0,0
Gfod1,7,3,6,4,21,7,4,10,1,5,3,10,0
Gm806,0,0,0,0,0,0,0,0,0,0,0,0,0
Gm813,0,0,0,0,0,0,0,0,0,0,0,0,0
Treml2,31,12,12,35,45,41,17,41,28,30,12,20,3
Gm815,0,0,0,0,0,0,0,0,0,0,0,0,0
Rbm44,0,0,0,0,2,4,1,3,0,0,0,2,0
Lgr6,0,0,0,1,0,0,0,2,0,0,1,0,0
Gm757,0,0,0,0,0,0,0,0,0,0,0,0,0
Gm826,0,2,8,0,1,3,1,3,1,0,0,5,0
Gm829,0,0,0,0,0,0,0,0,0,0,0,0,0
Shisa3,1,0,0,0,2,0,0,1,0,0,0,2,0
Gal3st4,274,92,217,167,187,763,260,641,250,270,216,181,200
Bsph1,0,0,0,0,0,0,0,0,0,0,0,0,0
Ceacam16,0,0,0,4,0,5,0,0,1,0,2,0,0
Pate2,0,0,0,0,0,0,0,0,0,0,0,0,0
Thoc2,163,147,118,120,161,474,118,375,157,132,127,121,102
Gm773,0,0,0,0,0,0,0,0,0,0,0,0,0
Fnd3c2,0,0,0,0,0,0,0,0,0,0,0,0,0
Zscan10,0,2,0,1,2,6,1,2,1,0,2,4,0
Grxcr2,0,0,0,0,0,0,0,0,0,0,0,0,0
Lyg2,0,0,0,0,0,2,0,1,0,0,0,0,0
Tmem211,0,0,0,0,0,0,0,0,0,0,0,0,0
Trim75,0,1,0,0,0,0,0,2,0,1,0,0,0
Jhdm1d,343,132,108,208,203,779,166,557,204,227,244,226,118
Nlrp12,1,1,0,0,1,0,0,0,0,2,0,1,0
Heca,63,34,54,76,75,250,71,258,80,80,80,93,23
Tmem102,2,1,0,2,0,1,11,5,0,0,2,3,0
Gm884,0,0,0,0,0,0,0,0,0,0,0,0,0
Gm885,16,12,20,27,20,53,14,36,17,6,9,9,17
Gm889,0,0,0,0,0,0,0,0,0,2,2,5,0
Gm906,0,0,0,0,0,0,0,0,0,0,0,0,0
Lrch1,159,82,84,171,204,465,144,370,135,152,135,121,38
Gm1587,0,0,0,0,0,0,0,0,0,0,1,0,0
Alg10b,36,24,45,39,59,144,43,118,46,25,67,42,37
Gm1604b,0,0,0,0,1,0,0,0,0,0,0,0,0
Cdkl4,15,22,19,21,20,50,7,26,3,0,15,11,16
Capn13,0,0,0,0,0,0,0,0,0,0,0,0,0
Fam59a,0,3,0,6,3,12,0,7,0,1,6,5,0
Gm949,0,0,0,0,0,0,0,0,0,0,0,0,0
Gm960,0,0,0,0,0,0,0,0,0,0,0,0,0
Gm962,2,0,8,14,15,35,9,18,8,7,9,11,3
Als2cr4,60,213,108,160,122,263,105,242,39,13,148,63,169
Zfp408,16,5,33,11,18,45,7,30,10,7,16,24,4
Accsl,0,0,0,0,0,0,0,0,0,0,1,0,0
Pdp1,11,13,6,28,13,35,16,35,9,22,11,7,13
Ccdc27,1,0,0,0,0,3,0,1,1,0,0,0,0
Nom1,27,31,17,31,25,67,24,75,30,19,39,19,11
Gm1673,0,0,0,0,0,0,0,0,0,0,0,1,3
Ccdc164,10,4,3,6,5,22,6,27,3,0,6,4,5
Lrrc43,0,0,2,0,0,1,0,0,0,0,0,0,0
Tatdn2,95,24,53,114,111,361,88,244,79,78,80,59,26
Efcab4b,1,0,0,1,1,4,0,5,4,0,1,2,0
6430531B16Rik,0,1,4,7,7,10,1,4,4,0,2,0,3
Zbtb2,61,24,47,119,87,291,58,167,53,67,66,67,16
Gpr114,0,0,0,0,0,1,1,0,0,0,0,0,0
Foxr1,0,0,0,0,0,0,0,0,1,1,1,0,0
Cpxcr1,0,0,0,0,0,0,0,0,0,0,0,0,0
A830080D01Rik,30,20,7,21,41,98,24,70,23,15,32,23,13
Odf3l2,0,0,0,0,0,0,0,0,0,0,0,0,0
Atxn7l3b,102,61,45,66,64,189,79,198,92,63,133,62,53
Tmed8,29,19,30,31,22,124,20,89,18,33,41,30,22
Gm1322,0,0,0,0,0,0,0,0,0,0,0,0,0
Fam47e,1,6,5,0,1,4,5,4,0,0,1,1,8
Gm1527,0,0,0,0,0,0,0,0,0,0,0,0,0
Iqgap3,16,3,12,22,12,38,19,35,8,10,6,21,2
BC048644,0,0,0,0,0,0,0,0,0,0,1,0,0
Mfsd2b,1,0,1,0,0,2,0,2,0,0,0,1,0
Rnf207,0,0,0,0,0,0,0,0,0,0,0,0,0
Pusl1,2,1,2,5,12,16,6,10,7,2,5,5,1
Gm1965,0,0,0,0,0,0,0,0,0,0,0,0,0
Mageb4,0,0,0,0,0,0,0,0,0,0,0,0,0
Gpr111,0,0,0,0,0,0,0,2,0,0,0,0,0
Zfp213,10,6,6,5,6,37,9,27,14,3,9,8,9
Gramd2,0,0,0,0,0,1,0,1,0,0,1,0,0
Sh2d1b2,0,0,0,0,0,1,0,0,0,0,0,0,0
Wdr72,19,47,23,33,32,57,16,55,14,0,37,20,26
Kcnk6,611,126,350,357,390,661,244,664,279,377,272,362,61
Usp36,59,20,52,76,88,157,49,121,27,38,39,47,3
AW146154,19,14,8,8,13,31,5,29,10,11,10,19,8
AW554918,33,14,12,18,17,69,11,34,30,20,23,17,24
Ccdc102a,1,2,9,3,4,15,4,18,2,1,0,6,3
Layn,14,18,16,13,14,50,20,34,22,10,37,17,17
Tnfaip8l3,0,0,0,0,1,1,0,0,0,0,0,0,1
Rfx7,79,27,25,79,45,201,65,227,46,58,58,67,25
Pgap3,3,1,1,11,7,16,4,9,1,2,5,3,3
Bex6,0,0,0,0,2,0,0,0,0,0,0,0,0
Gm5113,4,1,0,2,7,14,2,8,2,4,10,4,9
Gm5127,4,6,1,2,8,19,4,9,7,1,4,4,4
Slc47a2,0,0,0,0,0,0,0,0,0,0,0,0,0
Il20rb,8,0,4,10,13,13,2,7,2,4,0,4,5
4922505E12Rik,0,0,0,0,0,0,0,0,0,0,0,0,0
6030429G01Rik,5,0,24,18,14,28,11,26,6,5,6,11,8
Lrrc8b,12,7,10,4,15,15,1,16,8,2,15,13,4
Zdhhc6,33,36,29,39,46,83,27,75,26,9,52,24,34
Acsl6,22,65,52,56,27,135,34,90,21,1,56,28,33
Acsl3,2,17,22,20,22,56,10,59,9,7,21,12,12
Myot,0,0,0,0,0,0,0,0,0,0,0,0,0
2310061I04Rik,10,5,14,9,7,27,8,27,8,7,16,6,1
Ifitm6,21,3,7,6,13,1,1,3,1,3,2,11,9
Slc2a13,0,0,0,0,1,2,0,2,0,2,0,0,0
Zyg11b,266,160,118,236,158,569,152,463,186,196,220,174,120
Crxos1,0,0,0,0,0,0,1,0,0,0,0,0,0
Fbxw10,15,11,15,4,9,33,6,19,4,5,7,12,9
Evi2a,250,152,203,334,385,1349,294,723,253,343,255,219,365
Mef2a,582,257,316,475,553,1706,374,1199,428,458,398,552,190
4931408C20Rik,0,0,0,0,0,0,0,0,0,0,0,0,0
1700071K01Rik,0,0,0,0,0,0,0,0,0,0,0,0,0
4930596D02Rik,0,0,0,0,0,0,0,0,0,0,0,0,0
Gm4951,18,27,18,27,44,0,0,11,5,0,5,6,4
Pin1-ps1,0,0,0,0,2,0,0,0,0,0,0,0,0
B020031M17Rik,0,0,0,0,0,0,0,0,0,0,0,0,0
Gm904,0,0,0,0,0,0,0,0,0,0,0,0,0
Ube2u,0,0,0,1,0,0,0,1,0,0,1,0,0
4933422H20Rik,0,0,0,0,0,0,0,0,0,0,0,0,0
Vrtn,0,0,0,0,0,0,0,0,0,0,0,0,0
Gm5544,1,1,0,1,0,0,0,0,0,0,0,0,0
I830077J02Rik,56,41,46,47,56,165,36,78,30,50,31,32,23
Gm5592,0,0,0,0,0,0,0,0,0,0,0,0,0
Gm5615,0,0,0,0,0,0,0,0,0,0,0,0,0
Akap14,0,0,0,0,2,6,2,1,0,0,0,0,2
4930428E23Rik,0,0,0,0,0,0,0,0,0,0,0,0,0
Gm5820,0,2,0,0,2,0,0,0,0,0,1,0,0
B020004J07Rik,0,0,0,0,0,0,3,0,0,0,0,2,0
Gm12888,0,0,0,0,0,0,0,0,0,0,0,0,0
Ubtfl1,0,0,0,0,0,0,0,0,0,0,0,0,0
Fbxw18,0,0,0,0,0,0,0,0,0,0,0,0,0
Zcchc16,1,5,0,1,0,0,0,5,1,0,0,0,3
4930428D18Rik,0,0,0,0,0,0,0,0,0,0,0,0,0
G630016D24Rik,1,1,1,2,1,4,0,4,2,0,1,0,0
4930567H17Rik,0,0,0,0,0,0,0,0,0,0,0,0,0
Zfp872,0,0,0,0,0,0,0,0,0,0,0,0,0
9130409I23Rik,0,0,0,0,0,0,0,0,0,0,0,0,0
Zfp551,4,3,6,5,8,2,0,6,6,0,5,0,2
Rps27a,8,3,3,8,13,17,4,15,6,2,6,6,5
Smagp,10,11,8,17,23,40,13,38,14,13,3,16,9
Ak8,6,13,6,9,3,12,4,4,4,0,9,5,11
Ctrc,0,0,0,0,0,1,0,0,1,0,0,0,0
Kcnk9,0,0,0,0,0,0,0,0,0,0,0,0,0
Adamts17,0,0,0,1,1,2,0,2,0,0,1,1,0
Vmn2r66,0,0,0,0,0,0,0,0,0,0,0,0,0
Tubal3,0,0,0,0,0,0,0,0,0,0,0,0,0
4930415L06Rik,0,0,0,0,0,0,0,0,0,0,0,0,0
Khdc1c,0,0,0,0,0,0,0,0,0,0,0,0,0
Treml4,4,2,5,3,3,8,2,4,0,0,1,4,2
Thnsl2,6,6,19,9,5,18,5,21,7,4,2,6,8
Calca,0,0,0,0,0,0,0,0,0,0,0,0,0
Ube3a,127,108,78,109,79,350,69,287,119,99,140,111,47
H2-Eb2,0,1,0,0,0,0,0,1,0,0,0,0,0
Ldlrad2,1,0,6,1,2,4,1,1,1,0,2,2,0
Fam92b,0,1,0,3,4,4,0,0,1,0,2,0,1
Hbq1b,0,0,0,0,0,0,0,0,0,0,0,0,0
7420426K07Rik,0,0,0,0,0,0,0,0,0,0,0,0,0
Ncoa4,14,10,9,8,16,39,18,52,16,18,15,29,15
Accn1,3,1,0,1,2,3,2,1,0,0,0,1,0
1700024G13Rik,3,0,0,0,0,0,0,1,0,0,0,0,1
Ccdc160,1,0,0,6,2,1,1,3,0,1,1,0,3
Rufy4,1,0,0,3,0,0,0,0,1,0,0,0,0
BC096441,9,5,24,15,26,33,21,26,18,11,12,17,16
Gm5382,0,0,0,0,0,0,0,0,0,0,0,0,0
Gm13119,0,0,0,0,0,0,0,0,0,0,0,0,0
Gm5800,0,0,0,0,0,0,0,0,0,0,0,0,0
Gm5941,0,0,0,0,0,0,0,0,0,0,0,0,0
Shank1,1,0,2,0,0,1,0,0,1,0,1,0,1
Fam134b,244,116,154,225,219,801,223,566,207,283,255,202,115
4930430D24Rik,0,0,0,0,0,0,0,0,0,0,0,0,0
Armc2,5,19,7,5,5,29,10,18,1,0,9,16,9
Gm4841,4,0,0,0,0,0,0,2,1,0,0,0,0
Gm4858,0,0,0,0,0,0,0,0,0,0,0,0,0
Erich1,10,5,12,8,8,25,5,24,2,1,11,7,4
Tmem136,4,7,3,13,8,19,4,15,3,1,13,5,8
Gm4907,0,0,0,0,0,0,0,0,0,0,0,0,0
Pnldc1,0,0,0,0,0,0,1,0,0,0,0,1,0
Pm20d2,7,6,7,5,7,23,6,14,1,0,10,8,8
Mrgprx2,0,0,0,0,0,0,0,0,0,0,0,0,0
Gm4981,0,0,0,0,0,0,0,0,0,0,0,0,0
Gm749,0,0,0,0,0,0,0,0,0,0,0,0,0
Gm853,1,3,2,0,2,2,1,2,0,0,2,0,0
Shisa6,0,0,0,0,0,0,0,10,0,0,2,0,0
Bpifb4,0,0,0,0,0,0,0,0,0,0,0,0,0
Ccdc24,1,8,10,11,5,20,5,12,3,0,5,4,2
Dnaic2,6,7,6,7,2,26,2,11,3,0,6,3,4
Gm5460,0,0,0,0,0,0,0,0,0,0,0,0,0
Gm5464,0,0,0,0,0,0,0,0,1,0,0,1,0
Gm5465,0,0,0,0,0,0,0,1,0,1,0,0,0
Pnpla1,0,0,0,0,1,0,0,0,0,0,0,1,0
2210404J11Rik,15,11,7,14,17,44,11,46,16,7,16,26,16
Zfp936,0,0,0,0,0,0,0,0,0,0,0,0,0
Foxr2,0,0,0,0,0,0,0,0,0,0,0,0,0
Zfr2,1,0,4,4,2,4,2,3,2,0,0,1,0
Tmem92-ps,0,0,0,0,0,0,0,0,0,0,0,0,0
Ms4a15,0,0,0,0,0,0,0,0,0,0,0,0,0
Gm16432,0,3,0,0,0,0,1,2,1,0,2,0,0
Zfp345,0,0,0,1,0,3,0,0,0,0,0,0,0
Gm5878,0,0,0,0,0,0,0,0,0,0,0,0,0
Gm5887,1,5,1,7,4,9,2,12,1,0,3,6,1
Gm5891,0,0,0,0,0,0,0,0,0,0,0,0,0
Spag11b,0,0,0,0,0,0,0,0,0,0,0,0,0
Trim43a,0,0,0,0,0,0,0,2,0,0,0,0,0
Zc3h12b,2,3,0,5,4,6,0,13,8,5,2,1,4
Gm6034,0,0,0,0,0,0,0,0,0,0,0,0,0
Defb42,0,0,0,0,0,0,0,0,0,0,0,0,0
Sorbs1,49,54,34,62,72,154,27,132,34,25,119,63,31
Golm1,1592,697,1068,1309,1457,3590,1199,3073,1150,1338,1119,960,694
Setd6,13,1,0,6,4,21,5,13,8,9,3,8,3
Xpo1,219,148,93,193,172,569,126,482,175,156,182,187,119
St3gal5,170,144,214,223,193,519,188,509,164,194,195,161,186
Zfp748,50,24,9,19,16,78,28,84,40,35,44,28,42
Trpm3,540,1108,471,909,714,1878,451,1440,204,0,946,707,418
Zcchc18,9,29,23,40,21,67,19,49,11,0,23,15,22
AU040320,80,27,64,73,61,214,50,169,56,50,67,77,24
Akap2,298,210,355,388,568,89,21,126,38,34,119,226,19
Ap2b1,236,141,203,208,218,528,168,447,141,167,237,168,68
Nrbf2,20,11,16,33,27,56,21,49,10,18,32,30,10
Atp2b2,70,95,69,89,59,208,52,193,21,0,107,59,19
B3gnt8,0,0,0,0,1,0,0,0,0,1,0,0,0
Nacc2,65,32,57,72,73,181,59,192,46,50,73,65,11
Cacnb4,8,25,4,14,20,38,11,24,6,0,17,4,22
Musk,0,0,0,0,1,15,0,0,0,0,0,0,1
Ccne2,16,22,6,7,22,27,8,31,7,4,12,15,12
2310033E01Rik,0,0,0,0,0,0,0,0,0,0,0,0,0
Gm4925,0,1,0,0,0,2,0,0,0,0,0,0,0
Gm5647,0,0,0,0,0,0,0,0,0,0,0,0,0
Psg27,0,0,0,0,0,0,0,0,0,0,0,0,0
Tomm40l,19,11,12,29,39,63,22,71,25,10,25,28,27
Defb36,0,0,0,0,0,0,0,0,0,0,0,0,0
Gm5156,0,0,0,0,0,0,0,0,0,0,0,0,0
Alpk2,0,1,0,1,0,0,0,0,0,0,0,0,0
Fam38a,107,55,122,118,140,276,112,279,75,70,77,167,16
Fbxo40,1,1,1,0,1,0,0,1,0,1,0,0,0
Slc41a3,3,5,24,16,15,42,13,30,10,16,15,13,12
Defb28,0,0,0,0,0,0,0,0,0,0,0,0,0
Prok2,0,0,0,0,0,0,0,0,0,0,0,2,0
Plac1l,0,0,0,0,0,0,0,0,0,0,0,0,0
Rusc2,33,8,25,36,37,43,16,45,23,14,18,34,2
Kcnh6,0,0,0,0,0,0,0,0,0,0,0,0,0
Xaf1,43,41,15,58,88,41,12,49,6,36,17,11,29
Gm10439,0,0,0,0,0,0,0,0,0,0,0,0,0
Slc38a6,33,12,27,31,23,84,8,54,18,16,31,23,13
4932415M13Rik,0,0,0,0,0,0,0,0,0,0,0,0,0
Btla,16,5,15,4,2,3,0,8,5,1,2,3,8
Adam15,195,53,367,262,299,589,300,640,203,200,156,315,54
Adcy7,210,76,177,185,196,607,202,594,197,202,152,222,49
Fam117b,251,35,96,95,107,315,115,251,98,100,107,110,25
Arhgap25,178,69,145,208,224,626,175,483,156,172,156,131,62
Fam40b,245,408,226,380,281,554,188,628,90,0,418,199,207
Gpx4,7,27,17,29,37,33,10,31,3,5,12,15,15
1110034B05Rik,12,10,3,8,15,38,14,28,15,11,7,12,10
4921506M07Rik,0,0,0,0,0,0,0,0,0,0,0,0,0
Timm8a2,0,0,0,1,0,0,0,0,0,0,0,0,0
Zfp791,4,1,5,4,4,8,2,11,5,2,4,0,7
Prps1l3,66,55,30,39,56,143,40,114,44,41,60,42,48
Card9,33,9,63,60,83,172,64,154,44,48,33,57,20
LOC380994,0,0,0,0,0,0,0,0,0,0,0,0,0
Slc22a14,0,0,0,0,0,0,0,0,0,0,0,0,0
Defb48,0,0,0,0,0,0,0,1,0,0,0,0,0
Defb45,0,0,0,0,0,0,0,0,0,0,0,0,0
Brms1l,23,10,18,12,29,35,19,42,13,9,13,10,19
ORF19,18,12,26,18,34,60,18,62,24,22,37,21,8
Btrc,59,29,21,47,48,111,33,85,28,31,46,37,34
Sgk3,132,153,84,143,145,362,112,323,108,108,145,94,191
Capzb,312,209,323,342,405,785,272,709,219,216,252,248,186
Zdhhc12,4,1,14,5,2,6,6,5,4,1,5,5,4
Cdh3,20,29,35,39,12,66,25,51,12,0,41,22,11
Krtap5-5,0,0,0,0,0,0,0,0,0,0,0,0,0
Cml3,1,1,1,0,1,4,0,2,1,0,3,0,2
Cnot2,172,114,120,165,228,620,163,451,175,180,196,141,161
Csf1r,9300,2727,8683,7216,8013,23588,8887,21307,7863,8957,6973,7674,2327
Atp11c,165,297,140,214,216,549,133,404,140,71,241,170,133
Col28a1,0,0,0,0,0,0,0,0,1,1,2,0,0
Tcf25,191,77,173,277,354,604,177,458,171,154,157,167,80
Nell1,0,0,0,0,0,0,0,0,0,0,0,0,0
Ripply2,0,0,0,0,0,0,0,0,0,0,0,0,0
C130026I21Rik,0,1,1,0,0,1,0,1,0,1,0,0,0
Ccdc107,29,27,20,26,36,72,19,37,10,12,17,13,30
Gm6320,0,0,0,0,0,0,0,0,0,0,0,0,0
Ripply1,0,0,0,0,0,0,0,0,0,0,0,0,0
Ccdc17,4,4,5,12,11,23,8,18,5,2,13,7,10
Gm6377,40,43,7,82,28,42,7,29,12,7,19,15,13
Lipt1,4,3,6,0,4,5,3,3,2,0,2,0,0
Gm6460,0,0,0,0,0,0,0,0,0,0,0,0,0
Gm6531,0,0,0,0,0,0,0,0,0,0,0,0,0
Lekr1,8,9,3,6,5,6,8,11,3,1,4,6,11
BC147527,14,3,2,11,3,7,5,5,2,10,3,3,4
Gm13051,0,0,0,0,0,0,0,0,0,0,0,0,0
Wdr93,0,4,1,0,1,5,0,4,0,0,1,0,3
Gm11992,8,12,7,10,7,29,4,26,2,1,15,5,10
Gm14092,1,0,0,1,0,0,0,0,0,1,1,0,0
Gm6878,0,0,0,0,0,0,0,0,0,0,0,0,0
Gm11437,0,0,0,0,0,0,0,0,0,0,0,0,0
Defb23,0,0,0,0,0,0,0,0,0,0,0,1,0
Deptor,18,30,5,21,23,68,15,54,13,5,28,16,6
Dhrs4,13,13,13,10,9,22,9,27,5,11,15,9,18
Dyrk1b,4,1,9,7,3,27,10,23,3,4,10,7,3
Edil3,0,0,0,0,0,16,1,3,1,2,9,3,3
Fert2,57,53,49,60,41,146,29,107,33,31,40,38,38
Dbi,55,214,88,154,152,425,99,313,62,25,153,62,356
Kat2a,37,14,46,38,59,125,44,102,49,34,34,39,6
Gnpda2,35,45,29,25,27,71,24,79,24,20,28,18,38
Grk6,29,15,44,41,39,66,34,85,28,33,34,48,18
Anapc11,11,17,14,13,28,57,13,41,7,11,8,8,36
Banf1,14,21,28,29,34,61,26,54,21,20,30,13,40
Arsi,0,3,0,0,0,0,0,0,0,0,0,0,0
Gm6084,0,0,0,0,0,0,0,0,0,0,0,0,0
Usp14,113,68,62,89,115,271,75,179,64,84,101,61,67
Glrx2,17,24,16,28,21,71,15,46,13,13,36,19,29
Marveld2,14,5,9,18,21,26,8,13,3,6,9,12,2
Clec5a,148,91,108,149,148,432,116,340,153,212,160,129,125
Kcnh1,32,84,46,68,49,135,46,93,19,0,95,29,19
Txnl4a,80,45,90,91,84,233,64,168,37,46,56,50,48
Mapt,3,0,4,0,0,11,0,8,0,1,10,2,1
Dach1,6,2,7,3,5,4,3,11,0,5,7,2,0
Dmrtc1a,0,1,0,0,0,0,0,1,0,0,0,0,3
Dnm3,8,1,9,5,6,16,5,17,3,1,13,12,8
Rabgap1l,85,186,70,101,95,147,45,156,30,0,108,49,62
Ric3,70,87,31,71,63,163,34,125,27,20,69,34,28
Sertad2,111,42,39,107,140,232,47,163,59,72,63,66,26
Smurf1,123,43,102,110,107,299,110,246,96,88,87,92,16
Gng2,168,93,121,166,170,389,160,371,152,133,150,129,120
2210009G21Rik,19,2,4,11,7,34,10,26,13,10,16,5,5
Ets1,306,72,174,276,237,549,147,448,136,192,209,206,80
Zfp953,17,12,5,14,16,56,22,44,14,13,23,13,12
Slc16a3,20,10,27,28,30,84,40,46,22,26,7,22,14
Gng7,3,3,3,4,1,11,4,8,1,2,1,1,1
Faim2,0,0,0,0,0,1,0,1,0,0,0,0,2
Slc7a15,0,0,0,0,0,1,0,1,0,0,0,0,0
Gngt2,54,34,42,44,76,173,77,175,61,69,40,50,76
Gm4745,0,0,0,0,0,0,0,0,0,0,0,0,0
Kdm3a,194,62,74,160,189,692,149,496,158,188,189,161,83
Rnpc3,32,15,19,34,37,70,26,73,19,20,22,29,11
Gm5635,0,0,0,0,0,0,0,0,0,0,0,0,0
Elavl4,6,5,5,3,2,41,3,27,10,6,10,8,5
Gabrb3,1,1,4,1,0,3,0,3,1,0,0,0,0
Gpr146,74,70,108,74,94,164,65,161,47,56,75,68,35
Tmod2,6,3,15,19,15,37,6,30,5,0,17,9,2
Rnf38,154,79,79,133,129,427,100,319,94,99,113,117,38
Gm4787,0,2,0,2,1,4,3,1,1,1,1,0,0
Try10,0,0,0,0,0,0,0,0,0,0,0,0,0
Gm5771,0,0,0,0,0,0,0,0,0,0,0,0,0
Ccdc23,11,5,11,12,20,36,9,29,8,17,9,6,19
Atp8a1,456,178,198,327,376,1312,350,971,405,411,457,353,240
Kif5a,0,0,2,2,1,9,0,8,1,0,0,0,1
Nhlrc4,0,0,0,0,0,5,0,0,0,0,0,0,0
Kctd21,25,10,10,20,10,54,27,61,31,19,25,27,7
Klk13,0,0,0,0,0,0,0,0,0,0,0,0,0
Pigc,16,8,14,12,20,65,18,63,14,25,28,17,19
Trim58,0,0,0,0,0,0,0,0,0,0,0,0,0
Trim63,0,0,0,0,0,0,0,0,0,0,0,0,0
Cox8c,0,0,0,0,0,0,0,0,0,0,0,0,0
Pkib,20,21,11,22,23,52,11,24,9,14,18,12,15
Kcnj15,0,0,0,0,0,0,0,0,0,0,1,2,0
Klhl15,5,2,7,1,7,11,1,7,1,8,9,2,2
Ldb3,1,1,1,1,0,2,0,3,1,0,5,0,1
Prkcz,1,5,3,4,5,22,12,15,1,0,5,8,5
Mier1,173,111,79,155,145,351,94,274,125,123,131,114,65
Rapgef1,132,48,136,205,189,446,144,357,108,123,143,172,20
Seh1l,63,62,57,95,96,223,66,164,59,67,89,72,62
Sel1l,264,115,162,221,181,587,159,569,195,168,283,175,102
Tom1l2,63,31,50,75,72,176,61,133,51,39,90,62,16
Negr1,6,9,6,9,7,30,7,19,3,0,18,0,6
Glt6d1,0,0,0,0,0,0,0,0,0,0,0,0,0
Trpm1,0,0,0,0,0,0,0,0,0,0,0,0,0
Acsbg2,0,0,0,0,0,0,0,0,0,0,0,0,0
Zkscan4,10,4,8,1,7,28,7,26,6,9,8,5,4
Dmrtc1b,0,0,0,0,0,0,0,0,0,0,0,0,0
Klra33,2,0,0,0,2,0,2,0,1,1,0,0,6
EG654453,0,0,0,0,0,0,0,0,0,0,0,0,0
Defb26,0,0,0,0,0,0,0,0,0,0,0,0,0
Defb43,0,0,0,0,0,0,0,0,0,0,0,0,0
Defb25,0,1,0,0,1,0,0,0,0,0,0,0,0
Defb18,0,0,0,0,0,0,0,0,0,0,0,0,0
Kncn,0,0,0,0,1,2,2,1,0,1,0,0,0
Defb47,0,0,0,0,0,0,0,0,0,0,0,0,0
Asb1,21,17,18,40,49,90,18,71,14,21,25,26,15
Tas2r122,0,0,0,0,0,0,0,0,0,0,0,0,0
Hnrnpa1,64,36,40,70,81,144,27,117,35,36,46,26,43
Scoc,264,152,167,150,211,799,224,598,286,291,282,222,290
Camk2g,56,26,50,43,73,185,59,138,47,45,63,64,28
Nlrp5,0,0,0,0,0,0,0,0,0,0,0,0,0
Morf4l1,13,17,18,40,42,48,21,57,22,18,23,27,20
Tctn1,34,8,68,22,55,89,38,71,22,30,21,44,20
Cdh8,0,0,0,0,0,0,0,0,0,0,0,0,0
Triobp,11,3,21,25,20,60,15,42,13,11,15,13,6
Ube2j2,5,13,16,24,28,46,18,27,13,13,8,18,15
Gvin1,5,10,2,16,26,25,3,15,4,11,3,7,3
Clip2,37,25,42,54,68,241,88,186,46,65,35,78,17
Rbfox3,1,0,0,0,1,1,0,0,0,0,0,0,0
Eif4e2,57,25,30,55,66,122,50,107,36,41,41,42,38
Dok6,0,0,0,0,0,0,0,1,2,0,0,0,0
Elovl1,77,37,66,57,77,181,68,159,47,79,65,62,36
Bicd2,127,59,103,124,157,386,137,329,112,134,129,97,34
Npr3,39,91,38,87,67,154,41,162,28,0,104,40,51
Cep350,234,118,76,190,157,681,163,566,233,195,204,187,50
Ceacam1,67,35,75,64,52,158,48,145,62,51,78,52,28
Gmfg,9,5,7,2,4,24,5,21,9,4,1,6,2
Zfhx2,16,3,16,15,15,33,23,38,10,2,10,11,0
C230096C10Rik,57,18,38,58,54,107,46,108,40,38,62,50,23
Hdhd2,38,50,32,45,40,127,33,96,39,23,40,28,50
Gm13152,1,4,1,0,8,11,2,13,3,3,9,3,3
Mex3c,134,55,107,152,191,412,102,250,105,119,107,109,17
Spink14,0,0,0,0,0,0,0,0,0,0,0,0,0
Gm6086,0,0,0,0,0,0,0,0,0,0,0,0,0
AI429214,1,1,2,2,1,5,2,6,3,4,3,5,2
Gm6289,0,0,0,0,0,0,0,0,0,0,0,0,0
Gm14137,0,3,1,0,0,4,1,2,1,1,0,2,1
Gm6583,11,2,2,3,9,22,1,13,9,8,5,17,5
Zfp951,26,9,22,7,25,54,15,26,11,16,10,14,9
Dcpp2,0,0,0,1,0,0,0,0,0,0,0,0,0
Zfp808,3,4,7,8,3,16,3,22,6,11,6,13,4
Gm7073,0,0,0,0,0,0,0,0,0,0,0,0,0
Gm7092,0,0,0,0,0,0,0,1,0,0,0,0,0
Kcnd3,5,14,8,7,5,18,11,15,2,0,9,8,5
Nolc1,79,27,66,85,143,165,47,166,50,56,55,47,14
Mobp,0,0,0,0,2,13,0,7,1,4,5,1,2
Polr2k,3,0,1,4,1,4,0,2,2,0,4,2,1
Slc22a15,5,4,4,5,7,9,4,8,3,2,5,4,4
Pde4dip,59,41,40,87,52,222,50,159,47,42,80,75,20
Vgf,0,0,0,0,0,0,1,2,0,0,0,0,0
Nelf,33,12,27,25,37,70,26,79,15,10,23,27,5
Wdr37,133,76,83,98,119,316,84,236,85,99,118,87,84
Pkig,26,15,38,16,31,79,29,82,18,35,20,40,56
Tmsb10,17,3,11,19,32,23,5,22,10,14,8,8,14
Rab43,88,29,85,152,152,371,115,287,85,105,79,111,20
Kif21b,260,88,216,341,280,1499,396,985,316,296,285,436,25
Tcerg1,100,54,37,90,110,284,56,188,75,72,80,68,20
Slco6b1,0,0,0,0,0,0,0,0,0,0,0,0,0
Klhl20,25,1,10,23,13,61,25,46,16,26,32,17,18
Tmco1,138,112,106,128,135,336,130,268,116,110,103,91,164
Kcnj10,8,4,5,1,0,84,10,41,7,10,6,0,2
Fam38b,0,0,1,1,1,6,1,5,0,0,1,3,0
4933421E11Rik,71,34,36,31,55,169,40,89,50,42,37,45,30
Plekhm3,82,20,18,58,72,238,58,164,66,65,81,81,42
1700019N12Rik,0,3,0,0,1,2,2,1,0,0,0,2,5
Ccdc108,32,36,29,25,26,78,25,80,7,1,26,47,11
Wfdc10,0,0,0,0,0,0,0,0,0,0,0,0,0
Krtap1-4,0,0,0,0,0,0,0,0,0,0,0,0,0
Pnkd,2,7,10,1,9,18,6,13,4,2,11,1,7
Dhps,18,12,13,25,21,49,15,34,11,11,18,13,11
Arl4a,73,142,72,83,114,214,57,186,36,21,131,53,110
Gtf2a2,57,18,14,47,49,72,23,52,31,27,21,27,34
Dnm2,213,74,222,236,266,640,211,564,222,211,197,202,40
Rrn3,55,54,46,69,68,126,48,95,44,49,86,42,30
Leo1,28,27,39,16,34,65,20,58,9,9,26,13,14
Parp14,496,290,276,369,624,316,78,276,97,126,107,149,37
Zfp784,6,3,6,4,5,29,4,13,4,0,5,2,3
Pdxdc1,99,85,87,111,122,279,88,222,79,78,122,67,75
Pstk,20,5,17,6,8,35,5,21,13,6,21,14,11
Pigl,2,0,7,3,7,12,7,11,6,5,8,3,2
Mlf1,12,50,19,33,24,56,31,48,1,1,33,8,39
Mup3,0,0,0,0,0,0,0,0,0,0,0,0,0
Myh2,0,1,0,0,0,0,0,0,0,0,0,0,0
Myo6,107,75,59,101,82,233,49,150,33,33,113,59,42
Cnnm3,37,9,33,29,31,94,49,110,23,32,39,32,1
4930467E23Rik,0,0,0,0,0,0,0,0,0,0,0,0,0
Angptl7,9,3,5,8,13,15,9,11,7,20,9,19,10
Cyp2c68,0,0,0,0,0,0,0,0,0,0,0,0,0
Rad54b,3,2,3,3,1,7,0,10,0,1,12,4,5
4922505G16Rik,1,0,1,0,0,0,0,1,0,0,0,0,1
C030030A07Rik,0,0,0,0,0,3,1,0,0,0,0,5,1
Gcnt7,0,0,2,1,0,5,2,2,2,0,0,3,0
Ankrd37,0,0,1,0,1,6,2,5,2,0,2,0,9
Defb30,0,0,0,0,0,0,0,1,0,0,0,0,2
Evi5l,9,2,22,3,11,22,3,15,5,10,10,8,0
Abca3,90,32,90,77,110,315,116,247,77,96,112,118,21
Glyctk,1,0,0,1,0,5,2,1,1,0,0,0,1
1700015E13Rik,2,0,4,0,0,5,0,2,3,2,1,1,0
Lce3a,0,0,0,0,0,0,0,0,0,0,0,0,0
Gm13043,0,0,0,0,0,0,0,0,0,0,0,0,0
Edem3,109,60,61,80,88,265,80,229,80,85,116,75,49
Asphd1,0,0,0,0,0,0,1,0,0,0,0,0,0
Gbp10,3,7,3,15,23,1,0,0,0,0,0,9,2
Gbp11,5,3,0,3,6,0,0,0,0,0,0,1,0
Oprm1,0,3,3,0,3,5,0,2,1,0,1,1,0
Lhx3,0,0,0,0,0,0,0,0,0,0,0,0,0
Mtl5,0,0,0,0,0,0,0,0,0,0,0,1,1
Krt40,0,0,0,0,0,0,0,0,0,0,0,0,0
Iffo1,67,23,61,68,115,372,109,225,95,77,66,82,17
Slc39a2,2,0,1,0,1,6,0,3,1,2,1,1,0
Slc30a2,0,0,0,0,0,0,0,0,0,0,0,0,0
Prhoxnb,0,0,0,0,0,0,0,0,0,0,0,0,0
Mks1,22,6,11,19,14,31,11,42,8,8,11,9,11
Rhox4a,0,0,0,0,0,0,0,0,0,0,0,0,0
Rhox4c,0,0,0,0,0,0,0,0,0,0,0,0,0
Arhgap12,264,177,124,203,229,662,205,555,225,263,266,229,138
Rhox4d,0,0,0,0,0,0,0,0,0,0,0,0,0
Rhox4f,0,0,0,0,0,0,0,0,0,0,0,0,0
Rhox4g,0,0,0,0,0,0,0,0,0,0,0,0,0
Pkd1l3,22,19,18,32,38,71,14,62,19,25,22,17,18
Il1rn,217,183,170,223,238,11,7,16,4,4,5,32,3
Coq10b,75,54,53,131,144,340,70,160,57,68,43,55,76
9030619P08Rik,0,0,0,0,0,0,0,0,0,0,0,0,0
Tmem120b,5,6,10,9,6,13,3,6,2,4,10,6,5
Fdx1l,9,0,7,6,5,8,4,14,8,3,2,6,8
Strn4,49,26,60,71,100,188,82,150,55,55,48,71,14
Smok3b,0,0,0,0,0,0,0,0,0,0,0,0,0
Mtap2,7,19,5,16,14,57,2,40,4,0,14,14,19
Asxl1,245,57,87,151,168,471,130,372,118,121,132,148,36
Cypt8,0,0,0,0,0,0,0,0,0,0,0,0,0
Cypt9,0,0,0,0,0,0,0,0,0,0,0,0,0
Cypt7,0,0,0,0,0,0,0,0,0,0,0,0,0
Cypt10,0,0,0,0,0,0,0,0,0,0,0,0,0
Zfp869,127,86,108,166,190,458,90,243,103,132,136,116,102
Sco1,12,9,7,11,13,19,5,31,10,3,23,14,9
Gm15386,0,0,0,0,0,0,0,0,0,0,0,0,0
Gm14316,0,0,0,0,0,0,0,0,0,0,0,0,0
Nynrin,22,17,25,28,13,69,31,88,10,8,43,26,4
Sytl2,10,33,25,24,17,70,22,47,14,1,40,22,22
Rhox3f,0,0,0,0,0,0,0,0,0,0,0,0,0
Aak1,134,87,72,139,93,481,123,330,122,117,195,147,42
Arap1,165,57,189,253,263,443,203,410,122,157,104,199,25
Pdzd9,4,19,2,3,4,18,1,11,1,2,4,1,6
Ddx17,523,314,326,489,672,1542,431,1257,425,396,546,497,267
1110020G09Rik,67,40,21,60,33,143,40,96,35,44,49,40,34
2810407C02Rik,392,327,218,404,323,873,250,711,262,236,354,223,309
Filip1l,208,93,104,178,223,301,60,253,101,125,96,124,37
Larp1b,11,17,14,19,8,38,10,40,8,1,15,6,10
Tet2,180,98,90,154,143,418,80,277,91,89,95,125,48
Flot2,19,15,17,25,41,54,31,38,12,16,26,32,14
Thsd4,2,0,3,5,2,4,0,6,1,1,9,3,0
Rgag1,2,0,0,0,0,0,0,0,0,1,0,0,0
Tacc3,16,7,10,12,15,20,10,25,11,7,4,11,5
Shroom4,23,19,9,21,24,21,4,30,10,5,33,28,3
Dear1,1,0,1,3,3,4,1,5,5,1,5,2,1
Peg10,229,75,87,241,281,446,110,396,135,245,123,165,15
Gm5169,0,0,0,0,0,0,0,0,0,0,1,0,0
Clmn,51,97,38,78,53,278,69,227,49,4,125,90,14
Med15,55,13,54,44,57,156,57,137,45,42,40,53,6
Hsd3b7,42,30,46,51,83,116,37,84,25,20,37,37,29
Zfp692,23,4,11,13,19,47,26,29,12,4,5,22,3
Rspo4,0,0,0,0,0,0,0,0,0,0,0,0,0
Rap1gds1,434,179,264,364,288,1115,331,928,363,351,382,276,138
Ung,1,0,0,6,4,2,3,0,1,0,0,0,1
Slc6a18,0,0,0,0,0,0,0,0,0,0,0,0,0
Uevld,12,9,6,10,14,40,13,16,10,9,13,17,3
Nlrp1b,69,27,35,50,46,266,44,151,60,49,52,90,11
Mtmr7,7,10,11,11,6,28,10,14,7,7,8,11,6
BC051019,0,1,0,1,1,6,1,3,0,0,0,3,0
Pex10,8,2,1,9,11,22,6,17,4,6,1,4,0
Lepre1,7,10,10,9,9,35,8,27,10,6,23,12,2
Kntc1,0,3,3,1,6,6,0,7,2,2,1,1,1
Zhx1,101,118,89,156,117,314,76,288,79,86,173,56,74
Snca,0,0,1,0,0,3,0,0,0,0,4,0,2
Golga7,41,41,51,48,60,121,41,89,32,40,55,28,47
Tmem183a,78,62,61,83,103,191,67,165,61,48,62,57,62
Hvcn1,186,69,271,187,251,531,185,468,161,161,124,174,86
Rabl3,13,5,7,3,8,25,6,8,3,2,6,10,8
Fam133b,30,34,31,45,60,128,30,96,44,46,37,39,28
Pitx2,0,0,0,0,0,0,0,1,0,0,0,0,0
Trim71,0,0,0,0,0,0,0,0,0,0,0,0,0
Txnrd1,265,105,189,282,433,382,93,228,88,74,68,130,36
Blm,12,3,2,8,10,35,12,15,8,8,8,5,5
Cacna1b,0,0,0,0,0,1,0,0,0,0,1,0,0
Capg,21,8,34,16,51,51,23,68,13,21,12,23,18
Akap4,0,0,0,0,0,0,0,0,0,0,0,0,0
Rpf2,7,27,4,10,18,31,17,34,9,20,8,8,18
Apaf1,144,56,69,84,162,150,37,124,39,44,55,66,21
Cd63,68,111,57,102,91,176,66,188,39,52,69,37,165
Arrdc3,354,214,260,669,604,1759,265,1135,362,309,382,404,286
Arrdc4,68,24,31,53,61,194,39,158,60,73,52,47,20
Hbs1l,55,43,49,69,70,139,57,108,28,44,64,43,42
Cd74,358,99,571,466,452,922,501,904,328,116,208,418,287
Sstr2,0,0,0,0,0,0,0,0,0,0,0,0,0
Ryk,41,24,44,55,58,108,26,88,30,26,49,24,17
Nlrp9c,0,0,0,0,0,0,0,0,0,0,0,0,0
Lcn5,0,0,0,0,0,0,0,0,0,0,0,0,0
Oip5,0,0,0,0,0,0,0,0,0,1,0,0,1
Tbc1d17,38,16,56,33,57,100,55,124,39,29,27,44,16
Fzd5,11,8,13,21,15,46,17,37,8,8,9,19,0
Smad7,231,64,166,211,225,779,181,537,172,187,146,231,35
Gm9897,2,1,0,0,0,2,1,6,0,3,1,0,2
Gpcpd1,243,158,127,237,253,684,129,432,151,168,223,269,178
Rbpms,11,2,8,4,18,22,11,17,5,5,7,9,1
4831426I19Rik,9,7,11,9,14,23,5,19,6,3,5,7,5
Ilf3,88,47,57,91,102,296,70,197,67,62,61,76,29
Prss57,0,0,2,0,2,0,0,2,0,0,1,0,1
Amy2a5,0,0,0,0,0,0,0,0,0,0,0,0,0
Ankdd1b,2,2,0,0,1,9,4,9,1,2,0,4,0
Ccdc135,61,122,77,117,94,215,76,203,30,1,140,96,100
Ddhd1,32,19,27,25,29,117,35,89,23,15,46,37,15
Pcdh8,0,0,0,3,0,0,0,0,0,0,0,0,0
Rarg,1,0,7,8,9,24,8,32,15,7,13,12,1
Mast2,48,14,37,46,43,171,41,124,50,47,45,59,14
Neo1,30,26,32,41,26,102,22,120,24,29,55,34,13
Slc22a18,2,5,1,2,2,5,1,6,1,0,4,2,2
Sema3b,25,40,72,56,55,110,41,95,14,1,56,35,25
Cd22,16,9,7,9,7,26,18,13,4,10,4,3,5
Fmn1,29,25,17,35,26,74,21,75,21,12,37,20,6
Eml1,21,22,19,35,24,45,14,43,9,5,41,24,13
Rorb,0,0,0,0,0,0,0,0,0,0,0,0,1
Cacna1i,0,0,0,0,0,1,0,0,0,0,0,0,0
Rad17,34,24,28,44,28,109,32,88,33,35,37,17,42
Hhipl1,0,0,0,0,0,0,0,0,0,0,0,0,0
Prok1,0,0,1,0,0,0,0,0,0,0,0,0,0
Timp1,14,6,18,8,21,1,0,2,0,0,0,5,1
Zfx,135,105,95,183,172,414,100,297,120,137,142,101,91
Clpx,71,57,44,76,83,170,54,163,51,53,67,39,41
Zscan21,27,15,22,31,25,97,17,64,23,21,17,15,29
Abcc9,7,7,0,15,23,14,3,17,2,2,32,6,3
Slc7a2,5,6,5,5,12,14,4,17,4,1,19,6,2
Cacnb3,4,1,1,2,4,1,0,1,1,0,0,0,0
Gcdh,19,33,28,42,29,65,28,48,14,22,34,21,21
Zfp68,79,64,48,79,102,214,68,201,63,111,75,59,77
Banf2,0,0,0,0,0,0,0,0,0,0,0,0,0
Hsd11b1,1,0,4,0,0,0,0,1,0,1,0,0,1
Ifi203,114,82,33,51,99,43,9,40,22,6,16,23,8
Rbak,20,12,10,6,6,72,14,35,25,22,21,14,6
Mef2b,0,0,0,0,0,0,0,0,0,0,0,0,0
Zfp180,43,16,25,38,35,123,20,80,36,37,35,38,29
Mfge8,46,63,135,96,126,147,51,168,28,12,104,73,38
Raph1,27,19,23,18,22,67,16,44,14,18,28,15,7
Akna,261,38,192,235,216,637,200,525,177,168,156,243,19
Synj1,256,107,124,205,186,494,132,410,144,173,172,164,33
Proca1,1,0,1,5,0,0,0,1,0,0,0,4,2
Fam83b,0,0,0,0,0,0,0,0,0,0,0,0,0
Clint1,196,95,139,280,251,585,144,434,133,135,156,181,111
Prss38,0,0,0,0,0,0,0,0,0,0,0,0,0
Bahd1,19,12,33,33,39,99,37,87,25,20,23,28,4
AK129341,12,40,8,9,19,45,7,43,6,0,28,16,15
Cyb5d1,6,2,2,3,5,7,2,9,6,0,4,4,3
A430084P05Rik,5,6,7,4,5,17,13,10,4,1,3,3,13
Hsf5,0,0,0,0,0,0,0,1,0,0,0,0,0
Fkbp15,232,101,185,179,181,617,168,585,174,205,162,187,59
Morc3,238,114,100,146,198,689,179,508,185,200,169,180,161
Ccnjl,0,0,0,0,0,1,0,2,1,0,0,0,1
Spata22,0,0,0,0,0,1,0,0,0,0,0,0,0
Prl2c1,0,0,0,0,0,0,0,0,0,0,0,0,0
4-Mar,0,0,0,0,0,6,0,1,1,0,0,0,0
Serpinb6e,0,0,0,0,0,0,0,2,0,0,0,0,0
Zzef1,123,53,56,83,106,378,105,282,89,88,110,166,24
Xlr5a,0,0,0,0,0,0,0,0,0,0,0,0,0
Gm12185,32,15,18,24,29,27,11,21,9,13,12,11,5
Gm12253,0,0,0,0,0,0,0,0,0,0,0,0,0
Gm11435,1,0,0,1,1,1,0,1,0,0,0,2,0
Vmn1r204,0,0,0,0,0,0,0,0,0,0,0,0,0
Zfp868,38,31,33,59,66,126,27,72,30,30,30,21,40
Wfdc15b,0,0,0,0,0,0,0,0,0,0,0,0,0
Tulp2,2,4,0,0,0,5,3,1,0,1,0,1,1
Pick1,16,7,7,10,8,33,14,35,9,12,9,9,11
Zfp952,27,25,17,12,27,69,13,47,22,21,21,26,19
Rdbp,15,11,18,18,26,41,25,42,17,19,10,13,19
Mink1,70,23,47,96,82,250,67,187,71,57,51,90,7
Net1,22,26,32,28,50,63,15,46,29,42,86,32,41
Dph3,16,18,26,44,20,63,18,39,16,17,28,23,34
Pard6a,0,3,7,2,3,5,5,7,0,2,7,0,1
Ttc21b,9,22,25,28,10,52,17,48,7,9,11,10,13
Dusp16,161,104,139,308,302,475,71,222,43,73,81,99,17
Rpl38,2,1,0,1,2,4,0,0,2,0,1,0,0
5133401N09Rik,9,11,11,21,15,43,12,30,9,19,10,11,14
Hnrnpab,205,129,189,337,340,631,189,471,146,185,180,160,85
Mon1b,40,16,37,40,29,79,34,85,23,44,33,28,14
Syce1l,1,1,0,3,1,3,0,4,0,0,2,0,0
Zgpat,29,19,14,45,38,109,46,88,26,24,27,35,10
Mtap6,0,0,0,0,0,1,0,2,1,0,1,0,0
Nfyc,9,12,11,16,29,60,14,43,17,8,10,19,11
Adam28,0,0,0,0,0,0,0,0,0,0,0,0,0
Cerkl,3,2,2,7,4,9,2,3,0,0,1,0,6
Jak2,246,151,122,185,225,301,66,256,101,95,112,133,42
Ccl27a,2,4,4,2,5,3,1,1,0,1,2,2,0
Agbl4,1,4,1,4,7,7,2,4,0,0,2,1,2
Agbl5,14,16,20,44,23,78,37,67,26,17,22,23,24
Zfp455,30,3,2,1,12,18,6,21,12,7,3,7,6
Traf3,49,32,34,55,56,166,54,136,25,37,47,39,8
Gypc,2,2,4,3,3,2,0,1,0,0,5,0,0
Spink11,0,0,0,0,0,0,0,0,0,0,0,0,0
Nlrp9a,0,0,0,0,0,0,0,0,0,0,0,0,0
Dbndd2,14,5,12,9,9,36,13,44,10,28,17,8,8
2810008M24Rik,83,66,41,79,65,189,76,162,65,59,70,54,97
Tnpo1,168,162,101,160,150,489,120,405,164,158,184,135,132
Usp33,135,132,83,161,139,413,120,376,137,112,197,107,127
Gm9733,0,2,0,3,0,0,0,0,0,0,0,1,1
1810012P15Rik,14,5,14,9,6,22,10,18,2,8,5,16,7
Serpinb6d,0,0,0,0,0,0,0,0,0,0,0,0,0
Zfp874b,2,4,10,14,11,19,8,20,5,18,8,5,2
Fcgr2b,410,211,275,261,487,673,278,626,278,315,228,227,291
Abi1,282,162,177,322,299,725,211,626,229,272,228,183,171
Hs6st2,37,100,57,68,47,130,34,117,22,0,70,45,47
BC003331,121,108,78,151,125,298,91,237,86,82,107,69,77
Ap2a1,38,23,68,46,60,130,57,168,30,45,41,65,8
Hnrnpd,167,77,88,217,188,473,139,335,121,136,124,150,37
Plin5,0,3,0,2,0,1,0,0,0,0,1,0,1
Gsta3,0,0,0,0,0,0,0,1,0,0,2,0,0
C77370,1,2,0,0,2,4,1,3,1,3,2,0,2
Git2,301,77,248,313,286,880,256,698,243,238,235,305,87
Fhl1,23,24,13,17,17,86,13,49,17,4,30,18,30
Ptbp1,209,101,269,385,428,693,215,560,133,169,141,229,76
Ldb2,13,1,10,17,14,17,4,30,1,7,14,9,8
Nrp2,101,27,42,88,109,222,55,203,57,58,72,85,13
Gimap8,5,6,5,2,8,9,2,11,6,3,11,5,6
Gba,101,67,91,105,132,310,108,249,86,117,88,74,116
Sbpl,0,0,0,14,0,8,0,25,0,0,0,0,0
A4gnt,0,0,0,0,0,0,0,0,0,0,0,0,0
Cntnap5a,0,0,0,0,0,0,0,0,0,0,0,0,0
Pik3r1,1057,305,411,853,697,1650,382,1229,428,557,427,565,139
Scn8a,0,0,0,0,0,0,0,1,0,0,0,0,0
Tnfrsf9,15,2,13,12,5,0,0,0,3,0,1,1,0
Gnas,573,580,935,1117,1000,2463,872,2026,442,395,868,835,391
Slc1a2,1,4,0,34,0,51,2,81,1,1,32,0,4
Nme2,11,24,35,29,45,56,16,47,25,8,26,18,48
Tsks,0,0,0,0,0,0,0,1,0,0,0,0,0
Shroom3,7,13,11,4,5,19,6,23,4,0,5,10,3
2010321M09Rik,27,24,22,31,38,85,34,105,25,28,27,31,33
Dcpp3,0,0,0,3,0,0,0,1,0,0,0,0,0
Pigw,9,1,5,2,4,13,4,8,5,0,10,6,13
Prmt2,21,10,43,17,36,56,27,54,18,14,21,14,26
Urgcp,41,29,74,48,69,139,47,140,44,50,43,41,28
4930578N16Rik,5,12,5,9,7,13,6,22,3,7,4,9,2
Ncoa2,152,44,67,91,119,485,104,379,119,127,145,119,45
Hdac5,46,14,65,86,91,183,79,163,48,58,42,72,14
Fmnl1,217,46,255,225,258,926,315,790,277,269,212,334,27
Shprh,40,24,21,31,19,114,33,103,34,40,56,34,26
Stag2,364,288,146,364,348,945,254,793,341,310,331,224,294
Acn9,4,6,0,3,6,15,4,10,3,1,5,1,10
Srsf1,188,184,116,128,186,465,133,392,117,130,207,121,153
4921515J06Rik,2,3,0,0,1,2,1,2,0,1,0,0,0
Tmem134,14,16,20,47,32,56,13,38,12,14,7,17,25
Zbtb33,87,52,35,65,75,177,41,133,60,41,55,36,31
Syne1,90,124,46,94,117,320,61,206,57,18,178,105,20
Slc12a1,0,2,0,0,0,0,0,2,0,0,3,3,0
Srsf5,260,114,169,319,499,627,159,439,140,196,171,216,135
Glyr1,205,84,174,220,194,621,146,467,182,181,181,157,88
Tcf7l1,3,2,14,1,2,11,1,8,5,0,0,3,0
Hnrnph3,71,28,23,42,53,169,46,122,48,57,53,38,34
Trim33,124,71,52,122,113,424,92,329,105,110,131,81,28
Gpc6,7,15,3,16,11,36,16,32,3,0,30,15,10
Gpr64,0,2,0,0,0,3,1,1,0,0,0,0,2
Paip1,106,66,36,91,80,261,71,223,78,56,103,67,63
Ces2f,0,0,0,0,0,0,0,0,0,0,0,0,0
Hoxb3,0,0,0,0,0,1,0,1,0,0,0,0,0
Spam1,0,0,0,0,0,0,0,0,0,0,0,0,0
Bcl11b,1,0,0,0,0,0,0,0,0,0,1,0,0
Repin1,16,6,10,3,12,28,14,21,4,6,14,11,0
Fgfr1,24,34,30,54,38,114,31,91,19,5,43,43,14
Ccdc154,0,0,0,0,0,0,0,0,1,0,1,1,0
Gm5347,0,0,0,0,0,0,0,0,0,0,0,0,0
Trim72,1,0,1,0,1,0,0,0,0,0,0,0,0
Defa26,0,0,0,0,0,0,0,0,0,0,0,0,0
Rnps1,12,5,11,22,36,57,13,39,11,10,10,14,8
Tmpo,113,55,61,74,80,255,73,230,104,96,127,82,28
Cenpm,0,0,0,0,0,0,0,0,0,0,0,0,0
Clta,197,125,221,279,287,841,251,681,223,250,177,201,239
Srsf10,82,53,34,70,82,220,54,173,55,49,96,56,40
Mark2,74,22,93,91,93,249,80,213,82,75,62,101,8
Usp6nl,74,31,42,63,54,148,30,109,35,46,60,32,25
Hdx,2,3,0,2,1,0,0,1,0,0,0,2,0
Wfdc8,0,0,0,0,0,0,0,0,0,0,0,0,0
Gsg1,9,1,4,1,11,9,3,6,0,3,3,3,7
Vamp1,6,1,8,0,3,18,6,14,7,4,6,9,1
Btaf1,148,101,101,174,211,623,118,370,154,122,149,148,61
Fam65c,0,0,0,0,0,0,0,0,0,0,0,0,0
4930402F06Rik,0,0,0,0,0,0,0,0,0,0,0,0,0
Sdr16c6,0,0,0,0,0,0,0,0,0,0,0,0,0
Dfnb59,0,0,0,3,0,0,0,0,3,0,0,0,3
Gm7534,0,0,0,0,0,0,0,0,0,0,0,0,0
Vamp5,7,1,2,9,6,16,6,22,5,3,4,11,15
Gtf2i,235,156,196,277,262,769,229,590,223,208,330,229,67
Zzz3,120,79,60,103,121,393,88,245,92,77,105,81,64
Uhrf1bp1,74,25,25,77,81,295,59,176,66,45,48,87,12
Prdm13,0,0,0,0,0,0,0,0,0,0,0,0,0
Myo1c,110,48,117,187,269,322,113,311,78,93,98,135,23
Gm1123,0,0,0,0,0,0,1,2,0,0,0,0,0
1700029F12Rik,0,0,0,0,0,0,0,0,0,0,0,0,0
1700029H14Rik,2,0,0,0,1,3,0,0,0,0,0,0,0
Ash2l,49,22,27,50,37,118,40,112,38,41,44,34,16
G3bp2,319,241,256,352,346,880,230,703,230,259,372,253,267
Aff1,375,108,166,264,316,441,95,319,144,140,134,211,20
Ccdc64,8,6,10,1,10,7,4,16,6,1,6,1,0
Cps1,0,0,0,0,0,0,0,0,0,0,0,0,0
Bpifa6,0,0,0,0,0,0,0,0,0,0,0,0,0
Cib3,0,0,0,1,0,0,0,0,0,0,0,0,0
Rab11fip1,38,48,20,43,50,79,21,74,10,4,50,19,8
Fat3,115,27,54,58,59,293,76,216,79,111,73,105,18
Gipr,0,0,0,0,0,0,0,0,0,0,0,0,0
Prdm10,3,1,8,7,9,14,10,24,7,3,10,9,2
Cdc14a,36,14,16,32,36,109,29,53,32,36,35,28,9
Arid1a,368,91,237,352,356,1237,352,1057,358,354,264,441,43
Cass4,26,18,27,103,91,321,51,161,41,52,37,59,7
Znrf3,9,5,6,16,15,27,10,24,11,6,18,14,1
Rapgefl1,2,0,5,0,4,14,2,10,1,2,3,2,0
Lrp8,38,43,34,67,36,147,39,103,17,8,79,38,25
Rbpj,159,119,75,147,213,286,68,166,70,58,80,91,32
Cdr2l,5,14,4,8,14,18,9,19,5,0,9,9,2
Atxn1l,90,61,62,81,83,259,37,204,62,60,109,97,28
Med13,378,173,104,267,271,1017,187,707,293,300,279,261,72
Foxk2,82,56,97,76,106,285,76,208,86,83,97,83,27
Ankfn1,1,0,0,0,0,4,0,0,0,0,0,0,0
Slc16a5,0,0,0,0,0,0,0,0,0,0,0,0,0
B230217C12Rik,0,1,0,1,6,5,1,4,0,0,3,0,1
Gm6484,0,0,0,0,0,0,0,0,0,0,0,0,0
Zfp429,41,15,22,27,43,100,20,52,22,22,22,16,27
9230107M04Rik,0,0,0,0,0,0,0,0,0,0,0,0,0
Zdhhc22,0,0,0,0,0,0,0,0,0,0,0,0,0
Atp8b4,9,1,6,10,5,16,1,6,1,5,3,8,1
Nanogpd,0,0,0,0,0,1,0,0,0,0,0,0,0
Ttc5,25,11,30,15,40,82,24,64,35,12,27,16,28
Ppapdc1a,0,0,0,0,0,0,0,0,0,0,0,0,0
Sp2,30,7,24,24,34,94,20,56,19,23,22,26,3
Aurkc,0,0,0,0,0,0,0,0,0,0,0,0,0
Tmsb15b2,5,2,2,0,6,14,7,15,3,7,9,2,5
Golga2,74,49,71,116,99,218,76,195,66,59,85,83,21
Thg1l,12,2,11,6,9,17,6,11,6,5,6,1,4
Tubb1,0,0,0,0,1,2,0,0,0,0,1,1,0
Vmn1r194,0,0,0,0,0,0,0,0,0,0,0,0,0
Sri,91,59,48,89,122,196,53,133,56,53,86,64,87
Rsbn1l,75,42,36,80,97,317,101,198,83,87,89,79,47
Tead4,4,3,3,3,2,3,2,3,1,2,4,8,0
Ddx23,64,23,70,85,78,206,77,163,75,68,41,72,29
4632434I11Rik,2,0,2,1,1,13,3,8,3,8,2,1,1
Trmt2a,74,31,63,83,113,224,96,210,79,78,66,68,59
Brca2,47,43,23,30,26,45,11,30,2,4,17,24,0
1500012F01Rik,31,17,23,47,39,55,22,60,20,23,15,29,35
Etl4,30,40,27,40,38,150,32,92,15,2,68,36,15
Zfp382,3,2,2,0,11,12,8,10,2,1,4,2,3
Parp8,97,29,65,72,81,319,73,222,80,81,77,85,47
Olfr367-ps,0,0,0,0,0,0,0,0,0,0,0,0,0
Srgap2,1497,508,906,1285,1345,4016,1128,2853,1038,1163,1027,1209,336
4930473A06Rik,5,4,9,5,9,19,10,13,7,7,4,7,2
Rlf,180,76,62,125,197,413,82,243,87,90,100,103,68
Zc3h7b,72,41,60,80,83,219,72,196,49,44,69,56,13
Unc79,7,0,5,6,7,9,1,15,8,3,5,4,0
Gm12657,0,0,0,1,3,0,0,0,2,0,0,1,0
Adamts6,4,7,2,9,5,15,5,25,11,5,6,11,1
Zfp780b,22,13,9,12,18,49,9,42,24,16,17,9,12
D430042O09Rik,24,35,45,66,31,146,40,107,25,18,35,63,18
Cacna1s,2,1,0,3,5,4,1,5,1,3,0,0,1
Setdb2,28,17,9,12,42,33,4,31,11,6,9,11,7
4932425I24Rik,9,27,10,25,12,40,12,33,7,0,20,16,16
Kcnt2,0,3,1,0,3,0,1,2,1,0,3,3,0
Sipa1l3,27,16,46,44,32,151,59,115,25,23,49,47,0
4930420K17Rik,74,40,72,75,108,174,61,143,51,63,46,63,49
Gm8909,0,0,0,1,0,0,0,0,0,0,0,0,0
Pde11a,0,0,0,0,0,0,0,0,0,0,0,0,0
Fbxo11,202,86,68,185,141,524,117,396,148,181,160,135,39
Nav3,233,94,110,192,178,870,182,466,171,185,185,242,58
Srgap1,1,6,0,0,15,7,0,4,3,1,4,4,0
Btbd16,0,0,0,0,0,0,0,0,0,0,0,0,0
Coq10a,16,15,16,26,21,60,18,42,7,8,21,14,9
1110014N23Rik,26,16,42,27,48,88,29,73,21,35,27,24,17
Ptpn23,50,24,64,81,103,222,75,177,50,43,53,112,6
Mylk2,0,1,0,1,0,0,0,0,0,0,0,0,0
1700081L11Rik,186,95,136,202,165,607,168,504,176,182,171,168,36
Efcab3,0,0,0,0,0,0,0,0,0,0,0,0,0
Cnksr1,2,2,0,1,7,1,0,2,0,2,0,0,0
Slc25a18,3,3,1,2,1,15,1,10,2,2,1,0,4
Mll1,265,49,102,135,164,821,179,615,215,213,216,235,18
Pard3b,26,16,12,30,17,84,16,50,14,31,27,32,2
D130043K22Rik,1,4,1,1,0,10,2,5,0,0,2,2,2
Itga10,7,29,6,12,14,29,8,23,11,8,10,18,0
Qrsl1,16,21,10,6,7,44,14,33,15,15,23,10,24
Trappc10,135,63,100,123,146,389,92,248,106,79,105,110,34
Xpot,129,71,84,113,139,333,78,257,77,81,131,90,61
Tecpr2,30,25,33,31,36,74,40,69,19,10,43,29,8
Cdk13,149,48,63,103,101,364,103,264,113,111,120,89,20
Ccdc90a,127,58,85,127,116,398,104,292,95,119,119,106,28
Bdp1,120,54,51,76,118,256,59,201,80,88,82,75,28
Ccno,1,0,0,1,0,0,0,3,0,0,0,1,0
Prss55,0,0,0,0,0,0,0,0,0,0,0,0,0
Pdzd2,48,56,41,52,69,145,43,106,21,5,59,70,3
Zfp707,2,3,3,0,3,3,5,5,5,2,3,3,3
Dennd3,47,27,49,47,85,27,5,32,12,9,33,53,1
A1bg,0,1,0,0,0,2,1,0,0,0,0,2,0
Ltn1,141,59,59,88,103,317,103,262,75,108,128,85,81
Rgs11,4,6,11,8,7,31,10,19,0,2,7,8,1
Pdia2,0,0,0,0,0,0,0,2,0,0,0,0,0
Lclat1,53,38,58,48,44,112,42,97,31,21,41,59,38
Slc27a6,0,0,0,0,1,0,0,0,0,0,0,0,0
Cep76,14,4,3,6,5,25,6,22,2,8,10,1,9
A1cf,0,0,0,0,0,0,0,0,0,0,0,0,0
5730455O13Rik,15,10,2,7,8,33,10,36,8,11,8,12,19
Gucy2g,0,0,0,0,1,2,0,0,2,0,2,0,1
Cwf19l1,16,2,13,8,10,32,9,38,15,9,14,9,7
Ogfrl1,324,143,195,197,183,360,129,351,159,206,158,149,61
Phf3,169,84,101,150,137,539,136,414,128,144,168,153,58
Alpi,0,0,0,0,0,0,0,0,0,0,0,0,0
Armc3,9,14,8,9,17,31,7,32,3,7,9,3,17
Cubn,0,2,6,6,3,5,1,3,0,0,3,0,0
2010317E24Rik,0,0,0,0,0,0,0,3,0,0,0,0,0
Ppig,104,77,58,125,140,305,75,217,87,87,88,75,29
Kbtbd10,0,1,0,0,0,0,0,1,0,0,1,0,0
Lrp2,1,0,0,0,0,10,1,6,0,0,0,0,0
Gpat2,1,0,1,1,3,2,0,2,0,0,1,2,0
Esf1,41,16,34,27,31,85,25,67,19,28,44,28,28
Cep152,115,30,73,60,59,172,48,143,60,59,47,71,31
Taf4a,63,14,46,39,39,146,62,137,50,36,36,67,8
Arfip1,74,77,38,68,105,239,61,185,55,66,96,59,100
Znhit6,15,9,8,14,25,31,8,20,12,9,8,6,5
1700009N14Rik,0,0,0,0,0,0,0,0,0,0,0,0,0
Fam154a,0,0,0,0,0,0,0,0,0,0,0,0,0
Grik3,0,0,0,2,0,3,0,5,0,0,0,0,0
Zfp362,15,4,10,16,16,57,21,57,25,15,13,20,5
2610002D18Rik,0,0,0,0,0,0,0,1,0,0,0,0,0
Morn1,1,9,8,16,6,16,1,22,2,2,8,8,4
4933407H18Rik,43,26,21,27,36,112,17,75,21,13,34,36,9
Stim2,61,52,51,63,71,168,61,149,26,19,86,56,18
Chrna9,1,0,0,0,0,0,0,0,0,0,0,0,0
Rhoh,220,127,166,225,301,366,122,324,120,148,129,119,121
Cytl1,30,6,34,5,39,1,10,27,21,9,30,21,14
Helq,6,6,6,9,5,30,12,19,8,7,11,5,8
0910001L09Rik,26,21,51,22,57,79,44,86,34,43,24,37,88
Lmtk2,15,10,43,22,19,67,10,48,10,11,27,18,4
Cd8a,0,0,0,2,1,0,0,0,0,2,0,1,0
Tmf1,107,48,61,83,100,328,75,219,71,97,84,77,41
Ankrd26,16,10,9,22,16,53,16,47,16,20,25,24,6
Ipo8,90,59,50,64,85,212,79,182,53,64,71,68,38
Clip3,9,7,12,7,4,22,8,54,3,0,11,10,2
Nccrp1,1,0,0,0,0,1,1,0,0,0,1,0,0
Arhgef17,32,18,36,45,42,100,28,67,8,1,33,44,7
Mki67,59,19,13,28,25,85,20,102,28,31,13,39,3
Phrf1,55,28,65,71,91,234,66,193,72,61,46,96,4
Abhd13,62,43,26,40,24,117,34,113,47,34,70,36,33
Fam89a,3,1,1,5,6,11,4,9,10,3,7,4,0
4931429I11Rik,3,18,2,9,8,16,4,6,4,0,7,5,5
Cep63,70,61,46,70,84,206,55,137,44,54,66,59,22
Arhgap36,0,0,0,0,0,0,0,0,0,0,0,0,0
Mtap7d2,2,3,0,0,2,0,0,1,0,0,1,0,0
Gli2,1,0,0,0,0,0,0,0,1,0,1,0,0
Gpr161,1,2,0,0,1,0,0,1,0,0,0,0,0
Adamts14,1,1,1,0,2,3,2,4,0,0,1,4,0
Mtr,125,46,56,93,95,345,92,238,98,100,89,93,41
Cntnap3,0,0,0,0,0,0,0,0,0,0,0,0,0
Ogdhl,4,14,12,17,8,30,6,29,3,0,13,4,5
Dhtkd1,4,2,10,0,9,13,5,13,4,3,9,5,6
Upf2,82,88,50,68,79,245,70,204,71,71,100,71,37
Kif16b,64,47,49,45,64,170,57,119,41,40,84,43,21
Kcng1,0,0,0,0,0,1,0,0,0,0,1,0,0
Prrg3,9,6,6,8,1,25,2,10,2,0,8,0,3
Awat1,0,0,0,0,0,0,0,0,0,0,0,0,0
Sis,0,0,0,0,0,0,0,0,0,0,0,0,0
Ankrd35,2,5,0,1,1,6,0,2,1,0,0,2,0
Kcna10,0,0,0,0,0,0,0,0,0,0,0,0,0
Gabbr2,0,0,0,0,0,0,0,0,0,0,0,0,0
Kcnq4,2,0,0,1,0,0,0,0,0,0,1,0,0
Gnat3,0,0,0,0,0,0,0,0,0,0,0,0,0
Zfp518b,10,18,2,13,15,59,14,44,21,14,23,13,7
Tigd2,59,50,44,33,51,149,31,119,28,36,50,33,30
Prickle2,1,2,0,5,5,24,1,20,3,6,16,5,1
Oxtr,0,0,0,2,0,1,0,0,0,0,0,0,0
Cyp2b23,0,0,0,0,0,0,0,0,0,0,0,0,0
Myst3,385,126,187,369,336,1122,268,947,347,386,333,378,88
Lonrf1,33,10,23,61,55,113,24,82,25,49,19,35,9
Npat,30,32,40,31,38,135,23,88,28,38,57,29,39
Unc13c,0,0,0,0,0,8,0,4,0,0,0,0,0
4921513D23Rik,222,90,90,178,147,660,138,490,163,210,216,186,77
Trnp1,1,1,3,4,1,5,1,1,1,1,2,0,0
Lmod3,0,0,0,0,0,0,0,1,0,0,1,0,0
1300001I01Rik,58,25,42,62,63,180,81,161,44,44,45,59,11
S100z,0,0,0,0,0,0,0,0,0,0,0,0,0
Mdga1,1,2,3,1,7,5,2,7,1,2,3,3,0
Fam171a1,16,5,2,15,24,43,14,43,8,10,39,23,8
Slc4a11,2,4,1,2,1,8,2,6,1,0,4,0,0
Chsy1,239,97,138,170,190,486,118,282,118,136,139,133,28
Otud4,155,76,89,122,144,458,95,348,88,107,153,140,43
Fam26d,0,0,0,0,0,0,0,0,0,0,0,0,0
Phf21b,4,2,12,1,4,9,4,13,1,3,2,5,3
B3gnt6,0,0,0,0,0,0,0,1,0,0,0,0,0
Sap30l,13,10,5,12,18,38,8,27,13,9,12,8,3
Aspg,0,0,0,0,0,0,0,0,0,0,0,0,1
Pacs2,120,27,77,109,74,277,94,254,62,88,81,96,22
Lama5,75,29,105,71,146,110,42,108,41,15,50,120,9
Frmpd1,1,3,8,8,11,28,3,21,1,0,11,10,6
Lrch2,5,8,4,2,9,8,1,8,0,0,7,1,3
6330545A04Rik,0,0,0,0,0,2,0,0,2,0,0,0,0
Itpkb,136,66,144,189,144,399,123,334,82,91,144,121,17
Kif13b,58,42,22,49,50,180,42,139,57,43,64,62,17
Gpr116,331,268,252,348,728,304,60,408,129,134,536,393,177
Heatr5b,43,22,39,51,52,159,50,141,56,60,80,56,19
Spink5,0,0,0,0,0,1,0,0,0,0,0,0,0
9430016H08Rik,13,12,9,9,16,31,14,28,6,6,9,13,20
Atp8b2,63,24,32,51,93,191,39,194,45,52,73,52,13
1110037F02Rik,98,87,93,100,109,309,76,242,75,72,115,59,53
BC057079,24,27,25,31,30,78,26,48,23,18,30,31,28
Flnc,1,2,2,1,2,10,2,9,0,0,2,4,0
D630042F21Rik,0,0,0,0,0,0,0,0,0,0,0,0,0
Htra4,3,0,1,1,4,2,0,0,0,0,0,2,0
Exosc7,9,8,10,13,17,25,14,32,14,7,16,15,20
Uprt,5,2,4,6,4,15,6,18,3,3,1,3,1
Gabrr3,0,0,0,0,0,0,0,0,0,0,0,0,0
Eml5,51,48,28,35,35,117,36,77,20,27,41,31,31
Hcn4,0,0,2,0,2,0,0,0,0,0,1,1,0
Lemd3,178,60,67,102,84,205,48,120,62,59,65,73,14
Kcnh4,0,0,4,1,5,5,1,0,0,0,0,2,0
Arid4a,172,66,66,138,97,440,93,327,94,142,101,136,47
Hnrnpul2,234,120,111,188,204,715,161,541,155,192,210,164,43
Apobec4,0,0,0,0,0,0,0,0,0,0,0,0,0
Tmem182,0,0,0,0,0,0,0,0,0,0,0,0,0
Mamdc4,3,0,7,3,8,17,3,8,3,3,1,4,0
Crnn,0,0,0,0,0,0,0,0,0,0,0,0,0
Dpy19l4,208,98,80,100,95,357,85,253,118,117,100,106,61
L1td1,0,0,0,0,0,0,0,0,0,0,1,0,0
Sbno1,244,121,99,184,179,560,144,461,186,150,199,154,78
B3galtl,19,12,24,16,14,38,21,49,10,10,22,6,15
Nipal1,7,2,2,2,4,0,0,0,0,0,0,0,0
Dgki,4,9,7,0,4,12,2,11,1,0,7,3,2
Hs3st5,0,0,0,0,0,0,0,0,0,0,0,0,0
Prdm14,0,0,0,0,0,0,0,0,1,0,0,0,0
Mrpl44,11,9,3,7,8,39,4,46,9,11,16,5,13
Ptafr,57,25,65,143,122,313,79,238,95,82,74,63,38
Irs2,20,9,37,47,62,122,23,74,27,33,5,39,2
Ermp1,53,61,61,71,46,173,58,166,55,41,100,46,46
Pprc1,63,25,40,79,160,203,45,150,49,37,52,78,14
Ddx60,45,42,18,50,78,97,23,77,27,34,26,24,10
Phip,216,194,114,236,313,760,152,574,213,228,223,195,126
Zfp174,4,0,0,2,6,8,6,12,3,6,4,2,2
Hcfc2,18,10,13,28,18,43,7,41,17,13,13,21,19
Myo1a,0,0,0,0,0,0,1,0,1,0,0,0,0
Gpr179,0,0,3,2,0,1,0,1,1,1,1,0,1
Ercc6,22,17,23,37,46,104,40,79,24,16,36,26,14
Esco1,58,52,32,64,84,196,52,118,62,68,76,39,41
Rbbp8,41,22,38,48,66,78,25,57,25,24,26,46,21
Prr16,0,0,0,0,0,0,0,0,0,0,0,0,0
Fam178a,171,89,65,124,134,481,113,373,132,144,136,140,66
2310009B15Rik,2,1,0,0,2,3,1,2,0,0,0,0,1
6330403A02Rik,0,3,1,7,10,2,1,7,1,10,12,2,0
Ttc30a2,0,3,0,0,2,5,1,4,0,0,0,0,1
Tsc22d2,364,126,195,320,321,1329,246,818,296,393,208,321,65
Mtap9,14,32,13,14,12,57,15,51,8,0,46,16,24
Lhfpl3,0,0,0,0,0,3,0,5,0,0,0,0,0
D5Ertd579e,101,94,92,124,98,335,78,236,98,78,115,97,57
Pigg,40,36,20,20,21,69,34,91,21,21,39,29,26
Mn1,0,1,0,1,3,6,0,10,2,4,3,1,0
2410131K14Rik,26,14,17,17,25,57,14,40,6,11,26,15,2
Klhdc5,18,9,10,10,7,21,12,20,8,12,21,5,2
Palb2,6,0,3,0,5,10,3,17,5,6,7,2,5
Lilra5,17,8,4,32,17,67,31,61,28,25,23,10,20
Prmt10,58,28,33,30,39,86,21,70,25,36,28,38,35
Fam65a,29,15,31,34,51,87,31,75,29,22,40,48,3
Tln2,155,37,88,102,102,416,105,282,105,118,105,130,26
1700017N19Rik,0,0,0,0,0,0,0,0,0,0,0,0,0
Polr3a,41,14,38,44,44,124,15,101,40,22,37,20,22
Gm13177,0,0,0,0,0,0,0,0,0,0,0,0,0
Vcan,16,17,3,7,20,15,0,17,8,0,5,29,0
Myh13,0,0,0,0,0,0,0,0,0,0,0,0,0
Pbrm1,198,95,86,123,158,477,149,376,112,119,174,140,61
Uggt2,23,21,12,18,19,56,22,45,10,10,21,15,14
Fbxo43,0,0,0,2,0,0,0,0,0,0,0,0,0
Fam186b,0,1,0,1,2,1,0,1,0,0,0,1,0
Lrch3,127,53,86,114,94,353,88,283,95,100,157,133,42
Kdm3b,225,91,118,157,209,652,221,569,214,206,190,218,56
Hpse2,0,0,0,2,0,2,0,2,0,0,0,0,0
Kif14,1,0,3,2,1,4,0,1,3,3,1,4,0
Mfsd7b,55,54,28,56,47,152,40,91,39,38,50,28,12
Tnks1bp1,61,37,71,66,89,156,63,115,38,10,50,59,1
Fam194a,0,0,0,0,0,1,0,1,0,0,1,0,0
Slc44a5,0,0,0,1,2,2,0,0,0,0,2,0,0
Alg6,26,29,17,21,15,62,20,59,12,17,18,18,20
Heatr2,12,8,17,22,19,66,19,42,17,18,21,18,11
Ccdc142,10,2,11,13,13,39,14,27,8,8,13,9,2
Rsf1,119,61,63,114,144,447,117,320,131,113,120,84,53
Prss53,8,1,15,3,13,22,14,17,9,9,9,9,4
Whsc1l1,144,71,61,124,129,373,89,294,116,114,146,114,52
Dscaml1,0,0,0,0,0,1,0,5,0,0,0,0,0
Calhm1,0,0,0,0,0,0,0,0,0,0,0,0,0
Ldlrad1,0,0,0,0,0,0,0,0,0,0,0,0,0
1600015I10Rik,0,0,0,0,0,0,0,0,0,0,0,0,0
Pgd,99,61,100,116,149,259,107,271,90,82,78,74,74
1700009P17Rik,26,45,23,25,39,52,20,63,7,3,31,15,54
Clasp1,57,45,46,70,77,216,52,188,50,55,79,79,16
Ak5,0,0,0,0,1,2,0,0,0,0,0,0,0
Tbc1d4,62,23,37,50,54,173,66,119,48,40,69,47,19
Mfhas1,80,35,91,78,80,156,52,126,46,59,66,57,3
Nlrc3,1,0,0,1,0,8,1,3,5,1,1,3,1
Trim55,0,0,0,0,0,0,0,0,0,0,0,0,0
Ibtk,72,43,28,77,61,169,51,138,41,34,76,55,35
Tmem28,0,0,0,0,0,0,0,1,0,0,0,0,0
Gm12695,0,0,0,0,0,1,0,1,0,0,0,0,0
Mup6,0,0,0,0,0,0,0,0,0,0,0,0,0
Fat1,83,76,28,111,92,299,69,245,44,9,159,102,19
Mpp7,26,54,28,40,38,88,21,62,30,8,50,27,23
Taf2,50,33,31,37,47,187,40,111,39,39,44,43,23
9030418K01Rik,39,19,20,25,43,51,14,38,14,11,10,15,4
Prrc2c,420,166,154,354,271,1147,233,841,241,281,320,382,49
Ccdc88b,87,11,105,117,133,294,135,277,78,88,43,142,22
Map3k10,6,3,5,9,15,25,15,22,10,9,6,18,1
Rprd2,116,37,49,78,57,197,74,199,100,66,97,64,14
Prr19,0,0,0,0,0,0,0,0,1,0,0,0,0
Arhgef26,0,10,4,12,1,13,8,15,2,0,7,2,0
Lphn2,116,35,68,123,132,171,45,136,63,62,82,69,17
Cdh18,1,0,0,0,1,3,0,0,1,0,0,0,3
Tshz1,28,28,17,32,32,81,34,74,25,18,42,28,6
Olfr455,0,0,0,0,0,0,0,0,0,0,0,0,0
Trio,247,92,139,187,232,638,152,500,161,164,164,222,32
Atf6,201,154,123,207,264,486,127,373,137,131,144,133,64
Ptprz1,1,1,2,16,0,45,3,43,3,4,11,2,8
Ppp1r12b,10,2,4,7,17,30,9,25,10,9,9,9,1
Taok3,80,29,49,73,94,247,82,178,73,63,60,52,18
Pik3r4,67,36,49,45,50,149,67,180,36,37,65,43,26
Fam23a,0,0,0,0,0,0,0,0,1,0,0,0,0
Tmco2,0,0,0,0,0,0,0,0,0,0,0,0,0
C2cd4b,0,0,0,0,0,0,0,0,0,0,0,0,0
Brpf3,47,12,28,59,51,145,49,113,47,38,40,49,2
Dsel,16,20,10,15,20,61,13,32,8,13,22,16,13
Anubl1,2,0,4,1,3,16,0,2,2,4,2,2,1
Gm6614,0,0,0,0,0,0,0,1,0,0,0,0,0
C030046E11Rik,43,49,30,61,68,146,41,136,41,61,67,61,11
Cyb561d1,44,12,13,28,37,71,16,55,15,27,24,27,8
Pds5a,165,87,79,135,163,499,113,375,181,148,148,125,68
Myo5c,15,37,19,20,12,55,9,45,2,0,27,20,19
Mphosph9,28,20,21,32,31,88,29,75,37,29,31,24,9
Neto2,4,3,2,1,3,3,3,4,2,0,2,0,3
Sult2a6,0,0,0,0,0,0,0,0,0,0,0,0,0
Agl,74,50,25,60,62,153,55,126,42,26,71,38,32
Hs3st2,0,0,0,0,1,3,0,0,0,1,0,0,0
Chsy3,0,0,1,1,0,0,0,0,2,0,0,0,0
Zkscan2,3,1,0,0,0,4,0,0,3,0,1,2,3
Dnahc2,12,15,13,15,12,47,6,31,4,3,22,24,5
D7Ertd443e,1,3,0,1,4,7,4,9,3,2,3,1,3
Slc9a5,1,2,1,2,5,12,4,8,3,1,3,1,1
Plekhg4,1,0,0,0,0,0,0,0,0,0,0,0,0
Cul9,33,19,39,56,52,112,47,107,19,27,28,42,6
Dgkh,15,3,9,14,15,29,5,17,4,5,15,10,5
Sipa1l2,341,81,212,302,316,774,231,603,236,231,210,229,44
L3mbtl1,0,0,2,0,0,1,0,0,1,0,0,0,0
Setd2,327,128,127,279,242,1071,230,758,242,280,245,282,54
Scaper,56,29,26,52,47,115,25,86,36,23,32,22,21
Gpr133,2,0,0,0,0,0,0,0,0,0,0,0,0
3110043O21Rik,76,48,69,123,157,215,52,186,61,60,63,56,50
Stxbp5,136,40,65,110,109,396,112,332,119,88,108,127,34
Chd2,331,134,143,314,340,841,176,610,168,241,211,246,62
Rtkn2,1,0,0,0,0,2,0,1,0,0,0,1,0
Rhobtb1,97,39,45,67,80,227,49,169,67,67,64,84,17
Hecw1,0,0,0,0,0,0,0,1,0,0,0,0,0
Slc43a1,5,1,5,2,2,16,4,7,3,6,5,0,1
Nol8,50,39,29,36,36,108,26,77,40,29,28,28,20
A430107O13Rik,5,3,1,14,13,10,5,9,6,3,8,6,2
Ttc37,39,24,16,40,35,139,35,92,30,63,40,34,15
Mamld1,26,8,9,23,23,45,12,31,4,7,26,20,8
Prdm2,182,51,108,134,181,520,133,350,155,118,161,157,25
Vma21,61,60,44,65,60,178,43,108,61,39,76,35,52
Map4k3,130,58,48,93,101,245,72,222,70,95,113,120,51
Lrrc7,0,0,0,0,0,1,0,0,0,0,0,0,0
Ubr5,386,240,184,343,373,1020,272,807,266,233,346,333,82
Camsap2,106,103,51,103,140,389,82,269,104,98,136,106,46
Mosc1,0,0,2,0,0,0,0,3,0,0,0,0,0
Trrap,134,78,139,133,154,485,160,395,144,113,161,220,34
Cenpf,10,4,5,4,5,36,6,25,7,16,11,18,2
Arhgap21,49,40,21,103,46,189,49,140,41,34,53,43,16
0610010O12Rik,1,2,5,6,7,5,2,7,2,0,2,2,13
Vps8,66,54,56,43,53,129,42,137,48,49,61,40,31
Kctd17,6,4,8,0,4,11,2,11,3,0,5,4,1
Tbccd1,25,29,33,24,30,95,26,83,19,15,45,21,26
Ccdc153,1,0,2,2,0,59,0,18,1,0,0,0,8
Dmxl1,225,165,129,152,188,559,167,463,142,169,246,186,111
Ces1b,0,0,0,0,0,0,0,0,0,0,0,0,0
Cep164,18,10,17,18,28,78,11,43,12,20,15,25,3
Prss36,3,0,2,9,6,7,4,7,2,2,2,0,2
Cnfn,0,0,0,0,0,0,0,0,0,0,0,0,0
Chd5,2,0,3,3,4,10,0,7,2,0,5,1,1
Pcdh9,0,1,0,1,1,8,0,2,0,0,7,1,3
Kidins220,293,161,156,239,233,681,215,555,194,144,311,226,106
2610002I17Rik,7,2,9,8,5,9,3,6,1,0,5,1,8
Zfp777,21,10,26,29,21,52,24,45,10,13,15,28,3
Mll3,417,119,136,205,209,1100,243,887,312,338,284,381,48
Pcdh11x,0,3,0,0,0,0,0,0,0,2,0,0,0
Cdh19,1,8,2,4,5,5,4,6,0,0,4,4,1
Ctcfl,0,0,0,0,0,0,0,0,0,0,0,0,0
Rimbp2,0,0,0,0,0,0,0,0,0,0,0,0,0
Nlrp6,0,0,0,1,0,1,0,0,0,0,0,3,0
Palld,4,3,16,9,8,11,3,13,6,1,4,9,0
Csmd3,275,128,78,166,167,846,171,534,248,272,248,214,132
Mdn1,178,85,55,97,120,397,95,258,105,88,128,114,39
Armc4,0,4,1,2,1,15,3,14,1,0,1,2,7
0610007L01Rik,98,49,86,83,98,282,71,223,62,68,105,68,44
Amotl1,76,71,71,96,135,170,59,180,31,45,124,64,12
Wdr67,39,31,26,33,32,189,41,136,45,29,48,39,18
Myo16,0,2,4,3,0,8,0,2,0,0,8,1,3
Prss33,0,0,0,0,0,0,0,1,0,0,0,0,0
1810013L24Rik,159,75,78,138,168,320,84,235,88,84,113,87,37
Adamts3,0,0,0,0,0,1,0,0,0,0,0,0,0
Wdr70,15,6,8,9,12,51,15,35,9,8,14,10,6
Klhl14,0,0,0,0,0,0,0,2,0,0,0,0,0
Vmn2r28,0,0,0,0,0,0,0,0,0,0,0,0,0
Lrr1,0,0,0,0,0,0,0,2,0,6,0,0,0
Plb1,0,0,0,0,1,2,0,0,0,0,0,0,0
Agmat,0,0,0,0,0,0,0,0,0,0,0,1,0
Phf20l1,186,101,102,130,188,540,106,363,139,122,149,177,63
Sclt1,27,7,4,25,22,70,17,47,18,14,27,13,10
Bcr,33,16,48,25,50,66,30,79,28,20,19,32,3
Unc13b,55,48,60,63,65,162,28,141,57,22,87,55,40
Grm5,0,0,0,0,0,3,0,0,0,0,0,0,0
Fndc1,3,4,2,2,1,12,5,11,0,0,2,1,0
Chd7,166,51,123,199,231,515,153,401,124,153,86,198,27
Gltscr1,25,0,13,28,25,86,37,88,28,37,21,39,2
Dip2a,24,19,20,27,18,89,24,81,20,14,39,31,6
BC026590,27,17,21,24,34,91,26,67,19,24,23,38,20
Galntl1,2,0,3,5,1,10,4,12,0,1,0,1,1
Bod1l,184,88,47,116,100,442,108,336,126,104,128,153,25
Ttll5,38,66,47,53,53,121,40,125,29,9,52,29,15
Chrna10,0,0,0,0,0,0,0,0,0,0,0,0,0
Rbm24,1,2,0,1,5,7,0,4,3,0,1,2,2
Dip2c,34,19,23,41,33,117,38,85,37,19,44,19,22
Fam184a,6,12,3,11,4,28,8,24,5,0,16,9,1
Naa30,92,33,39,69,44,159,52,151,54,53,89,36,20
Zfp498,7,4,12,12,25,27,2,30,7,15,10,8,4
Ptprq,0,0,0,0,0,0,0,0,0,0,0,0,0
Ankrd44,434,116,191,312,367,1067,241,713,275,347,255,252,104
Osbpl7,15,6,16,28,19,42,16,36,10,15,10,16,6
Fbxo47,2,3,0,0,0,0,2,4,3,0,2,2,1
Ino80d,133,70,82,126,162,487,105,366,156,172,128,166,33
Fbln2,17,18,27,21,20,37,15,27,7,6,28,26,3
Wdr86,18,26,38,40,40,67,20,71,7,0,28,33,30
Iqck,10,5,12,19,11,34,7,26,8,0,14,9,8
Vmn2r84,0,0,0,0,0,0,0,0,0,0,0,0,0
Vmn2r54,0,0,0,0,0,0,0,0,0,0,0,0,0
Gm10024,0,0,0,0,0,0,0,0,0,0,0,0,0
Nin,67,23,28,33,52,173,51,126,64,46,53,46,8
Furin,51,13,83,94,118,164,67,171,42,46,50,64,9
Plcd4,3,20,15,7,4,30,9,28,3,3,9,12,4
Ppp2r5c,152,79,108,160,142,429,142,324,131,139,138,126,100
Sh2b1,41,12,68,51,51,168,61,176,57,49,48,62,16
Gtf2ird1,32,28,19,37,32,112,23,98,20,10,40,35,10
Mettl7a3,0,0,0,0,0,0,0,0,0,0,0,0,0
Zxdb,30,3,11,9,10,38,9,41,16,10,10,13,3
Gm14725,0,0,0,0,0,0,0,0,0,0,0,0,0
Brwd3,50,74,26,46,56,217,33,139,33,39,99,73,33
Fbxo9,33,17,20,25,24,61,19,70,23,32,31,22,23
Cartpt,0,0,0,0,0,0,0,0,0,0,0,0,0
Tbc1d8b,44,63,33,49,58,176,41,115,55,38,56,27,24
Ubr3,242,176,93,196,199,668,129,405,131,135,213,150,88
Camta1,2,6,2,7,13,11,1,2,5,2,12,2,3
Gm6592,0,0,0,0,0,0,0,0,0,0,0,0,0
Ssxb8,0,0,0,0,0,0,0,0,0,0,0,0,0
Mapk10,2,3,6,11,3,21,6,13,1,0,5,3,6
Dgcr14,32,15,35,16,30,55,23,54,8,21,19,20,7
Ccnd3,51,51,98,83,111,119,49,127,40,40,66,60,45
Xlr4a,2,0,5,5,6,1,0,2,2,0,1,0,3
Xlr3b,3,0,0,6,2,8,1,5,10,0,1,2,0
Gm15107,0,0,0,0,0,0,0,0,0,0,0,0,0
Rab42-ps,0,0,0,0,0,0,0,0,0,0,0,0,0
Nacad,0,0,6,6,4,2,2,5,1,1,1,0,0
Cntnap5c,0,0,0,0,0,0,0,0,0,0,0,0,0
Tex264,31,37,74,32,52,102,55,87,19,15,47,22,32
Dact3,1,1,3,2,3,9,5,14,1,0,2,6,0
Neurl1b,4,0,0,3,1,3,2,5,1,3,2,2,2
Gm5935,0,0,0,0,0,0,0,0,0,0,0,0,0
Dytn,0,1,0,0,0,0,0,0,0,0,1,0,0
4930524E20Rik,0,0,0,0,0,0,0,0,0,0,0,0,0
C86695,0,2,0,0,0,0,0,1,0,0,0,1,0
4833423E24Rik,0,0,0,0,0,0,0,0,0,0,0,0,0
Ccdc129,0,0,0,0,0,0,0,0,0,0,0,0,0
Klhl34,0,0,0,0,0,0,0,0,0,0,0,0,0
Nup62cl,2,4,0,2,1,4,1,3,1,0,1,0,0
Rhox2d,0,0,0,0,0,0,0,0,0,0,0,0,0
Gm5936,0,0,0,1,0,0,0,0,0,0,0,0,0
1700042B14Rik,0,0,0,0,0,0,1,0,0,0,0,0,0
Fam43b,0,0,0,0,0,0,0,1,0,0,0,0,0
Zfp800,79,42,24,47,68,184,36,139,38,77,49,54,23
Tomt,1,4,4,2,1,14,2,8,3,4,7,6,0
Zfp72,10,5,1,5,5,6,1,11,5,2,4,3,1
Gnb1l,5,2,4,4,7,9,2,8,2,4,5,1,2
Gm5150,0,0,6,1,5,0,0,0,0,0,0,3,4
Tmprss9,0,0,0,0,0,0,1,0,0,0,0,0,0
Dnmt3l,0,0,0,0,0,0,0,2,0,0,0,0,0
Gm7609,0,0,0,0,0,1,0,2,0,0,0,0,2
Zfp664,61,45,37,41,50,159,43,154,62,35,65,53,41
Dux,0,0,0,0,0,0,0,0,0,0,0,0,0
Akap17b,28,31,13,35,23,77,25,64,10,2,48,24,23
Gm11428,31,26,6,36,32,17,16,12,11,7,7,12,11
Clasp2,244,187,198,266,244,821,219,563,207,274,290,213,144
2300005B03Rik,0,0,0,0,0,0,0,0,0,0,0,0,0
Sap25,22,9,24,6,22,102,44,92,34,25,16,34,7
9430020K01Rik,61,20,68,75,98,258,97,312,175,131,472,114,116
Apol8,0,0,5,2,4,11,1,2,5,2,0,3,2
Mfap1b,1,5,1,7,4,11,5,7,3,3,2,3,4
Rnf144a,2,3,1,1,3,5,1,9,1,0,7,4,4
Amelx,0,0,0,0,0,0,0,0,0,0,0,0,0
Nfix,21,14,33,50,33,93,35,92,21,18,26,40,6
Tmsb15b1,4,4,5,0,6,10,4,7,0,6,3,0,1
Popdc2,0,0,0,0,2,3,1,0,0,0,0,0,0
Mcart6,5,1,4,10,7,5,2,12,1,2,0,1,3
Sh3d19,55,143,82,99,75,226,75,238,44,0,172,104,31
Ndor1,33,18,26,24,40,101,26,70,24,28,40,54,10
Efr3b,17,3,12,9,17,41,7,40,18,12,67,16,10
Zfp266,76,84,40,74,71,234,50,191,51,39,103,57,49
Pla2g2a,0,0,0,0,0,0,0,0,0,0,0,0,0
Pigyl,1,0,13,3,2,7,3,8,1,2,3,3,9
4933407P14Rik,0,0,0,0,0,0,0,0,0,0,0,0,0
Mkl1,47,10,29,26,48,115,59,80,24,32,32,47,3
Gm5416,1,0,0,0,0,0,0,0,0,0,0,0,0
Stfa1,0,0,0,0,0,0,0,2,0,0,0,0,0
BC100530,1,0,1,0,0,0,0,0,0,0,0,0,0
Gm5483,1,4,0,3,1,1,0,1,1,0,0,0,0
Trim21,42,44,29,36,52,94,17,51,17,27,26,27,35
Rab27b,1,0,0,2,0,5,0,2,0,0,2,4,1
Crygc,0,0,0,0,0,0,0,0,0,0,0,0,0
Itgam,2088,796,1395,1692,1711,5949,1788,4698,1760,2156,1670,1633,753
Snrpn,18,32,40,30,25,50,22,54,9,1,28,8,37
Gm15114,0,0,0,0,0,0,0,0,0,0,0,0,0
Neurl2,0,1,3,3,10,13,6,16,8,12,5,9,4
Sdr39u1,15,9,17,29,28,72,22,52,14,6,22,29,25
Tc2n,15,45,15,22,10,45,10,29,4,0,20,17,10
Pja1,30,45,40,61,85,137,49,119,29,26,72,29,46
Ptpru,1,3,3,5,9,10,10,17,2,1,6,3,6
Enah,28,38,22,31,22,94,15,97,17,4,72,25,14
Lhx6,3,5,4,4,3,10,4,11,2,0,5,3,0
Vmn1r223,0,0,0,0,0,0,0,0,0,0,0,0,0
Gbp7,340,201,142,214,378,291,91,281,105,105,128,132,33
St7,14,7,9,38,25,42,7,28,15,16,14,6,5
Pdgfra,22,55,15,34,24,53,8,61,7,0,20,18,5
Slc35a4,31,14,33,52,54,110,34,105,30,38,35,33,22
Etv3,236,128,194,190,353,645,145,356,122,125,112,181,34
Ubp1,170,64,96,125,170,380,128,253,89,92,76,140,31
Klrk1,5,4,3,10,5,6,2,5,2,1,2,5,3
Nup88,131,109,101,133,129,318,104,261,90,109,144,87,93
Mboat2,8,47,5,20,11,47,5,32,7,1,24,10,16
Ptchd2,0,0,0,2,0,6,0,0,0,0,1,0,0
Tns3,348,139,212,383,387,1225,341,856,326,291,302,332,82
Cacna1d,98,36,49,81,70,242,64,167,55,59,60,87,9
Ttll9,2,1,0,3,1,12,3,7,0,0,3,3,6
Greb1l,1,1,0,2,0,3,1,7,0,0,2,4,2
Prr5l,26,27,35,32,49,29,2,28,12,7,12,20,5
1600012H06Rik,52,39,40,34,44,113,43,114,38,30,61,25,29
2210415F13Rik,0,0,0,0,0,0,0,0,0,0,0,0,0
Pars2,3,0,9,2,2,10,2,11,1,0,3,2,3
4932441B19Rik,0,0,0,0,0,0,0,0,0,0,0,0,0
Liph,47,29,27,47,39,168,33,106,45,52,43,37,26
Srpx2,1,0,0,0,0,0,0,1,0,0,0,0,0
Hiatl1,133,95,103,106,132,294,102,278,91,88,147,68,75
Slc12a8,0,0,0,0,0,1,0,2,2,0,0,0,1
Sbsn,1,1,0,2,3,6,0,3,3,1,3,1,3
Fetub,0,0,0,2,0,0,1,0,0,0,0,0,0
Nr3c2,20,4,10,16,6,41,16,35,11,15,14,14,4
Plekhg2,38,17,62,41,86,107,35,78,32,23,25,80,10
1810019J16Rik,1,0,0,0,0,0,0,0,0,0,0,0,0
Scn3b,2,4,2,0,4,17,3,8,1,0,3,2,1
Gm13139,24,15,8,17,20,70,27,50,18,25,10,14,18
Rbck1,35,16,47,42,60,119,52,105,44,37,34,45,16
Oas1b,11,13,5,10,10,6,4,9,2,1,0,1,0
Tle3,190,58,189,184,206,543,175,408,148,167,111,227,30
Gpx3,6,4,6,20,9,7,4,26,2,0,8,4,4
Pth1r,0,0,1,0,1,0,1,3,0,0,8,0,0
Slc35a2,21,15,20,34,25,60,22,64,22,12,25,27,21
Rnaset2a,14,6,12,14,13,39,20,15,8,7,10,4,20
Rsph3b,2,2,0,2,5,9,2,4,0,0,0,4,0
Hba-a2,0,7,4,2,4,49,0,20,0,0,15,1,160
Zfp655,21,13,16,17,17,54,9,23,9,9,7,15,10
Spo11,0,0,0,0,0,2,0,0,0,0,5,0,0
Rhox2e,0,0,0,0,0,0,0,0,0,0,0,0,0
Arid1b,60,20,67,69,93,237,68,196,62,81,72,65,5
Rhox2f,0,0,0,0,0,0,0,0,0,0,0,0,0
Speg,11,3,8,3,12,38,24,39,2,9,9,15,4
Pappa2,3,0,0,0,2,1,0,0,0,1,7,1,0
Myh7b,0,0,1,1,1,3,0,2,0,0,0,0,0
Anxa9,1,1,2,1,3,4,2,7,1,0,2,9,0
1600014C10Rik,107,41,82,67,87,125,43,117,34,35,41,48,26
Myl10,0,0,0,0,0,0,0,0,0,0,0,0,0
Dusp5,2,13,17,13,17,49,14,25,7,6,1,13,5
Spaca5,0,0,0,0,0,0,0,0,0,0,0,0,0
Sdccag3,68,43,85,91,114,284,94,257,80,82,104,69,46
Steap3,5,0,3,5,10,8,2,17,4,4,5,6,4
Gm13078,0,0,0,0,0,0,0,0,0,0,0,0,0
Pramef6,0,0,0,0,0,0,0,0,0,0,0,0,0
Zfp467,18,21,26,41,21,89,43,92,26,21,30,34,10
Pramel5,0,0,0,0,0,0,0,0,0,0,0,0,0
Gm13102,0,0,0,0,0,0,0,0,0,0,0,0,0
Tspyl5,0,0,4,1,1,6,1,1,2,0,1,0,0
Smcr8,157,75,64,131,172,631,105,383,146,145,116,145,59
Acin1,217,64,150,185,246,727,187,472,190,176,168,244,40
Olfr765,0,0,0,0,0,0,0,0,0,0,0,0,0
1700125D06Rik,0,0,0,0,0,0,0,0,0,0,0,0,0
Rere,199,53,125,164,170,563,245,500,172,154,146,240,28
2310030N02Rik,9,10,12,13,17,22,7,17,8,4,7,2,12
Arfgef2,100,121,86,188,119,411,124,294,84,43,144,133,53
Slc25a43,0,0,0,1,1,1,0,0,0,0,1,0,0
Chmp6,12,14,20,17,16,50,22,41,24,18,20,18,10
Gm595,0,0,0,0,0,0,0,0,2,0,0,0,0
Cisd3,2,1,6,8,3,9,5,11,6,1,7,6,4
Ppp1r3d,33,18,33,17,37,36,10,27,6,8,14,10,4
Nt5c1a,0,0,0,0,0,0,0,0,0,0,0,0,0
Aadacl3,0,0,0,0,0,0,0,0,0,0,0,0,0
Gm436,0,0,0,0,0,0,0,0,0,0,0,0,0
Gm572,0,0,0,4,5,2,0,2,0,0,0,2,0
Magea10,0,0,0,0,0,0,0,0,0,0,0,0,0
Zbtb34,61,19,30,23,35,138,39,115,39,49,39,56,14
Tmem8b,9,8,8,21,11,35,8,32,10,9,18,13,2
Myom3,0,0,0,0,0,0,0,0,0,0,0,0,0
4932429P05Rik,0,0,0,0,0,0,0,0,0,0,0,0,0
Fam131c,0,0,0,0,0,0,0,0,0,0,0,0,0
AI464131,1,11,0,5,3,15,0,8,3,0,3,7,5
Gm12794,0,0,0,0,0,0,0,0,0,0,0,0,0
Gm5132,0,0,0,0,0,0,0,0,0,0,0,0,0
Gm14085,0,0,0,0,0,0,0,0,0,0,0,0,0
Gm12789,0,0,0,0,0,0,0,0,0,0,0,0,0
Tmem90b,0,0,0,0,0,0,0,0,0,0,0,0,0
Gm13251,15,19,11,17,17,54,8,26,9,18,11,11,6
Gm14374,0,0,0,0,0,0,0,0,0,0,0,0,0
Gm5634,0,0,0,0,0,0,0,0,0,0,0,0,0
Gm14511,0,0,0,0,0,0,0,0,0,0,0,0,0
Krtap1-3,0,0,0,0,0,0,0,0,0,0,0,0,0
Krtap9-5,0,0,0,0,0,0,0,0,0,0,0,0,0
Gm13271,0,0,0,0,0,0,0,0,0,0,0,0,0
Slc2a7,0,0,0,0,0,0,0,0,0,0,0,0,0
Gm13298,0,0,0,0,0,0,0,0,0,0,0,0,0
Gm13283,0,0,0,0,0,0,0,0,0,0,0,0,0
Gm13276,0,0,0,0,0,0,0,0,0,0,0,0,0
Gm13275,0,0,0,0,0,0,0,0,0,0,0,0,0
Gm5938,0,0,0,0,0,0,0,0,0,0,0,0,0
Cldn27,0,0,0,0,0,0,0,0,0,0,0,0,0
Gm13178,0,0,0,0,0,0,0,0,0,0,0,0,0
Gm14501,0,0,0,0,0,0,0,0,0,0,0,0,0
Gm11757,0,0,0,0,0,0,0,0,0,0,0,0,0
Pramef17,0,0,0,0,0,0,0,0,0,0,0,0,0
Gm13128,0,0,0,0,0,0,0,0,0,0,0,0,0
Gm13124,0,0,0,0,0,0,0,0,0,0,0,0,0
Gm14347,0,0,0,0,0,0,0,0,0,0,0,0,0
Gm14744,0,0,0,0,0,0,0,0,0,0,0,0,0
Gm14345,0,0,0,0,0,0,0,0,0,0,0,0,0
Gm14393,0,0,0,0,0,0,0,0,0,0,0,0,0
Krtap4-8,0,0,0,0,0,0,0,0,0,0,0,0,0
Krtap4-9,0,0,0,0,0,0,0,0,0,0,0,0,0
Gm12824,0,0,1,3,2,0,1,2,1,0,4,2,0
Gm14346,0,0,0,0,0,0,0,0,0,0,0,0,0
Gm14351,0,0,0,0,0,0,0,0,0,0,0,0,0
Gm10921,0,0,0,0,0,0,0,0,0,0,0,0,0
Gm10922,0,0,0,0,0,0,0,0,0,0,0,0,0
Mpzl3,0,1,2,0,1,4,0,1,0,0,0,0,0
Ptchd1,4,4,2,6,2,18,3,9,1,0,3,2,4
Dennd2d,9,3,3,3,7,15,3,4,5,0,5,4,1
Ogfod1,35,25,41,22,29,92,27,90,26,34,51,28,30
2410002O22Rik,59,35,22,44,43,105,45,112,44,27,68,29,61
Myadm,103,53,121,200,174,429,144,382,122,140,149,141,56
Myt1l,0,0,0,0,0,0,0,0,0,0,0,0,0
C1s,10,5,14,17,27,12,4,17,4,0,29,14,5
Kif26a,0,0,4,0,4,10,3,7,1,1,10,8,0
Trerf1,2,2,2,9,4,7,1,11,4,5,1,4,0
Ccnyl1,16,10,10,12,21,67,8,32,8,16,21,24,5
Gm14151,0,0,0,0,0,0,0,0,0,0,0,0,0
Gm11758,0,0,0,0,0,0,0,0,0,0,0,0,0
Hist1h2bq,0,0,0,0,0,0,0,0,0,0,0,0,0
Gm16390,0,0,0,0,0,0,0,0,0,0,0,0,0
Pcdh10,2,2,1,0,0,2,1,1,0,0,1,0,0
Hic1,0,0,0,1,0,1,1,11,2,2,0,0,0
Bhlhb9,34,37,42,26,39,97,28,63,21,10,43,19,38
Adam22,16,4,10,20,6,38,16,32,10,3,12,7,6
Tead3,11,3,8,8,5,16,4,11,5,3,5,2,0
Sdcbp,756,753,604,1269,1375,2067,532,1588,568,601,624,536,811
Purg,10,3,2,0,4,14,2,9,4,11,3,1,2
Ttll2,0,0,0,0,0,0,0,0,0,0,0,0,0
Gm10375,0,0,0,0,0,0,0,0,0,0,0,0,0
Tmem176a,89,64,150,153,145,310,149,262,100,85,91,95,96
Nr1i2,0,0,0,0,0,0,0,0,0,0,0,0,0
Grsf1,106,101,59,105,104,326,102,245,70,61,122,77,85
Kcnb2,0,0,0,0,0,0,0,0,0,0,0,0,0
Klrc2,0,0,0,0,1,3,0,0,0,0,0,1,1
Yy2,1,11,0,13,2,48,7,24,19,17,9,14,9
Ndufa4l2,0,0,0,2,3,4,1,5,0,1,1,1,5
Tox2,2,0,0,0,0,0,1,0,0,0,1,0,0
Ptrh2,13,26,10,18,15,61,18,62,18,30,19,11,24
Gm13277,0,0,2,0,0,0,0,0,0,0,0,0,0
Gm13278,0,0,0,0,0,0,0,0,0,0,0,0,0
Gm6812,0,0,0,0,0,0,0,0,0,0,0,0,0
Ly6c2,5,8,12,5,18,6,0,1,0,0,0,13,7
Tekt5,0,3,2,0,1,5,0,2,0,0,2,0,1
Pik3c2b,17,3,4,8,9,35,13,30,10,6,25,14,5
Zfp541,0,0,0,2,0,0,0,1,0,0,0,0,0
Arhgap44,7,2,10,13,16,25,6,23,2,1,17,8,1
1700042G07Rik,0,0,0,0,0,0,0,0,0,0,0,0,0
Grrp1,2,1,14,5,12,1,2,8,1,4,1,8,4
Duox1,0,0,0,0,0,0,0,0,0,0,0,0,0
Scn2a1,0,1,1,0,0,4,0,3,0,0,2,1,0
Ajap1,0,0,0,0,1,0,0,0,0,0,0,0,0
Lcn14,0,0,0,0,0,0,0,0,0,0,0,0,0
Gm5640,0,0,0,1,0,0,0,0,0,0,0,0,0
Fam159a,0,0,0,0,0,0,0,0,0,0,0,0,0
Gm6880,0,0,0,0,0,0,0,0,0,0,0,0,0
Gm6890,0,0,0,0,0,0,0,0,0,0,0,0,0
Gm7173,0,6,0,5,4,15,2,3,1,0,7,2,11
Gm14391,0,0,0,0,0,0,0,0,0,0,0,0,0
Gm12887,0,0,0,0,0,0,0,0,0,0,0,0,0
Gm8787,0,2,3,0,3,2,0,5,0,0,3,2,0
Gm11596,0,0,0,0,0,0,0,0,0,0,0,0,0
Gm11569,0,0,0,0,0,0,0,0,0,0,0,0,0
Gm11554,0,0,0,0,0,0,0,0,0,0,0,0,0
Msmp,13,8,5,11,17,33,9,26,6,3,7,8,2
Rhox2b,0,0,0,0,0,0,0,0,0,0,0,0,0
Rhox2c,0,0,0,0,0,0,0,0,0,0,0,0,0
Gm12942,9,10,6,8,9,26,6,20,17,17,5,5,18
Gm15023,0,0,0,0,0,0,0,0,0,0,0,0,0
Zkscan16,0,0,0,2,0,0,0,2,0,0,0,0,0
Gm10488,0,0,0,0,0,0,0,0,0,0,0,0,0
Gm14458,0,0,0,0,0,0,0,0,0,0,0,0,0
100043387,0,0,0,0,0,0,0,0,0,0,0,0,0
Zfp831,0,0,0,0,0,1,0,1,1,0,0,1,0
Gm12769,0,0,0,0,0,0,0,0,0,0,0,0,0
Gm12776,0,0,0,0,0,0,0,0,0,0,0,0,0
R3hdml,0,0,0,0,0,0,0,0,0,0,0,0,0
Cd101,15,5,3,7,8,26,6,13,5,3,6,6,2
Gm2863,0,0,0,0,0,0,0,0,0,0,0,0,0
Gm11937,0,0,0,0,0,0,0,0,0,0,0,0,0
Gm10230,0,0,0,0,0,0,0,0,0,0,0,0,0
Gm13305,0,0,0,0,0,0,0,0,0,0,0,0,0
Gm14308,0,0,0,0,0,0,0,0,0,0,0,0,0
Rapgef2,84,43,39,104,103,212,58,203,55,74,65,90,7
Atad2b,82,30,20,68,56,295,72,214,90,89,101,93,18
Sh2d5,0,3,1,0,2,1,1,2,0,0,0,0,0
Rnf39,0,0,0,0,1,0,3,2,0,0,0,0,0
Dnahc9,34,43,22,35,32,148,21,84,9,2,58,33,17
Myof,72,78,73,75,64,168,49,176,43,23,143,76,43
Myh3,0,0,0,0,0,0,0,0,0,0,0,0,0
Pnmal2,3,9,10,8,8,32,10,24,3,0,10,13,1
Cep170,190,91,100,140,144,675,191,479,167,216,193,157,57
Gabra6,0,0,0,0,0,0,0,0,0,0,0,0,0
Gm3750,0,0,0,0,0,0,0,0,0,0,0,0,0
Htr3a,2,0,4,0,0,0,0,0,0,0,0,0,0
Npw,0,0,0,0,0,0,0,0,0,0,0,0,0
1810022K09Rik,2,11,0,0,11,10,2,9,2,7,1,1,3
Tomm5,1,16,7,6,11,11,8,13,3,7,11,4,15
Fbxo39,0,0,3,1,0,0,0,1,0,0,0,0,0
Dnajc28,10,11,3,17,16,50,16,36,16,14,13,14,13
Scgb1c1,0,1,0,0,1,0,0,0,0,0,0,0,0
Krtap17-1,0,0,0,0,0,0,0,0,0,0,0,0,0
Pklr,0,0,0,0,0,3,0,0,0,0,0,0,0
2210404O07Rik,2,2,0,5,1,2,2,4,0,0,2,2,2
4930431A04Rik,0,0,0,0,0,0,0,0,0,0,0,0,0
Gm10147,0,0,0,0,0,0,0,0,0,0,0,0,0
Gm15093,0,0,0,0,0,0,0,0,0,0,0,0,0
Srp54b,0,1,0,0,0,0,0,0,0,0,0,0,0
Srp54c,22,27,6,14,19,64,16,42,16,13,23,11,18
1700047I17Rik2,0,0,0,0,0,0,0,0,0,0,0,0,0
Calcoco2,0,0,0,0,0,1,0,1,0,0,0,3,0
Cyp3a57,0,0,0,0,0,0,0,0,0,0,0,0,0
Cyp4a32,0,0,0,0,0,0,0,0,0,0,0,0,0
Cyp2j12,0,0,0,0,0,1,0,0,0,0,0,0,1
Cyp4a29-ps,0,0,0,0,0,0,0,0,0,0,0,0,0
Cyp2t4,2,0,0,0,5,5,1,3,5,1,0,2,0
Cyp4a30b-ps,0,0,0,0,0,0,0,0,0,0,0,0,0
Zscan4d,0,0,0,0,0,0,0,0,0,0,0,0,0
Gm9705,0,0,0,0,0,0,0,0,0,0,0,0,0
4930505A04Rik,1,0,0,0,0,7,0,1,0,0,0,2,0
Otof,0,0,0,0,0,1,0,0,0,1,0,0,0
Gm14430,0,0,0,0,0,0,0,0,0,0,0,0,0
OTTMUSG00000016609,0,0,0,0,0,0,0,0,0,0,0,0,0
Gm5934,0,0,0,0,0,0,0,0,0,0,0,0,0
Gm4297,0,0,0,0,0,0,0,0,0,0,0,0,0
Taf4b,24,16,13,22,19,17,5,23,9,7,9,13,8
Msl2,204,70,121,159,166,532,149,374,159,137,187,173,41
BC032203,92,33,87,73,87,264,79,245,75,68,74,82,25
Wfikkn1,0,0,0,1,3,6,2,5,0,2,0,3,1
Lcn11,0,0,0,0,0,0,0,0,0,0,0,0,0
Fam169a,3,3,0,4,5,12,2,6,0,2,0,1,3
Zbtb42,0,0,2,2,6,6,0,8,1,1,0,1,0
Pnma5,0,0,0,0,0,0,0,1,0,0,1,3,0
Tmem221,4,1,2,9,8,11,3,17,2,4,2,8,5
Abpb,0,0,0,0,0,0,0,0,0,0,0,0,0
Rhox2h,0,0,0,0,0,0,0,0,0,0,0,0,0
Skint8,0,0,0,0,0,0,0,0,0,0,0,0,0
Rc3h2,113,51,37,66,76,272,68,197,91,64,107,98,54
Gm2002,0,0,0,0,0,0,0,0,0,0,0,0,0
Adat3,0,2,0,1,1,4,4,0,1,1,0,1,1
Gm10487,0,0,0,0,0,0,0,0,0,0,0,0,0
Gm14632,0,0,0,0,0,0,0,0,0,0,0,0,0
Gm11564,0,0,0,0,0,0,0,0,0,0,0,0,0
Vmn2r121,0,0,0,0,0,0,0,0,0,0,0,0,0
Siglec15,0,0,0,0,0,0,0,0,0,0,0,0,0
Psmg4,2,3,0,3,12,12,3,3,3,4,3,0,11
2510049J12Rik,0,0,0,0,1,1,0,0,0,0,0,0,0
Zcchc24,65,17,35,59,66,169,55,137,48,47,51,52,13
Prrt4,0,0,7,0,0,0,0,3,1,0,0,0,0
Cyp4f17,4,5,1,4,2,9,2,10,1,0,3,0,2
Gm44,0,0,0,0,0,0,0,0,0,0,0,0,0
Gm4794,0,0,0,0,0,0,0,0,0,0,0,0,0
9130204L05Rik,0,0,0,0,0,0,0,0,0,0,0,0,0
Gm4871,0,0,0,0,0,0,0,0,0,0,0,0,0
Foxi3,0,0,0,0,0,0,0,0,0,0,0,0,0
Cyp2a22,0,0,0,0,0,0,0,0,0,0,0,0,0
Akap5,11,3,2,1,2,24,4,17,4,4,6,1,1
Serpina3j,0,0,0,0,0,0,0,0,0,0,0,0,0
F830016B08Rik,1,1,0,3,4,2,2,2,5,6,1,5,2
D3Ertd254e,23,55,24,25,28,77,29,80,18,14,49,28,27
Pabpc4l,0,2,3,0,0,3,0,2,0,0,0,6,0
Mrap2,7,32,9,10,7,27,4,18,3,0,19,3,27
Gm4984,0,0,0,0,0,0,0,0,0,0,0,0,0
Fam71f2,1,0,1,0,1,4,1,0,0,0,0,0,0
Gsg1l,0,0,0,0,0,0,0,0,0,0,0,0,0
Gm15104,0,0,0,0,0,0,0,0,0,0,0,0,0
A230065H16Rik,0,0,2,0,0,0,0,1,1,0,0,0,0
Gm5151,0,0,0,0,0,0,0,0,0,0,0,0,0
Clec2l,0,0,0,0,0,1,0,2,0,0,0,0,0
Susd5,1,0,8,2,3,3,0,3,0,1,10,3,3
Gpr25,0,0,0,0,0,0,0,0,0,0,0,0,0
4932443I19Rik,0,0,0,2,3,7,0,10,4,0,1,0,0
Gm5538,0,0,0,0,0,0,0,0,0,0,0,0,0
Sult2a4,0,0,0,0,0,0,0,0,0,0,0,0,0
Tmem233,0,0,0,0,0,0,0,0,0,0,0,0,0
Cldn20,0,0,0,0,0,0,0,0,0,0,0,0,3
Gm6251,0,0,5,2,0,1,1,4,0,0,1,0,0
Vmn1r167,0,0,0,0,0,0,0,0,0,0,0,0,0
Vmn2r82,0,0,0,0,0,0,0,0,0,0,0,0,0
Vmn1r12,0,0,0,0,0,0,0,0,0,0,0,0,0
Gm6927,0,0,0,0,0,0,0,0,0,0,0,0,0
Sult2a3,0,0,0,0,0,0,0,0,0,0,0,0,0
Cyp4f40,0,0,0,0,0,0,0,0,0,0,0,0,0
Gm7244,0,0,0,0,0,0,0,0,0,0,0,0,0
Isoc2a,10,21,21,24,35,51,15,31,9,13,18,15,36
Gm7616,0,0,0,0,0,0,0,0,0,0,0,0,0
Gm8439,0,0,0,0,0,0,0,0,0,0,0,0,0
Gm14446,5,11,4,9,9,4,1,5,2,1,2,0,4
Gm8817,0,0,0,0,0,0,0,5,0,1,1,0,1
Gm9376,0,0,0,0,0,0,0,0,0,0,0,0,0
Gm11567,0,0,0,0,0,0,0,0,0,0,0,0,0
Klra8,1,0,0,1,1,2,1,2,0,0,0,0,4
LOC100040160,0,0,0,0,0,0,0,0,0,0,0,0,0
Iqcf6,0,0,0,0,0,0,0,0,0,0,0,0,0
Gm3238,0,0,0,0,0,0,0,0,0,0,0,0,0
Gm3285,0,0,0,0,0,0,0,0,0,0,0,0,0
Tmem207,0,0,0,0,0,0,0,0,0,0,0,0,0
Prlh,0,0,0,0,0,3,0,0,0,0,0,1,0
Gm11710,0,0,0,0,0,0,0,1,0,0,0,0,0
Gm11711,0,0,0,0,0,0,0,1,0,0,0,0,0
Gm14434,0,0,0,0,0,0,0,0,0,0,0,0,0
Acp5,4,10,11,107,11,0,1,3,1,0,2,2,2
Rbm8a,24,20,19,34,55,74,22,64,21,32,33,28,22
Kng2,2,0,0,8,1,6,1,2,0,4,0,1,2
Kng1,0,0,0,0,0,0,0,0,0,0,0,0,0
Stx16,88,41,50,103,108,277,103,243,91,83,104,135,23
Arfgef1,238,129,116,222,199,578,166,478,152,170,184,177,51
Acbd5,110,139,84,121,119,363,109,233,94,66,139,90,121
Add1,202,97,142,209,198,599,175,488,168,169,201,209,62
Alas2,2,3,0,1,2,19,0,7,0,0,8,1,18
Aplp2,395,430,399,553,479,1120,315,1004,245,176,575,345,253
Rhox3c,0,0,0,0,0,0,0,0,0,0,0,0,0
Azin1,536,400,326,762,722,1759,281,928,331,345,352,339,284
Cnnm2,30,32,39,30,26,74,32,92,18,15,48,40,9
Prrt2,0,1,0,0,0,1,1,1,1,0,0,2,0
Alkbh1,25,15,14,34,41,72,12,63,18,33,33,19,14
Vmn2r75,0,0,0,0,0,0,0,0,0,0,0,0,0
Vmn2r67,0,0,0,0,0,0,0,0,0,0,0,0,0
Vmn2r76,0,0,0,0,0,0,0,0,0,0,0,0,0
Vmn2r95,0,0,0,0,0,0,0,0,0,0,0,0,0
Vmn2r18,0,0,0,0,0,0,0,0,0,0,0,0,0
Vmn2r114,0,0,0,0,0,0,0,0,0,0,0,0,0
Vmn2r85,0,0,0,0,0,0,0,0,0,0,0,0,0
Col6a6,3,2,3,2,0,10,3,5,2,1,9,15,1
Smyd4,20,10,19,17,13,37,16,45,7,9,10,13,15
Phldb3,1,0,5,4,4,7,0,3,2,1,6,3,1
Kif19a,1,3,0,5,1,16,2,5,3,1,4,0,0
Nt5c3l,15,9,15,24,16,40,8,28,9,2,23,16,22
Gm2663,0,0,0,0,0,0,0,0,0,0,0,0,0
Skint1,0,0,0,0,0,0,0,0,0,0,0,0,0
Gm14920,0,0,0,0,0,0,0,0,0,0,0,0,0
Gm1993,0,0,0,0,0,0,0,0,0,0,0,0,0
Gm10096,0,0,0,0,0,0,0,0,0,0,0,0,0
LOC100040223,0,0,0,0,0,0,0,0,0,0,0,0,0
Gm10334,0,0,0,0,0,0,0,0,0,0,0,0,0
Steap2,157,300,110,250,205,481,130,475,78,3,261,148,157
Gm13242,0,0,0,0,0,0,0,2,0,0,0,0,0
Pcbp2,367,186,275,471,383,1025,307,820,288,293,344,268,190
Zglp1,0,0,0,0,0,0,0,0,0,0,0,0,0
Myo15,0,0,1,2,2,2,0,0,0,0,0,1,0
Ablim1,96,100,88,150,137,406,92,348,83,57,317,97,108
Lin9,13,7,2,8,4,51,16,45,19,19,27,17,16
Skint6,0,0,0,0,0,0,0,0,0,0,0,0,0
Vmn2r86,0,0,0,0,0,0,0,0,0,0,0,0,0
Vmn2r87,0,0,0,0,0,0,0,0,0,0,0,0,0
Rai2,0,2,5,5,6,18,5,11,3,0,6,6,2
Vmn2r80,0,0,0,0,0,0,0,0,0,0,0,0,0
Cyp2c69,0,0,0,0,0,0,0,0,0,0,0,0,0
Gpr35,27,18,23,16,41,53,38,43,18,27,15,16,6
Med7,65,62,55,75,87,200,64,128,66,78,45,42,68
Cyp2d11,0,0,0,0,0,1,0,0,0,0,0,0,0
Vmn2r83,0,0,0,0,0,0,0,0,0,1,0,0,0
Vmn2r90,0,0,0,0,0,0,0,0,0,0,0,0,0
Vmn2r91,0,0,0,0,0,0,0,0,0,0,0,0,0
Vmn2r92,0,0,0,0,0,0,0,0,0,0,0,0,0
Vmn2r93,0,0,0,0,0,0,0,0,0,0,0,0,0
Vmn2r94,0,0,0,0,0,0,0,0,0,0,0,0,0
Vmn2r96,0,0,0,0,0,0,0,0,0,0,0,0,0
Vmn2r97,0,0,0,0,0,0,0,0,0,0,0,0,0
Vmn2r98,0,0,0,0,0,0,0,0,0,0,0,0,0
Vmn2r99,0,0,0,0,0,0,0,0,0,0,0,0,0
Vmn2r100,0,0,0,0,0,0,0,0,0,0,0,0,0
Vmn2r101,0,0,0,0,0,0,0,0,0,0,0,0,0
Vmn2r102,0,0,0,0,0,0,0,0,0,0,0,0,0
Vmn2r103,0,0,0,0,0,0,0,0,0,0,0,0,0
Vmn2r104,0,0,0,0,0,0,0,0,0,0,0,0,0
Vmn2r105,0,0,0,0,0,0,0,0,0,0,0,0,0
Vmn2r106,0,0,0,0,0,0,0,0,0,0,0,0,0
Vmn2r107,0,0,0,0,0,0,0,0,0,0,0,0,0
Vmn2r108,0,0,0,0,0,0,0,0,0,0,0,0,0
Vmn2r109,0,0,0,0,0,0,0,0,0,0,0,0,0
Vmn2r110,0,0,0,0,0,0,0,0,0,0,0,0,0
Vmn2r111,0,0,0,0,0,0,0,0,0,0,0,0,0
Vmn2r112,0,0,0,0,0,0,0,0,0,0,0,0,0
Vmn2r113,0,0,0,0,0,0,0,0,0,0,0,0,0
Vmn2r115,0,0,0,0,0,0,0,0,0,0,0,0,0
Vmn2r116,0,0,0,0,0,0,0,0,0,0,0,0,0
Vmn2r117,0,0,0,0,0,0,0,0,0,0,0,0,0
Vmn2r118,0,2,0,0,0,0,0,0,0,0,0,0,0
Vmn2r120,0,0,0,0,0,0,0,0,0,0,0,0,0
Vmn2r3,0,0,0,0,0,0,0,0,0,0,0,0,0
Vmn2r4,0,0,0,0,0,0,0,0,0,0,0,0,0
Rdx,260,176,189,260,265,721,203,525,204,247,308,208,217
Vmn2r13,0,0,0,0,0,0,0,0,0,0,0,0,0
Vmn2r14,0,0,0,0,0,0,0,0,0,0,0,0,0
Vmn2r15,0,0,0,0,0,0,0,0,0,0,0,0,0
Vmn2r16,0,0,0,0,0,0,0,0,0,0,0,0,0
Vmn2r17,0,0,0,0,0,0,0,0,0,0,0,0,0
Vmn2r19,0,0,0,0,0,0,0,0,0,0,0,0,0
Vmn2r20,0,0,0,0,0,0,0,0,0,0,0,0,0
Vmn2r21,0,0,0,0,0,0,0,0,0,0,0,0,0
Vmn2r22,0,0,0,0,0,0,0,0,0,0,0,0,0
Vmn2r23,0,0,0,0,0,0,0,0,0,0,0,0,0
Vmn2r24,0,0,0,0,0,0,0,0,0,0,0,0,0
Vmn2r25,0,0,0,0,0,0,0,0,0,0,0,0,0
Vmn2r27,0,0,0,0,0,0,0,0,0,0,0,0,0
Vmn2r53,0,0,0,0,0,0,0,0,0,0,0,0,0
Vmn2r55,0,0,0,0,0,0,0,0,0,0,0,0,0
AW209491,10,18,9,11,8,32,15,28,16,14,16,7,23
Vmn2r56,0,0,0,0,0,0,0,0,0,0,0,0,0
Cyp2j8,0,1,0,0,0,0,0,0,0,0,0,0,0
Gm2012,0,0,0,0,0,0,0,0,0,0,0,0,0
Vmn2r58,0,0,0,0,0,0,0,0,0,0,0,0,0
Vmn2r59,0,0,0,0,0,0,0,0,0,0,0,0,0
Vmn2r60,0,0,0,0,0,0,0,0,0,0,0,0,0
Vmn2r61,0,0,0,0,0,0,0,0,0,0,0,0,0
Vmn2r62,0,0,0,0,0,0,0,0,0,0,0,0,0
Vmn2r63,0,0,0,0,0,0,0,0,0,0,0,0,0
Gm9268,0,0,0,0,0,0,0,0,0,0,0,0,0
Vmn2r31,0,0,0,0,0,0,0,0,0,0,0,0,0
Vmn2r32,0,0,0,0,0,0,0,0,0,0,0,0,0
Vmn2r33,0,0,0,0,0,0,0,0,0,0,0,0,0
Vmn2r34,0,0,0,0,0,0,0,0,0,0,0,0,0
Vmn2r35,0,0,0,0,0,0,0,0,0,0,0,0,0
Vmn2r36,0,0,0,0,0,0,0,0,0,0,0,0,0
Vmn2r38,0,0,0,0,0,0,0,0,0,0,0,0,0
Vmn2r39,0,0,0,0,0,0,0,0,0,0,0,0,0
Vmn2r40,0,0,0,0,0,0,0,0,0,0,0,0,0
Vmn2r41,0,0,0,0,0,0,0,0,0,0,0,0,0
Vmn2r44,0,0,0,0,0,0,0,0,0,0,0,0,0
Vmn2r45,0,0,0,0,0,0,0,0,0,0,0,0,0
Vmn2r46,0,0,0,0,0,0,0,0,0,0,0,0,0
Vmn2r47,0,0,0,0,0,0,0,0,0,0,0,0,0
Vmn2r48,0,0,0,0,0,0,0,0,0,0,0,0,0
Vmn2r49,0,0,0,0,0,0,0,0,0,0,0,0,0
Cyp3a41b,0,0,0,0,0,0,0,0,0,0,0,0,0
Cyp3a59,0,0,0,0,0,0,0,0,0,0,0,0,0
Vmn2r50,0,0,0,0,0,0,0,0,0,0,0,0,0
Vmn2r51,0,0,0,0,0,0,0,0,0,0,0,0,0
Vmn2r65,0,0,0,0,0,0,0,0,0,0,0,0,0
Vmn2r68-ps,0,0,0,0,0,0,0,0,0,0,0,0,0
Vmn2r69,0,0,0,0,0,0,0,0,0,0,0,0,0
Vmn2r70,0,0,0,0,0,0,0,0,0,0,0,0,0
Vmn2r71,0,0,0,0,0,0,0,0,0,0,0,0,0
Vmn2r72-ps,0,0,0,0,0,0,0,0,0,0,0,0,0
Vmn2r73,0,0,0,0,0,0,0,0,0,0,0,0,0
Vmn2r74,0,0,0,0,0,0,0,0,0,0,0,0,0
Vmn2r77,0,0,0,0,0,0,0,0,0,0,0,0,0
Vmn2r78,0,0,0,0,0,0,0,0,0,0,0,0,0
Vmn2r79,0,0,0,0,0,0,0,0,0,0,0,0,0
Vmn2r52,0,0,0,0,0,0,0,0,0,0,0,0,0
Cyp26c1,0,0,0,0,0,0,0,0,0,0,0,0,0
Pcdh19,25,24,21,24,45,6,1,17,3,7,9,15,0
Tmc5,0,0,0,0,0,0,0,3,0,0,0,0,3
Gm10436,0,0,0,0,0,0,0,0,0,0,0,0,0
Zfp938,9,19,10,11,11,29,13,25,11,10,14,9,9
Gm11545,8,0,1,5,7,42,6,6,2,7,8,4,3
Dtymk,22,13,16,15,22,32,19,31,9,25,12,6,22
Kif21a,18,34,19,27,20,68,16,45,8,1,18,22,13
Zfp185,33,76,28,71,55,145,44,126,19,1,82,34,38
Aqp8,0,0,0,0,0,0,0,0,0,0,0,0,0
Cdk12,129,49,49,65,86,287,86,222,87,112,98,101,10
Gas7,57,52,34,60,39,115,29,85,9,5,57,52,8
Bach2,47,12,15,46,67,105,32,76,40,41,36,46,9
Kazn,3,7,3,4,4,31,1,12,5,0,9,5,0
Phf21a,69,31,48,40,57,225,47,165,67,49,56,70,14
Skor2,0,0,0,0,0,0,0,0,0,0,0,0,0
Cnbp,457,376,409,667,801,1168,310,909,304,330,370,294,483
Cenpw,1,0,0,0,0,0,0,2,0,0,0,0,1
Cntn4,0,0,0,0,0,0,0,0,0,0,0,0,0
Dgcr2,85,47,67,91,86,271,87,240,70,68,83,88,31
Dlg4,23,13,19,42,27,92,33,102,25,29,23,29,11
Sv2b,0,0,0,0,1,5,0,0,0,0,0,0,0
Atp7a,260,358,142,302,302,715,193,532,166,128,308,222,182
Fam71a,44,30,18,37,69,159,42,176,69,34,22,62,11
Ctnna2,0,5,0,0,0,2,0,0,0,0,1,0,0
Cbfa2t3,8,2,17,19,10,114,28,88,46,33,41,30,2
Rnft2,4,6,10,4,5,7,7,11,3,0,5,9,6
Stau1,223,84,97,178,210,504,154,381,124,139,177,180,53
Srrt,74,42,105,107,110,350,95,277,67,69,93,91,33
Hnrnpm,176,92,127,162,193,475,124,370,123,137,163,150,76
Apold1,80,58,104,119,182,94,20,94,27,34,55,100,9
Gm10058,0,0,0,0,0,0,0,0,0,0,0,0,0
Gm10486,0,0,0,0,0,0,0,0,0,0,0,0,0
Sec61g,2,1,3,0,0,2,0,0,1,0,0,0,1
Nos1ap,9,3,8,8,7,28,14,28,1,10,6,17,2
D0H4S114,37,72,41,41,33,160,31,108,23,43,74,50,92
Col18a1,29,32,41,29,31,42,20,76,13,14,41,45,7
Ptpn11,135,102,122,171,182,404,107,358,85,63,160,155,103
Tmem141,10,19,16,28,23,65,24,42,16,13,11,28,24
Eftud2,54,51,95,70,113,150,66,152,44,57,78,74,36
Apoc1,4,13,4,4,4,4,2,9,1,0,10,3,12
Tmtc3,61,53,20,46,57,118,41,154,38,43,61,34,36
Wdr36,45,47,46,48,64,117,34,118,31,50,65,43,51
Dzip3,43,22,11,38,25,122,30,80,45,44,43,26,21
Banp,24,12,12,12,22,71,33,67,25,27,21,34,11
Lsm2,0,1,5,2,9,16,4,16,4,8,2,6,2
Cic,117,29,131,196,188,455,206,387,113,101,83,203,6
1700093K21Rik,0,0,0,0,0,0,0,0,0,0,1,0,0
Cul4b,222,431,235,256,257,694,224,594,124,65,376,153,323
Prg4,7,2,8,6,8,29,10,18,9,12,12,8,6
Tnk2,2,3,4,7,11,17,4,19,4,6,7,5,1
Mgat1,144,63,150,150,161,412,148,379,107,153,127,132,42
Nxt1,8,3,11,6,5,20,8,22,7,7,1,5,7
Cdca2,1,1,2,0,1,4,1,9,5,4,0,2,0
Inpp5d,1264,358,1030,1121,1106,3366,1239,3044,1118,1251,965,1111,213
Rnf146,98,98,55,94,130,257,63,230,96,95,120,74,92
Yif1b,9,12,55,20,33,57,20,41,16,22,9,15,24
Acvr1,90,36,44,75,75,349,106,263,110,78,94,77,34
Akt2,34,25,23,48,56,92,37,91,28,15,29,42,12
Anxa6,84,123,172,159,135,281,102,315,72,52,129,86,71
Gigyf2,78,63,50,97,78,258,53,188,75,75,105,85,48
Cbx5,117,143,47,106,118,459,94,334,73,31,201,99,106
Ppm1h,150,78,80,143,155,370,106,273,105,103,137,139,30
Dcx,0,0,3,0,0,8,0,9,0,0,0,0,0
Kcnj13,209,713,291,384,353,778,299,800,123,4,560,195,599
Celf2,344,140,218,337,315,1097,292,866,316,362,284,299,140
Ngfrap1,21,45,37,40,31,81,23,67,12,8,25,9,68
Acp1,18,15,17,17,28,47,21,36,16,14,18,11,18
Slc24a2,2,0,0,0,0,11,0,1,0,0,2,2,1
1810043H04Rik,1,3,2,3,3,10,1,11,1,4,0,2,6
Gm14819,0,0,0,0,0,0,0,0,0,0,0,0,0
Hmbs,18,7,10,12,12,29,8,41,9,8,14,5,14
Hpn,11,1,6,11,15,17,3,5,5,3,0,4,1
Fyco1,120,100,75,135,128,327,94,275,80,57,157,108,46
Zfp945,26,27,21,35,21,47,13,56,14,17,21,16,21
Abhd14a,6,8,19,9,12,21,13,20,5,7,10,12,18
Slc14a2,0,0,0,4,0,9,0,4,0,0,0,0,1
Ap1m2,0,0,0,0,0,0,0,0,0,0,0,0,0
Zfp426,46,41,30,40,41,165,52,116,52,54,65,49,36
Snx12,99,40,38,65,78,122,31,110,46,55,49,29,25
Kif1a,37,56,39,64,57,182,63,158,14,2,85,63,13
Zscan4f,0,0,0,0,0,0,0,0,0,0,0,0,0
Cd72,29,21,15,221,29,48,24,46,16,16,10,30,19
Klra7,1,0,0,0,0,1,0,4,0,0,0,2,2
Fiz1,34,14,27,33,29,89,31,63,23,36,26,30,3
Gprc5c,16,26,41,27,23,48,16,25,3,3,15,20,15
Sin3a,148,44,97,110,101,389,111,266,110,75,133,89,41
Tmem87a,124,72,59,88,112,255,57,234,87,70,94,52,80
Canx,1015,791,683,959,840,2386,724,2186,782,763,1058,621,789
Amy1,2,0,0,0,0,4,0,2,1,0,1,0,0
BC060267,3,12,4,9,8,35,10,16,0,3,9,13,7
Zfp703,65,17,59,62,59,201,71,147,56,84,45,79,14
Ebf4,0,0,0,2,1,1,0,0,1,0,1,0,0
Hist1h2br,0,0,0,0,0,0,0,0,0,0,0,0,0
Adam11,0,0,0,0,1,0,0,2,1,0,0,0,0
Gm7714,0,0,0,0,0,0,0,0,0,0,0,0,0
Syn1,0,0,0,4,0,2,1,0,2,0,0,0,0
Ank1,2,0,5,3,4,3,1,14,3,4,2,1,0
Xlr3a,0,2,0,0,0,1,0,2,0,1,0,0,0
Sf1,274,99,203,316,389,858,220,634,214,222,197,244,42
Anxa7,176,107,143,196,318,226,86,230,65,63,115,136,72
Pclo,7,2,1,4,1,19,6,16,4,0,8,3,1
Capn12,8,7,7,11,14,24,8,26,9,4,14,11,4
Gpatch4,4,9,6,8,21,25,5,22,6,3,6,10,7
Foxp4,10,3,24,11,13,13,5,18,3,5,3,11,0
Ddx6,707,297,402,730,675,2000,444,1446,522,574,585,534,258
Rbfox2,7,9,13,28,29,45,16,48,11,3,32,29,7
Dnpep,16,5,31,37,46,62,38,73,28,12,20,26,30
Nfya,253,96,155,270,303,772,212,629,208,224,199,253,96
Cacna2d1,5,9,3,7,7,9,4,12,6,0,10,7,4
Crem,30,43,12,51,54,86,27,65,15,13,19,25,30
Nav2,95,40,69,97,104,317,72,221,98,78,76,107,7
Serac1,18,10,8,14,17,85,12,64,11,15,32,22,10
Runx1,402,150,244,351,545,432,121,319,112,126,88,151,44
Pigx,24,25,12,25,26,63,27,69,13,43,20,18,39
Runx1t1,0,0,0,1,0,4,3,0,1,1,8,0,0
Kctd9,19,8,11,14,11,46,15,40,12,12,21,14,7
Zfp661,6,6,3,2,2,19,8,19,10,7,3,14,0
Gm14483,0,0,0,0,0,0,0,0,0,0,0,0,0
Serpinh1,24,36,64,63,87,112,35,112,21,8,54,47,51
Fga,0,0,0,0,0,0,0,0,0,0,0,0,0
Cd151,76,75,129,97,118,195,94,181,57,47,108,85,159
Cd33,351,158,191,271,325,1239,291,835,316,362,303,317,228
Cd34,421,222,349,300,397,809,270,662,259,355,398,227,272
Cd59a,66,178,104,95,101,205,73,200,41,5,147,55,103
Comt,133,75,207,162,215,390,167,373,139,153,106,135,136
Fkbp8,35,35,114,73,116,148,70,167,37,46,46,74,37
Fxyd5,55,34,51,60,80,75,29,107,27,16,68,59,74
Cdc25b,0,0,7,2,2,9,5,10,1,0,3,7,4
Btnl3,0,0,1,0,0,0,0,0,0,0,1,0,0
Lyn,779,368,545,709,612,1882,618,1624,661,763,611,466,431
Lipa,177,176,147,205,180,564,193,469,177,168,218,136,169
Uba3,84,67,59,79,73,210,68,171,73,63,100,82,94
Zfp322a,20,19,14,29,14,62,12,72,21,8,37,24,20
Cmah,1,0,2,8,0,9,5,10,0,0,11,2,0
Atg16l2,8,3,5,8,22,17,11,12,7,6,3,20,6
Rad51ap2,0,0,0,0,0,0,0,0,0,0,0,0,0
Ccnb1ip1,0,0,0,0,0,0,0,0,0,0,0,0,0
Ccdc6,67,29,38,41,43,129,49,112,63,24,53,40,17
Lrrc10b,0,0,0,0,1,7,1,3,0,0,2,1,0
Gm505,6,6,15,8,6,48,7,26,9,14,10,8,1
Gm88,0,0,0,1,0,3,1,4,0,0,0,1,0
Cym,0,0,0,0,0,0,0,0,0,0,0,0,0
Grik2,0,0,0,0,0,0,0,0,0,0,0,0,0
Stau2,15,13,17,20,24,64,22,37,22,19,20,14,18
Eif2b3,21,17,7,34,20,59,6,44,15,14,17,17,27
Wdfy1,133,74,82,103,84,250,78,174,51,101,79,75,44
Omt2a,0,0,0,0,0,0,0,0,0,0,0,0,0
Sco2,8,13,10,12,16,33,9,28,12,8,12,6,13
Caprin1,356,275,275,439,468,1109,286,864,268,347,414,251,243
Xlr5b,0,0,0,0,0,0,0,0,0,0,0,0,0
Sult2a1,0,0,0,0,0,0,0,0,0,0,0,0,0
Tbc1d9,588,466,551,755,615,1624,554,1442,397,257,671,539,218
Lrrfip1,181,84,148,141,205,356,115,274,116,104,93,117,35
Ngef,0,0,0,1,3,5,1,1,0,0,1,1,0
Ptprc,701,386,424,787,734,2032,530,1333,545,684,474,497,329
BC048609,0,0,0,0,1,3,0,1,2,0,0,0,0
Cldn24,0,0,0,0,0,0,0,0,0,0,0,0,0
Nedd9,44,30,36,79,52,95,34,73,20,11,52,54,30
Hsd3b4,0,0,0,0,0,0,0,0,0,0,0,0,0
Chrm1,1,0,2,0,1,0,0,0,0,0,2,0,0
Cyth1,41,28,51,47,52,135,29,110,44,38,26,42,18
Cyth2,40,25,40,113,97,193,57,180,45,61,46,66,40
Tnni1,0,0,0,0,0,0,1,0,0,0,0,0,0
Abl1,192,67,189,199,246,843,285,697,253,205,196,295,25
Tlk2,72,53,57,81,73,214,69,134,58,74,80,67,24
Aldh3a1,0,0,0,0,0,0,0,0,0,0,0,0,0
BC019943,41,36,27,25,34,87,24,64,17,18,26,21,20
C030039L03Rik,0,0,2,5,2,3,1,4,0,1,2,2,2
Atp5c1,129,155,90,159,168,307,128,265,99,103,160,80,211
Kcnc1,0,0,0,0,0,0,0,1,0,0,0,2,0
Arhgef16,1,2,0,5,1,3,2,3,0,0,1,1,0
Slc8a1,339,113,131,275,265,846,215,657,243,267,248,197,97
Cacna1g,1,1,0,6,0,0,0,1,3,0,1,6,0
Gria4,0,0,0,0,0,1,0,0,0,0,0,0,1
Khdc1b,0,0,0,0,0,0,0,0,0,0,0,0,0
Fxr1,153,102,81,135,164,398,108,349,111,115,129,101,149
Mitf,87,78,52,99,73,321,67,231,68,63,98,94,49
Naca,18,13,7,8,17,62,20,45,20,11,12,28,9
Ncam1,1,1,2,13,2,15,2,21,3,0,5,2,3
Ncam2,0,0,0,2,1,2,2,7,0,1,1,0,0
Nfib,33,45,27,51,32,96,14,106,18,3,88,30,24
Odf2,58,32,34,67,69,262,70,202,57,68,57,70,23
Sin3b,67,51,69,75,111,148,74,169,43,41,51,60,77
BC031353,19,33,23,31,35,159,37,109,35,35,54,41,29
Glb1l3,1,0,0,0,0,0,0,2,1,0,0,0,0
Gria1,0,0,0,20,0,15,2,6,0,0,1,0,0
Fam131b,0,0,0,0,0,2,0,0,0,2,1,0,0
Gatad2a,51,36,73,88,78,186,76,205,58,37,52,66,8
Xkr5,2,0,0,0,0,4,0,0,2,0,1,0,0
Phf8,56,16,23,41,44,174,39,145,41,43,52,43,25
Vps26a,138,91,98,161,145,424,112,285,119,104,111,82,109
C1rb,0,0,0,0,0,0,0,0,0,0,0,0,0
Dad1,72,110,111,123,161,221,93,204,50,43,69,71,226
Plch2,0,0,0,0,0,0,0,0,0,0,0,2,0
Tbc1d14,493,194,262,386,493,699,210,599,225,205,217,311,133
Boll,2,0,0,0,0,1,0,0,0,1,0,0,0
Ceacam2,3,3,1,2,1,8,2,18,1,1,5,5,9
Shank2,6,8,6,23,7,35,12,27,5,0,10,8,3
Mocs2,22,36,26,34,23,77,31,70,25,17,46,16,45
Lrrc32,28,20,80,35,40,17,5,12,13,4,21,53,2
Gls,257,196,158,295,380,841,168,555,209,200,159,209,106
Dyrk1a,161,72,94,155,163,532,108,384,117,147,114,147,29
Cd247,17,7,4,8,5,55,18,33,13,12,15,14,4
Gm16501,0,0,0,0,0,0,0,0,0,0,0,0,0
Zfp385b,1,7,1,0,1,14,3,3,3,0,5,3,1
Eaf2,0,0,0,2,0,1,0,1,0,0,0,0,0
Tshr,0,0,0,0,0,0,0,1,0,0,0,0,0
Krtap11-1,0,0,0,0,0,0,0,0,0,0,0,0,0
Fggy,9,3,15,24,11,32,12,29,10,7,10,16,14
Rnf13,543,428,331,459,530,1492,445,1162,497,627,505,312,576
Ebf3,46,23,24,38,33,230,35,116,52,45,53,48,25
Thrb,3,16,18,14,9,12,5,19,2,1,16,12,7
Ppara,4,4,4,5,7,7,1,6,3,0,7,6,1
Iqcj-schip1,9,11,14,24,13,22,1,16,9,0,8,10,5
Schip1,9,11,14,24,13,22,1,16,9,0,8,10,5
Slain2,127,82,90,147,103,393,107,375,112,100,162,101,42
Amn1,17,8,9,5,13,29,4,26,5,9,12,9,10
Ctdsp2,92,39,76,80,68,258,79,237,81,57,113,82,21
Plin1,0,0,0,0,0,0,0,0,0,0,0,0,0
Lair1,605,390,378,573,651,1743,443,1212,518,667,575,406,539
Frrs1,72,34,35,80,57,134,30,122,35,54,52,53,13
Sema4f,0,0,0,0,0,0,0,0,0,0,0,0,0
9-Sep,28,17,32,37,29,90,43,109,21,16,47,42,14
Itga9,148,40,104,121,111,275,105,318,126,98,119,99,28
Col2a1,0,0,0,1,0,2,0,0,0,0,0,1,0
Arhgef7,79,34,91,62,125,177,53,157,57,56,77,75,9
Isg20,16,20,27,22,112,3,2,4,2,2,1,1,3
Wtap,104,39,38,79,97,168,63,178,51,53,51,59,43
Lima1,89,56,58,62,115,130,37,126,47,36,84,45,23
Adamtsl5,0,0,3,0,1,0,0,0,0,0,1,0,0
4833420G17Rik,52,29,44,55,61,212,44,148,46,36,50,44,42
Irak2,150,44,126,198,148,396,75,236,77,103,74,139,33
Nudcd1,26,44,17,22,26,72,24,43,16,10,16,17,29
Ucma,0,0,0,2,0,4,1,7,0,0,0,0,0
Sox5,5,8,3,8,5,18,7,25,1,0,13,13,0
Cutc,8,5,6,9,8,18,6,15,9,5,5,9,4
Serbp1,172,166,174,224,261,440,145,399,162,161,185,144,152
Stxbp1,39,16,25,52,29,116,44,94,37,29,31,35,2
Brd3,31,12,24,24,30,75,40,89,14,18,33,31,4
Mageb16,0,0,0,0,0,0,0,0,0,0,0,0,0
Gm13057,0,0,0,0,0,0,0,0,0,0,0,0,0
Gm13040,0,0,0,0,0,0,0,0,0,0,0,0,0
Pabpc1l,0,0,0,0,0,0,0,2,0,0,0,0,0
Dgat2l6,0,0,0,0,0,0,0,0,0,0,0,0,0
Pdlim7,8,10,31,16,24,13,1,14,3,5,13,14,1
Smarcc2,92,38,74,86,96,317,90,279,112,95,134,110,19
1110012J17Rik,3,4,7,5,6,47,11,29,6,0,8,10,2
Syt3,5,0,0,0,5,2,2,7,4,2,3,9,2
Qrich1,156,78,112,158,152,428,118,307,124,126,139,137,93
Ppp4r1,183,67,103,205,193,425,121,313,92,107,93,115,53
Tcf20,83,31,38,54,65,228,71,167,57,66,69,58,7
Rhox2g,0,0,0,0,0,0,0,0,0,0,0,0,0
Rhox3h,0,0,0,0,0,0,0,0,0,0,0,0,0
Fam189a2,14,23,20,27,17,62,22,65,18,0,28,18,5
Stox2,15,21,9,30,27,89,13,79,16,13,27,24,3
4930506M07Rik,16,18,19,28,20,42,21,45,8,3,43,8,19
Cdhr5,0,0,0,0,0,0,0,0,0,0,0,0,0
Ccpg1,208,160,140,191,139,426,156,418,116,133,197,111,150
Slc16a10,28,16,28,26,17,60,21,69,24,11,28,25,10
Grm1,0,0,0,0,0,0,0,0,0,0,0,0,0
Rps6kb1,72,40,42,65,62,220,60,155,50,47,65,76,44
Pank1,15,14,4,14,13,31,4,44,9,4,22,14,5
Eml4,103,42,71,67,107,340,77,264,116,93,97,102,47
Luzp4,0,0,0,0,0,0,0,0,0,0,0,0,0
Chrdl1,0,0,0,2,0,0,0,0,0,0,0,0,0
Nedd4l,45,24,29,54,37,108,35,86,41,47,37,32,5
Zmym4,117,59,50,123,98,329,96,240,84,93,117,91,54
Gm15127,0,0,0,0,0,0,0,0,0,0,0,0,0
Gm4906,0,0,0,0,0,0,0,0,0,0,0,0,0
Ksr2,0,0,0,0,0,2,0,0,2,0,0,1,0
Ehbp1l1,67,22,74,73,90,201,78,210,64,74,50,87,13
Stxbp5l,0,0,0,1,0,1,0,4,2,0,0,0,0
Jmjd7,4,4,5,9,2,19,2,15,2,3,6,3,4
Scfd2,8,6,4,8,10,19,8,17,5,12,11,9,1
Plcl1,120,117,58,117,98,392,93,250,106,97,145,101,40
Fnbp1l,193,218,105,251,299,377,92,282,66,96,224,150,140
Rad21l,0,0,0,0,0,0,0,0,0,0,0,0,0
Gm5072,0,0,0,0,0,0,0,0,0,0,0,0,0
9930111J21Rik1,76,33,19,39,59,134,34,86,30,51,23,34,2
Gm6121,0,0,0,0,0,0,0,0,0,0,0,0,0
2610101N10Rik,147,102,99,154,159,466,144,388,142,113,109,107,93
Lin54,38,27,18,50,51,110,28,88,20,23,33,42,15
Suv420h2,21,9,23,16,36,104,32,86,40,37,23,35,4
Gm101,0,1,0,2,1,7,0,7,0,0,2,1,3
H2-M5,0,0,0,0,0,0,0,2,0,0,0,0,0
Camsap1,153,27,71,107,96,341,93,224,85,114,92,118,12
Gm13125,0,0,0,0,0,0,0,0,0,0,0,0,0
Tssc4,14,11,27,14,39,44,25,57,13,16,18,30,11
Fancf,0,1,0,0,0,6,2,4,2,0,0,1,0
Zbtb44,71,53,34,64,50,144,53,157,51,35,50,53,21
Ncaph2,53,49,60,68,75,178,64,131,64,37,47,47,50
Uspl1,58,42,47,66,67,190,65,148,46,59,65,44,55
Phlpp2,193,58,77,140,126,219,43,115,63,58,74,124,14
A630033H20Rik,29,26,21,41,54,114,35,61,24,45,24,22,37
Fcgbp,0,0,0,0,0,0,0,0,0,0,0,0,0
Dazap1,22,3,20,27,35,90,27,73,24,18,14,34,4
Galnt9,0,0,0,0,0,0,2,0,0,0,0,0,0
Arhgap17,102,49,72,117,107,549,131,354,130,135,112,121,27
Mup10,0,0,0,0,0,0,0,0,0,0,0,0,0
Gm10639,0,0,0,0,0,0,0,0,0,0,0,0,0
Speer4e,0,0,0,0,0,0,0,0,0,0,0,0,0
Gm2016,0,0,0,0,0,0,0,0,0,0,0,0,0
Suds3,37,18,45,54,46,134,54,107,39,38,37,35,19
Mkl2,46,30,31,52,53,133,38,119,53,34,100,94,14
E330014E10Rik,0,0,0,0,0,0,0,0,0,0,0,0,0
Zcchc2,119,29,64,69,93,290,54,224,71,94,68,77,24
Gm3286,0,0,0,0,0,0,0,0,0,0,0,0,0
Pvrl4,42,6,31,29,27,112,33,74,31,37,29,21,12
Vmn1r132,0,0,0,0,0,0,0,0,0,0,0,0,0
Bdh1,6,18,14,18,15,34,11,17,4,0,19,7,16
Rhbdd1,62,44,52,42,56,117,31,110,41,37,65,28,37
Tnrc18,51,20,67,70,74,242,80,250,72,59,52,125,7
Spata3,0,0,0,0,0,0,0,0,0,0,0,0,0
Gm15085,0,0,0,0,0,0,0,0,0,0,0,0,0
Gm15091,0,0,0,0,0,0,0,0,0,0,0,0,0
1110028C15Rik,112,65,57,83,102,314,82,238,95,107,91,94,55
Inppl1,46,21,79,71,80,301,80,192,57,68,72,69,13
Txk,3,0,0,0,0,7,0,3,1,0,0,1,0
Corin,0,0,0,0,2,1,0,1,1,0,0,0,0
Pcdh7,16,28,11,24,23,66,10,55,7,0,36,21,5
Pde7a,10,11,18,15,14,59,12,46,17,16,28,19,3
Lrrc8d,94,32,93,99,101,299,88,219,81,88,62,64,18
Klhl25,37,17,40,27,37,117,53,88,30,42,37,44,19
Pnpla6,30,23,49,43,39,118,37,106,20,29,52,49,18
Ap3m2,45,39,58,57,62,200,48,118,45,53,79,57,26
Upf1,52,16,75,70,98,244,78,227,72,56,83,94,13
Klhl26,17,8,22,14,7,33,15,29,5,7,8,5,5
Tnpo2,81,40,65,75,75,222,79,204,76,62,93,61,39
Ubl7,35,13,29,23,41,82,29,60,31,21,33,25,16
Fyn,46,22,45,46,62,122,25,124,37,26,56,48,8
Nab2,28,20,44,54,82,134,51,105,27,33,33,64,9
Hp1bp3,160,83,160,152,197,568,166,435,177,164,190,181,94
Tfap2a,0,0,0,0,0,0,0,1,1,0,0,0,1
Mpl,0,0,0,0,0,0,0,0,0,0,0,0,0
Hoxa10,0,0,0,0,0,0,0,0,0,0,0,0,0
Nfia,102,69,37,88,53,209,61,174,68,68,88,64,15
Pla2g5,14,41,50,45,31,64,23,45,9,0,46,29,33
Ccdc53,27,16,23,21,24,80,19,37,32,23,27,23,46
Gpbp1,212,162,141,265,291,631,165,470,167,198,188,148,162
Gm7168,0,0,0,0,0,0,0,0,0,0,0,0,0
Casp8ap2,96,34,18,45,55,177,52,109,36,51,54,38,11
Cdc14b,29,77,33,45,32,95,24,94,11,5,69,31,28
Gmeb1,96,34,45,68,87,195,49,138,50,47,42,71,25
B3galt5,106,61,59,53,57,152,43,138,56,58,60,49,40
Tiam2,10,6,0,8,10,19,2,16,5,3,16,5,3
Eif4a2,621,446,287,625,709,1786,443,1353,548,564,665,428,680
Qser1,111,53,63,84,75,337,96,252,82,84,101,70,16
Prdm12,0,0,0,0,0,0,0,0,0,0,0,0,0
Gm3448,0,0,0,0,0,0,0,0,0,0,0,0,0
Gm3417,0,0,0,0,0,0,0,0,0,0,0,0,0
9030025P20Rik,4,1,0,2,5,10,1,2,0,1,2,0,0
Pnp2,6,20,10,6,19,28,5,13,1,7,11,6,16
Gm3435,0,0,0,2,1,1,0,1,0,0,2,1,2
Ang3,0,0,0,0,0,0,0,0,0,0,0,0,0
Smok3a,0,0,0,0,0,0,0,0,0,0,0,0,0
Fam178b,0,0,0,2,0,1,0,2,1,0,0,0,2
Sema4c,209,39,156,90,140,171,68,125,68,53,70,58,14
Naip2,176,102,113,132,179,447,119,345,144,177,145,151,116
Mboat4,0,0,0,0,0,0,0,0,0,0,0,0,0
Gm13109,0,0,0,0,0,0,0,0,0,0,0,0,0
Gm438,0,0,0,0,0,0,0,0,0,0,0,0,0
Gm1140,0,0,0,0,0,0,0,0,0,0,0,0,0
Gm13011,0,0,0,0,0,0,0,0,0,0,0,0,0
Mup9,0,0,0,0,0,0,0,0,0,0,0,0,0
Gm11563,0,0,0,0,0,0,0,0,0,0,0,0,0
Gm14743,0,0,0,0,0,0,0,0,0,0,0,0,0
Gm11595,0,0,0,0,0,0,0,0,0,0,0,0,0
Gm11565,0,0,0,0,0,0,0,0,0,0,0,0,0
Gm13083,0,0,0,0,0,0,0,0,0,0,0,0,0
Gm13088,0,0,0,0,0,0,0,0,0,0,0,0,0
Gm11756,0,0,0,0,0,0,0,0,0,0,0,0,0
Heatr8,0,13,10,6,8,10,5,6,2,0,1,14,3
Tex28,0,0,0,0,0,0,0,0,0,0,0,0,0
Zfp735,0,0,0,0,0,0,0,0,0,0,0,0,0
Ism1,1,3,15,3,2,7,0,3,1,1,4,1,0
Gm14459,0,0,0,0,0,0,0,0,0,0,0,0,0
Tceal7,0,0,0,0,0,0,0,0,0,0,0,0,0
Zfp534,0,0,0,0,0,0,0,0,0,0,0,0,0
Gm13157,42,32,13,36,51,139,29,117,28,35,29,29,33
Snx16,10,13,17,16,16,32,7,45,12,15,18,17,25
Trp63,1,0,0,2,0,1,0,0,0,0,0,0,0
Gucy2c,0,0,0,0,0,0,0,0,0,0,0,0,0
Aldh7a1,36,78,39,71,67,166,50,113,32,15,61,44,57
Ndufaf2,10,3,2,10,13,12,2,16,3,1,6,3,10
Snx10,226,130,112,190,237,239,72,183,78,97,75,66,50
Gm11938,0,0,0,0,0,0,0,0,0,0,0,0,0
Eif2b4,28,13,34,23,34,63,18,62,22,17,26,36,13
Inpp5a,22,19,38,34,39,62,17,72,20,15,38,23,10
Dnajb6,14,19,14,30,22,52,12,34,14,13,17,14,13
Wisp3,0,0,0,0,0,0,0,0,0,0,0,2,0
Gm1564,0,0,2,2,2,2,0,4,0,0,0,0,0
BC048943,1,7,1,2,4,14,3,6,0,0,7,2,6
Gm5736,0,0,0,0,0,0,0,0,0,0,0,0,0
Sec14l5,0,0,0,0,0,2,0,1,0,0,0,0,0
Tspan32,6,7,12,17,9,25,6,15,17,6,6,9,12
Anks1b,0,0,4,0,0,4,0,0,0,0,0,0,0
Rergl,0,0,0,0,1,0,0,0,0,0,0,0,0
Aadacl2,0,0,0,0,0,0,0,0,0,0,0,0,0
Gm765,0,0,0,0,0,0,0,0,0,0,0,0,0
Siah3,0,0,0,0,0,0,0,0,0,0,0,0,0
Atp13a3,280,196,162,181,236,808,199,562,215,171,299,228,110
Ano3,0,5,0,3,1,2,1,2,0,0,4,2,0
Cd200r3,0,0,2,0,0,1,0,0,0,0,0,0,0
5830411N06Rik,0,0,0,0,0,0,0,0,0,0,0,0,0
Cecr2,21,12,8,12,21,8,4,8,3,6,13,16,0
Cyld,128,119,113,156,203,492,146,361,127,116,211,137,135
Dlgap1,10,35,21,32,18,57,17,39,7,1,32,14,5
Vps13d,240,86,58,144,179,675,174,521,167,167,225,225,71
Dock9,213,143,197,208,299,454,146,381,133,87,270,252,81
Gm9513,0,0,0,0,0,0,0,0,0,0,0,0,0
Gpank1,6,1,12,11,4,22,6,21,9,4,4,7,0
Opn4,0,0,0,0,0,0,0,0,0,0,0,0,0
Gm2382,14,3,4,11,14,33,7,13,15,10,13,4,16
Psen2,22,11,46,25,46,33,30,16,5,4,13,19,18
Dedd,63,36,50,46,70,197,52,154,60,61,65,45,33
Gm364,0,0,0,0,0,0,2,0,0,0,0,0,0
Tppp2,0,0,0,0,0,0,0,0,0,0,0,0,0
Igsf9b,0,0,1,0,0,0,2,0,0,0,0,0,0
Cep250,50,16,26,56,77,197,59,151,70,53,73,80,16
Gspt1,343,172,197,312,324,893,218,634,262,291,299,232,162
Catsper4,0,0,0,0,0,0,0,0,0,0,0,0,0
Drosha,50,44,48,75,73,200,50,149,53,26,69,54,12
Oxr1,131,73,87,100,116,377,107,219,105,114,134,87,86
Zfp207,134,126,84,110,153,354,141,320,111,138,140,133,168
Tnnt2,0,0,0,0,0,0,0,0,0,0,1,0,0
Phf17,43,38,38,28,47,156,29,112,49,38,72,57,29
Smarcd2,49,10,44,67,73,142,68,143,59,48,55,36,35
Sgce,112,69,91,128,135,342,116,262,119,109,101,99,105
Best2,0,0,0,0,0,0,0,0,0,0,0,0,0
Arf1,301,233,367,429,419,839,285,748,192,247,267,262,285
Lpin1,84,26,62,66,64,226,93,239,73,85,49,83,23
Hdac6,24,28,29,40,48,78,31,71,13,14,29,43,5
Hpca,0,0,0,0,1,0,0,0,0,0,0,0,1
Hras1,15,16,37,29,29,60,34,39,13,7,24,11,48
Nfe2l1,175,200,216,338,334,606,194,561,159,92,307,213,68
Sema6b,16,4,26,14,41,8,2,9,3,3,5,21,0
Tcn2,491,289,734,638,643,1205,526,1160,390,398,425,407,268
Tpst1,15,15,15,28,36,63,26,53,12,10,28,19,15
Srrm1,283,80,148,264,226,838,190,552,203,186,181,231,21
Nucb2,52,42,28,42,51,93,44,88,24,36,44,28,30
Rpl35a,33,17,23,18,30,41,12,28,15,21,22,8,40
Ace2,2,2,0,5,4,5,2,4,2,2,7,5,3
Hexim2,0,4,1,0,1,16,1,5,3,4,0,0,0
Lzts2,1,3,10,13,13,14,20,10,5,2,9,17,1
Zkscan17,49,9,30,56,54,128,52,92,28,52,39,47,6
Gucy2d,0,0,0,0,0,0,0,0,0,0,0,0,0
Kars,55,43,63,68,83,160,40,120,46,40,66,39,63
Gm10220,0,0,0,0,0,0,0,0,0,0,0,0,0
Iqsec1,68,45,59,104,81,221,63,217,57,27,91,91,9
Gpr160,24,20,17,27,30,124,40,89,35,63,23,23,32
Apobec1,73,69,33,90,115,255,61,160,67,76,68,70,63
Megf11,10,3,14,13,14,16,7,15,8,4,7,7,7
Cdv3,107,67,51,100,119,262,64,204,72,52,117,69,40
Fam55c,11,6,3,9,19,26,4,16,5,6,2,0,5
Il9r,0,0,0,0,0,0,0,0,0,0,0,0,0
Fam116a,92,48,40,68,45,307,95,244,94,102,111,84,74
Plcxd2,12,8,0,10,2,11,5,12,3,2,4,5,1
LOC100048885,0,0,0,0,0,0,0,0,0,0,0,0,0
Prr23a,0,0,0,0,0,0,0,0,0,0,0,0,0
Gm6406,0,0,0,0,0,0,0,0,0,0,0,0,0
Mup13,0,0,0,0,0,0,0,0,0,0,0,0,0
Mup7,0,0,0,0,0,0,0,0,0,0,0,0,0
Mup8,0,0,0,0,0,0,0,0,0,0,0,0,0
Ost4,11,16,9,38,33,65,24,51,20,15,19,8,45
Ctxn3,0,2,0,3,3,4,6,1,0,0,3,1,2
2810006K23Rik,19,13,13,18,20,50,17,47,18,23,22,14,12
CK137956,0,0,0,0,0,0,0,0,0,0,0,0,0
Tdrd5,0,0,0,0,0,0,0,0,0,0,0,0,0
Gm16532,0,2,0,0,0,0,0,0,0,0,0,0,0
Ccdc62,13,5,1,12,14,42,9,21,4,6,9,9,2
Apol7e,0,0,0,0,0,0,0,1,0,0,0,0,0
Lpgat1,159,146,103,108,97,398,117,296,106,65,186,129,69
AU019823,48,51,39,47,48,103,24,93,44,35,41,35,33
Klf14,0,0,0,0,0,0,0,0,0,0,0,0,0
Il34,1,2,7,3,14,6,1,15,0,0,4,2,1
Dnaja3,41,31,38,54,60,139,38,119,33,35,66,43,35
Gm12250,72,70,40,26,81,12,2,14,7,11,8,8,9
Mup19,0,0,0,0,0,0,0,0,0,0,0,0,0
Slc39a8,54,22,22,27,47,101,43,115,26,51,69,37,24
Slc39a14,62,77,65,83,107,124,37,118,16,30,61,39,26
C1qtnf7,0,0,2,1,2,1,0,2,0,1,4,1,0
Ccdc36,2,1,0,2,6,14,2,13,4,7,5,3,2
Sos2,65,43,43,46,51,219,61,151,40,44,75,63,25
1190007I07Rik,2,1,0,1,0,1,0,4,0,0,4,0,4
BC024659,24,13,11,22,20,67,21,29,20,14,28,16,9
Ly6h,0,0,0,0,0,0,0,1,0,0,0,0,0
Krtap10-4,0,0,0,0,0,0,0,0,0,0,0,0,0
Ate1,72,84,47,115,85,254,88,216,70,75,125,80,89
Cd82,173,162,303,269,302,500,187,398,157,171,181,185,178
Cntfr,1,0,2,4,0,1,0,3,0,0,0,0,0
Cpne6,0,0,0,0,0,0,0,0,0,0,0,0,0
Cyp1a1,0,0,0,0,0,0,0,0,0,0,0,0,0
Eno3,10,2,14,12,14,48,11,34,15,34,13,8,1
Gfra4,0,0,0,0,0,0,0,0,0,0,0,0,0
Bscl2,33,23,46,60,58,154,51,105,43,57,41,47,50
Hipk2,49,14,9,33,44,113,24,91,35,25,34,51,4
Hmox2,91,83,89,112,135,312,118,308,90,107,120,85,115
Ikbkg,101,52,42,58,62,168,57,158,43,51,94,59,46
Klrc1,1,0,0,0,0,1,0,0,1,0,2,1,0
Ldha,176,226,277,279,515,329,122,357,98,105,161,168,236
Eif2d,24,8,15,29,25,46,12,43,10,14,14,27,21
Lsp1,39,32,97,62,72,176,48,117,36,28,34,48,19
Meis2,0,0,0,0,3,4,0,7,0,0,0,3,0
Nfatc2,75,31,66,85,68,335,95,265,103,89,83,98,7
Nrl,0,0,0,0,0,0,0,0,0,0,0,0,0
Numb,184,75,134,165,169,619,168,431,156,194,151,184,59
P4ha2,8,10,15,11,16,20,7,33,5,5,17,11,5
Pitpnm1,30,26,55,48,64,163,63,133,47,32,34,64,20
Ptger4,38,25,39,55,81,80,35,50,14,16,12,24,6
Sgca,0,0,1,0,1,2,0,0,0,0,1,2,0
Ssrp1,111,74,87,106,131,275,96,244,79,96,110,66,77
Timeless,11,4,7,13,14,24,3,13,6,6,4,13,7
Tph1,0,0,0,0,0,0,0,0,4,0,0,0,0
Uba1,283,213,323,363,383,869,263,723,253,170,292,229,165
Dpysl3,2,0,2,0,3,2,0,5,3,0,7,0,0
Anxa10,0,0,0,0,0,0,0,0,0,0,0,0,0
Poli,13,7,6,18,8,47,19,16,6,5,14,8,6
C2cd4d,0,0,0,0,0,0,0,0,0,0,0,0,0
Hsbp1l1,0,0,1,0,0,4,0,2,0,0,0,1,0
Rtkn,2,3,5,7,2,26,3,16,3,0,4,7,1
Slc39a5,1,0,0,0,0,0,0,1,0,0,0,0,0
Chdh,33,62,61,59,45,103,31,106,18,1,49,33,11
Slc4a4,7,2,0,12,4,17,1,23,2,0,6,7,3
Prr24,27,13,17,25,30,44,18,47,8,11,13,21,5
Gcnt1,377,136,206,167,185,736,239,572,271,296,313,191,183
Fer1l4,0,0,0,0,0,0,0,0,0,0,0,0,0
Usp51,0,0,0,0,0,0,0,0,0,0,0,0,0
Dnlz,22,12,32,23,14,50,9,53,9,7,20,20,7
Nr4a2,3,7,7,23,14,53,9,34,7,12,13,22,3
Raly,84,56,96,144,170,324,106,252,70,80,118,106,72
Samhd1,189,70,103,176,235,313,88,259,108,116,139,115,59
Lrfn1,0,0,9,2,1,9,2,7,2,1,0,0,0
Bean1,3,0,2,3,0,0,0,0,0,0,1,0,0
Pln,11,23,16,14,47,28,1,17,13,5,56,27,29
Ctnnbip1,39,16,45,23,49,51,30,53,22,18,26,32,28
Rbms1,69,57,61,62,107,136,44,123,36,26,72,58,35
Nkain4,0,1,3,11,0,8,0,9,2,0,2,2,9
Mkks,11,43,21,30,33,87,32,61,29,21,42,9,41
Nmi,45,43,23,58,68,115,22,68,20,32,30,38,36
Naa20,23,27,10,36,28,88,22,69,16,22,33,26,48
5730494N06Rik,24,31,31,30,29,106,28,64,28,28,39,40,37
Tpx2,11,1,1,11,6,17,6,29,4,2,4,5,6
Rbm43,37,39,39,35,50,97,33,80,18,34,41,16,36
Golga7b,1,0,0,0,0,0,0,0,0,0,0,0,0
Myo9b,123,37,84,127,158,423,151,431,126,119,106,171,21
Lmo2,133,54,104,145,193,617,133,370,145,132,168,126,91
Alg12,15,7,51,23,29,68,26,67,15,13,25,35,9
Gm14124,0,0,1,0,0,3,0,0,0,0,2,0,0
Zfp937,15,11,4,1,3,25,9,17,8,7,10,4,2
Gm10094,6,1,1,5,4,8,4,12,1,1,3,1,4
Gm9992,0,0,0,0,0,0,0,0,0,0,0,0,0
Vipar,50,38,59,57,47,175,61,136,42,42,67,45,74
Fbrsl1,37,7,25,58,36,181,62,130,49,51,33,63,7
Tmem194b,21,11,16,23,20,79,8,50,20,16,17,24,8
Arpp19,58,72,54,59,82,191,64,158,49,69,91,58,74
Chid1,55,100,99,84,102,167,75,164,46,36,68,65,93
Dmrtc1c2,0,0,0,0,0,0,0,0,0,0,0,0,0
Dmrtc1c1,0,0,0,0,0,0,0,0,0,0,0,0,0
Hmha1,273,67,352,291,488,1046,455,973,367,332,210,478,61
Cfb,36,21,19,29,77,4,5,19,2,1,4,14,1
Kbtbd12,2,0,1,2,0,2,0,7,0,0,0,0,1
1110065P20Rik,2,12,6,4,7,13,11,8,3,4,6,10,10
Lrrc9,7,3,0,3,9,18,0,13,8,2,5,2,8
Ttll3,50,18,43,60,51,117,46,91,42,34,41,46,40
Gm8994,0,0,0,0,0,0,0,0,0,0,0,0,0
Pcdh15,0,0,0,0,0,2,0,1,0,0,0,0,0
Atat1,14,6,16,12,12,20,10,26,9,10,14,24,4
Tgif2lx2,0,0,0,0,0,0,0,0,0,0,0,0,0
Skint7,0,0,0,0,0,0,0,0,0,0,0,0,0
Fam188b,9,13,10,9,13,30,8,25,5,7,8,8,10
Acss3,11,20,4,37,11,31,8,40,5,0,29,16,13
Slc6a8,19,19,28,32,40,71,35,64,21,9,25,34,3
Plod2,10,12,11,10,12,30,7,11,3,0,16,14,8
Tcf7l2,103,33,49,59,86,108,31,70,30,23,29,36,13
Moap1,13,13,12,15,18,64,18,39,13,10,19,10,13
AK010878,13,13,12,15,18,64,18,39,13,10,19,10,16
Zfp949,13,15,8,11,11,22,11,28,7,15,19,18,13
Nars,327,200,240,383,413,957,289,710,285,279,275,216,297
Fam46c,170,88,139,163,244,796,193,425,149,198,161,207,76
Gm17359,0,0,0,0,4,1,1,2,0,0,0,0,0
Zfp955b,18,19,1,6,6,41,10,19,6,8,14,7,8
Bcl2l15,0,0,0,1,0,0,0,0,0,0,0,0,0
Gm10778,0,0,0,0,0,0,0,0,0,2,0,0,0
6430704M03Rik,0,0,0,0,0,0,0,0,0,0,1,0,0
BC024139,0,0,0,0,0,0,0,1,0,0,0,2,0
A630073D07Rik,0,0,0,0,0,0,0,0,0,0,0,0,0
Fam70b,1,2,3,4,2,6,10,1,3,0,5,2,5
Mpped2,0,1,3,2,1,2,0,1,0,0,0,1,0
Apol11b,0,0,0,0,0,0,0,0,0,0,0,0,0
H2-Q4,154,68,133,148,324,311,76,240,65,88,65,167,45
Lrrc27,1,0,1,0,1,7,1,2,2,0,2,0,2
Syce1,0,0,0,0,0,0,0,0,0,0,0,0,0
Fam13c,4,3,0,2,3,29,9,19,5,7,20,3,8
Fam196a,2,0,0,0,2,1,0,2,0,0,0,6,1
Mettl11b,0,0,0,0,0,0,0,0,0,0,0,0,0
Ppfia4,176,54,213,171,184,578,188,520,198,229,173,144,69
Gm12886,0,0,0,0,0,0,0,0,0,0,0,0,0
Vwa5b2,1,0,0,0,0,0,1,0,0,0,0,0,0
Spg20,90,49,56,76,76,250,84,234,83,92,82,67,56
2810459M11Rik,0,0,2,1,0,3,0,6,0,0,1,0,0
Rfpl4,0,0,0,0,0,0,0,0,1,2,0,0,0
Arhgap40,0,0,0,0,0,0,0,0,0,0,0,0,0
Gm13889,6,4,25,5,9,26,5,14,5,10,3,7,3
Gm2933,0,0,0,0,0,0,0,0,0,0,0,0,0
Glyatl3,0,0,0,0,0,0,0,0,0,0,0,0,0
Hhla1,0,0,0,0,0,0,0,0,0,0,0,0,0
Gm13718,0,0,0,0,0,0,0,1,1,0,0,0,0
Ube2ql1,0,0,0,0,0,0,0,0,0,0,0,0,0
Tgtp2,74,94,68,83,225,17,6,27,5,1,19,31,19
A330050F15Rik,0,0,0,0,0,0,0,0,0,0,0,0,0
1500009L16Rik,0,5,0,0,1,1,1,1,0,1,4,3,1
1700018A14Rik,0,0,0,0,0,0,0,0,0,0,0,0,0
4931440L10Rik,0,0,0,0,0,0,0,0,0,0,0,0,0
6430550D23Rik,0,1,0,3,2,5,1,5,0,2,1,1,1
Gm9047,0,0,1,0,0,1,1,2,0,0,0,0,0
Gm766,0,0,2,0,0,0,0,0,0,1,0,1,0
Kcnt1,3,1,0,2,1,5,0,1,0,0,0,2,0
Rhox3g-ps,0,0,0,0,0,0,0,0,0,0,0,0,0
1810013D10Rik,20,33,14,15,28,58,8,37,16,17,21,17,36
4930451C15Rik,2,4,1,0,1,11,0,1,0,0,0,0,3
Arhgef33,2,0,0,0,0,3,2,1,0,0,0,1,0
4930544D05Rik,0,0,0,0,0,0,0,0,0,0,0,0,0
2310045N01Rik,3,2,21,8,13,18,14,16,9,7,7,8,16
Gm1661,3,0,2,1,0,7,2,8,0,0,1,1,4
Phgr1,0,0,0,0,0,0,0,0,0,0,0,0,0
Rfx8,0,0,0,2,0,0,0,0,0,0,0,0,0
2210408I21Rik,28,18,4,14,15,45,5,27,10,4,16,5,13
4930571K23Rik,0,0,0,0,0,0,0,0,0,0,0,0,0
Zkscan3,91,72,59,58,52,280,95,294,94,95,137,80,89
Use1,18,28,54,73,105,109,42,115,33,37,38,48,87
Ctla2a,81,77,78,80,189,98,29,82,21,19,41,46,37
Igsf9,1,3,8,8,7,8,5,13,9,5,2,13,2
Ctla2b,43,20,36,48,57,90,28,81,36,32,26,34,35
Nucks1,155,92,58,144,119,342,106,248,85,71,133,89,73
Capn8,0,0,0,0,0,0,0,0,0,0,0,0,0
Fam5c,0,0,0,0,0,1,0,2,0,0,0,0,0
Elf5,0,0,0,0,0,0,0,0,0,0,0,0,0
Gpd2,47,37,38,63,46,114,23,75,24,27,78,36,34
Hipk3,280,223,161,311,389,703,168,572,210,152,305,193,74
Specc1l,99,103,61,158,131,355,81,275,93,100,127,110,46
Stk40,59,22,92,132,135,201,45,136,44,50,36,69,16
Plcb1,7,4,8,11,15,20,6,14,3,11,20,7,1
Kifc3,8,6,28,19,15,41,21,53,16,7,23,11,1
Ralgds,67,18,74,75,101,120,36,71,17,10,19,48,6
Sh3bp2,88,43,87,112,156,257,64,208,53,80,51,64,23
Gm14139,2,0,0,0,0,0,0,0,0,0,0,0,0
Muc20,0,0,0,0,0,0,0,0,0,0,0,0,0
9530008L14Rik,6,1,0,3,7,5,5,7,1,2,2,3,3
Slc25a44,30,17,16,35,45,78,19,68,21,29,32,36,9
Gm5082,0,0,0,0,1,0,0,0,0,0,0,0,1
Atp6ap1l,0,4,5,0,1,1,1,2,0,0,0,0,6
Zfp790,26,16,12,5,29,89,29,51,24,18,26,35,27
Zfp212,17,9,31,14,26,58,12,60,21,7,23,17,11
Itgb5,1330,509,1723,1208,1433,3299,1502,3061,1187,1347,940,1219,370
Tiam1,30,17,25,26,39,109,17,72,17,29,40,19,11
Zfat,14,3,25,10,13,46,5,29,14,3,7,7,7
BC052040,12,4,4,8,3,27,3,13,4,3,4,4,5
Btbd6,16,5,20,15,12,42,22,39,19,17,14,12,5
Runx2,2,1,0,2,0,3,1,2,3,0,1,2,0
Arhgef40,118,26,137,147,142,463,190,423,119,161,111,168,21
5730528L13Rik,0,6,1,4,2,5,0,2,1,3,7,0,2
C530028O21Rik,0,0,0,0,0,0,0,2,1,0,1,0,0
Thap3,7,4,13,7,11,24,6,22,6,7,8,9,11
Yeats2,41,33,41,49,41,171,57,173,45,39,56,39,23
Odz3,5,12,3,35,23,48,17,48,3,0,22,17,4
Bace1,30,38,14,28,41,65,22,70,20,29,43,27,8
Ttc39a,0,13,10,5,9,11,6,2,3,0,3,5,2
Dlgap5,2,1,0,1,3,8,5,7,1,2,0,5,0
Lpp,89,53,37,74,91,241,51,198,55,72,104,86,29
Vwa5a,260,191,192,257,238,695,235,513,230,241,237,175,208
Ndrg2,56,180,109,152,132,267,79,244,42,10,183,94,162
Slc37a2,136,106,80,155,156,619,136,434,134,152,180,143,120
Dlgap2,0,0,0,0,0,0,0,0,0,0,0,0,0
Rwdd2a,4,4,10,3,3,5,6,8,3,2,4,3,3
Elovl4,21,41,23,16,20,49,12,40,4,0,18,5,18
Cadm2,34,81,30,48,26,133,34,118,14,0,84,39,18
Parp4,88,49,39,71,44,240,55,160,40,63,94,58,12
Gtpbp2,103,36,72,77,90,244,88,207,70,60,70,70,41
Txndc2,0,0,0,0,0,1,0,0,0,0,0,0,0
Gpr77,74,30,59,59,73,173,55,142,68,69,60,50,15
Trim12c,75,39,48,63,85,129,32,81,30,45,45,37,46
Fchsd2,215,75,123,190,130,882,221,624,233,219,251,207,104
R3hcc1,13,4,6,6,9,21,3,22,8,4,2,7,14
Slc6a5,0,0,0,0,0,0,0,0,0,0,0,0,0
Wdfy4,180,39,141,138,130,435,138,365,165,151,121,153,26
Fam98c,6,4,24,8,15,35,16,30,3,4,7,11,5
Zfp444,10,9,13,14,13,17,7,27,8,5,13,8,4
Rnf44,124,38,93,124,104,330,122,272,85,95,81,139,19
Nrcam,0,2,1,8,1,9,1,15,2,0,2,2,2
Gfm2,2513,1131,1447,1642,1790,5081,1697,4458,1879,2153,1735,1250,1267
Htatip2,8,6,1,13,1,14,2,12,4,0,5,3,11
Acot7,7,0,10,8,13,21,5,18,4,1,9,9,8
Als2cl,6,9,13,14,17,34,15,42,10,12,31,26,4
Hexdc,9,6,20,14,15,22,16,41,9,6,12,18,6
Fancb,5,2,0,1,1,8,7,6,4,2,1,4,5
Fastkd5,21,18,2,11,17,41,7,29,7,7,15,10,11
Il1f5,0,0,0,0,0,0,0,0,0,0,0,0,0
Hk1,73,87,101,136,121,328,89,257,80,47,135,97,37
Gm10696,0,0,0,0,0,0,0,0,0,0,0,0,0
Fam49a,60,12,21,74,29,84,31,85,25,33,24,28,26
Homer3,20,8,24,26,26,62,26,47,12,15,19,32,9
Slc11a2,54,43,73,126,114,169,31,94,37,34,43,53,28
Rangap1,27,28,37,46,58,88,30,115,26,28,31,39,10
Max,80,32,63,75,94,167,59,148,67,65,57,55,51
Scin,0,3,0,0,1,0,0,0,0,0,0,0,0
Nkx2-1,0,0,0,1,0,4,0,2,0,0,1,0,0
Ptpn21,29,12,9,27,18,82,17,53,13,15,19,10,7
Pik3cg,443,198,301,400,330,1069,336,969,371,386,354,329,197
Mrps10,2,1,1,3,4,20,2,13,1,5,7,3,1
Msh5,2,0,5,2,2,2,1,8,0,1,5,0,1
Smoc1,1,2,2,4,3,3,1,5,0,0,4,4,1
Dpy30,18,18,30,20,36,53,18,54,25,8,42,21,56
Pdgfrb,10,2,20,27,49,45,2,46,11,11,49,31,3
Iigp1,354,362,167,163,613,27,7,33,6,7,27,44,23
Cables1,204,55,196,219,219,332,92,243,87,102,63,142,28
Celf4,4,3,1,3,1,5,1,7,2,0,4,2,3
Adar,152,53,98,126,164,294,85,248,88,116,89,111,37
Sh3rf2,6,7,3,12,5,16,10,12,1,0,12,9,5
Clcnka,0,0,0,0,0,0,0,0,0,0,0,0,0
Dbnl,91,38,137,101,128,238,98,192,84,83,67,108,43
Cln3,39,14,48,60,65,228,87,173,65,73,53,67,31
Tigit,1,0,4,0,0,1,0,1,0,0,0,2,0
Rbm46,0,0,0,0,0,0,0,0,0,0,0,0,0
Sbk2,0,0,0,0,0,0,0,0,0,0,0,0,0
Gpr52,0,0,0,1,0,2,0,1,0,0,0,0,0
Emp3,16,7,27,36,51,60,18,57,23,22,6,33,38
Fam57b,0,0,0,1,0,3,1,0,0,0,2,2,0
Eng,114,39,212,130,195,348,162,444,144,136,165,227,27
Rnf217,1,3,0,6,2,5,0,8,1,0,4,6,2
Ephb6,1,1,5,3,2,6,2,1,2,1,1,2,2
Chpt1,23,33,35,49,31,128,30,108,31,17,60,32,36
Iqcf1,0,0,0,0,0,0,0,0,0,0,0,0,0
Nap1l1,70,52,52,57,82,187,53,146,42,39,64,64,54
Rdh7,0,0,0,0,0,0,0,0,0,0,0,0,0
Smtn,5,2,33,12,22,12,8,21,9,8,17,26,5
Morc2a,102,39,68,91,102,337,83,211,89,69,88,97,30
Gcet2,0,0,3,0,0,0,0,3,4,0,0,0,3
Itih4,0,0,0,2,1,0,0,0,0,0,0,2,0
Lgals9,339,157,284,382,451,645,200,595,207,268,214,160,133
Cacnb1,2,4,7,4,5,8,6,10,3,0,5,5,1
Grid2ip,0,0,0,0,0,0,0,0,0,0,1,0,0
Gaa,94,90,203,206,145,367,169,358,91,69,125,134,42
Gtpbp8,8,9,6,6,4,33,3,21,11,8,11,7,7
N6amt1,10,13,9,16,15,38,8,21,6,5,11,6,8
Casz1,2,0,3,4,7,11,2,6,0,6,3,5,0
Fyttd1,130,107,80,137,148,331,96,278,96,106,131,77,98
Ube2v2,21,13,3,12,15,32,12,34,6,11,10,10,18
Dip2b,410,94,154,259,263,846,252,663,214,261,271,321,76
Per1,299,101,303,598,667,971,225,733,216,217,174,504,41
Krt32,0,0,0,0,0,0,0,0,0,0,0,0,0
Eif4a1,184,113,182,281,369,546,141,417,138,163,140,174,122
Dusp15,2,0,4,3,5,7,2,2,0,0,4,3,1
Gjc1,7,5,3,4,30,29,4,12,2,6,15,13,9
Rfx6,0,0,0,0,0,0,0,0,0,0,0,0,0
Tnfaip1,133,74,102,177,175,255,90,245,96,66,120,128,62
Irf1,313,142,275,246,363,471,142,297,113,126,103,214,80
Upp1,30,47,40,50,84,9,8,10,1,0,9,13,13
Llgl1,19,14,23,26,37,76,25,66,16,29,30,36,8
B3gnt5,4,1,2,1,6,8,1,1,0,0,1,7,1
Guk1,12,13,7,22,28,46,19,26,7,5,12,11,28
Ces3b,0,0,0,0,0,0,0,0,0,0,0,0,0
Irf9,122,113,103,108,176,178,69,194,57,83,69,70,64
Sidt1,0,0,0,0,1,1,0,2,0,0,2,0,0
Il12a,1,0,0,2,1,0,0,0,0,0,0,0,0
Rab34,9,7,15,18,8,35,23,23,20,11,20,12,10
Rpl19,7,8,10,14,22,20,8,22,7,3,7,6,26
Rbp4,0,0,0,0,0,0,0,0,0,0,1,0,0
Gpatch8,119,60,54,73,70,260,88,219,101,81,82,84,21
Ppm1b,35,27,27,31,34,138,30,89,35,38,47,29,21
Esrrb,1,3,5,7,5,16,4,7,1,0,7,4,0
Ddx24,114,80,123,128,181,249,96,221,62,80,84,86,46
Tnfsf13,8,3,15,11,21,24,4,19,15,6,7,10,12
Grip2,0,2,0,2,7,1,1,2,1,5,7,8,0
H2afy,110,53,110,104,134,281,124,247,79,88,91,93,32
Igfbp7,114,95,115,150,277,129,49,163,31,32,172,97,34
Pfas,43,11,35,46,40,98,38,90,33,37,40,38,3
Pax3,4,0,0,0,0,2,0,1,0,0,0,0,0
Plxnb2,573,285,733,653,729,1972,766,1767,525,574,547,649,111
Shd,0,0,2,1,1,2,0,0,0,0,0,0,1
Wdr35,49,131,47,68,62,147,46,142,26,5,68,34,71
Cox7a2l,65,74,94,101,109,162,60,168,81,55,87,45,118
Tex21,0,0,0,0,0,0,0,0,0,0,0,0,0
Cacna1c,0,1,2,2,9,3,1,4,4,0,6,11,1
Adcy3,14,0,16,7,7,33,14,28,11,16,14,6,3
Fgd2,205,67,299,263,354,759,335,621,238,218,161,351,79
Frk,2,15,0,12,9,11,3,11,3,1,13,2,5
Nr6a1,5,6,0,2,1,29,5,19,6,0,7,9,1
H13,75,64,119,152,155,263,81,211,74,52,91,91,54
Cd36,35,13,9,23,14,71,15,71,8,15,28,26,42
Xrcc6bp1,4,0,7,2,3,10,10,7,1,2,3,1,0
P2rx6,0,6,0,7,3,11,2,19,1,0,6,3,1
Orc3,155,126,85,116,138,439,118,336,125,102,160,108,99
Itgb6,0,1,3,6,1,0,2,1,1,0,3,0,0
Ephb4,8,2,7,5,9,35,8,35,16,2,17,15,5
4632428N05Rik,2467,768,2241,1894,2155,5406,2248,5157,2033,2236,1678,1815,730
Fip1l1,73,63,54,84,65,257,91,207,84,69,64,53,25
Lnx1,8,8,3,7,12,25,3,25,8,7,20,4,1
Mutyh,3,4,4,3,5,14,7,13,2,7,4,2,4
2310028H24Rik,19,8,18,19,15,60,20,50,19,18,20,18,0
Csnk1g2,25,4,57,61,60,111,39,93,27,22,35,60,12
Ints8,82,63,51,70,81,196,60,185,71,71,85,66,44
Nol9,27,8,18,33,22,87,24,66,17,17,21,20,6
Tmem8c,14,0,3,13,13,25,8,21,2,6,10,6,6
Pum1,130,59,125,167,171,463,122,375,136,111,149,155,59
Lrrc57,22,28,20,33,40,83,30,92,16,27,40,23,49
Pigp,15,34,26,31,28,55,15,38,16,13,30,11,56
Rnpep,84,30,89,73,82,296,105,264,83,108,84,103,23
Hagh,26,14,30,27,37,65,32,72,19,40,33,32,45
Heph,10,41,16,17,18,45,6,26,5,1,17,4,15
Scmh1,62,14,37,50,41,149,39,110,29,36,47,56,10
Nek6,120,68,137,165,160,424,126,287,129,123,120,102,60
Atp6v1c2,0,1,8,2,2,7,2,14,0,1,1,0,3
Prrc2b,176,54,95,172,147,475,152,412,145,116,164,177,18
Rbm18,92,71,98,101,155,218,39,194,68,61,69,49,61
Nadk,92,75,89,142,137,281,90,243,89,77,101,101,79
0610012H03Rik,0,0,0,0,0,0,0,0,0,0,0,0,0
Tasp1,16,8,6,18,10,28,10,24,5,6,10,12,6
Dut,5,8,7,9,8,14,6,15,5,1,8,2,15
Cntn1,211,522,247,270,175,541,168,425,69,0,345,163,216
Lax1,0,0,3,0,1,0,0,1,0,0,2,1,0
Crybb3,0,0,0,2,1,0,0,0,0,0,0,0,0
Gpr62,0,0,0,0,0,0,1,1,0,0,0,0,1
5430407P10Rik,2,0,4,3,4,4,0,8,1,0,7,1,0
Aqp12,0,0,0,0,0,0,0,0,0,0,0,0,0
Ppp1r16b,2,0,6,4,5,19,3,22,17,8,24,18,13
Rsph6a,0,0,0,0,0,0,0,0,0,0,0,0,0
Eftud1,40,11,16,22,22,77,23,53,22,15,29,14,17
Zar1l,0,0,0,0,0,0,0,0,0,0,0,0,0
Tfap2c,0,0,0,0,0,1,0,0,0,0,0,0,0
Ccdc48,0,1,1,2,3,1,3,10,0,0,1,2,2
Folh1,0,0,0,2,0,0,0,2,0,0,1,1,0
Ly96,28,23,7,16,28,37,26,44,24,20,22,12,33
Prpf31,32,24,34,50,52,67,31,68,33,18,29,23,30
2-Sep,262,135,137,198,252,538,162,475,177,170,270,114,230
Pvrl2,24,6,30,24,12,43,7,32,8,10,3,10,4
Rab17,0,0,0,0,0,0,0,0,0,0,0,0,0
Rab23,11,5,4,9,12,13,7,21,7,10,9,9,10
Rxrg,0,0,0,3,0,1,0,0,1,1,0,0,0
Ccl20,0,0,0,0,0,0,0,0,0,0,0,0,0
Fam150b,1,1,0,0,1,0,0,0,1,0,0,0,0
Tcea1,36,49,28,36,36,79,22,57,22,24,35,17,30
Nr5a2,0,0,0,1,1,2,0,0,0,0,1,0,0
Olfr391-ps,0,0,0,0,0,0,0,0,0,0,0,0,0
Kctd18,28,5,15,8,15,56,12,34,14,9,16,20,18
Uchl5,31,30,11,21,40,87,22,70,22,29,35,22,30
Dnajb2,19,21,21,46,55,107,27,81,25,28,36,14,22
Ociad1,239,224,158,249,308,592,191,518,172,150,244,168,292
Hopx,10,56,26,36,34,76,17,73,7,1,33,13,39
Klrb1a,0,0,0,0,0,0,0,0,0,0,0,0,0
Klrb1c,2,4,7,6,6,4,2,14,1,0,2,1,6
Zfand2b,8,4,10,9,23,21,6,29,11,7,6,20,12
Gm17296,14,1,9,12,14,20,6,23,10,2,10,8,3
Zfand2a,92,33,71,130,112,422,107,254,91,100,85,111,28
Ccdc85c,1,4,3,3,3,4,0,4,3,3,1,1,0
Pax4,0,0,0,0,0,0,0,0,0,0,0,0,0
Oas1h,0,0,0,0,0,0,0,0,0,0,0,0,0
2310007B03Rik,2,0,0,0,0,0,0,4,0,0,0,1,0
Kctd10,59,60,89,114,130,188,63,150,50,48,104,69,51
Fbxl5,162,157,89,131,170,348,113,272,102,85,179,131,124
Ralgps2,70,29,37,43,51,200,65,147,67,69,50,63,24
Sec16b,19,8,17,18,4,52,11,22,9,11,14,9,5
Gjb3,0,0,0,0,0,0,0,0,0,0,0,0,0
Gnb1,361,272,268,441,434,953,271,765,245,253,352,310,182
Tor1aip1,294,137,169,333,320,666,168,604,182,268,207,193,60
Ndufs1,121,185,112,156,137,336,98,290,88,71,190,103,125
Dem1,10,6,4,2,7,28,4,26,14,13,12,6,13
Cldn10,0,0,1,0,0,0,0,3,0,0,0,0,2
Foxg1,0,0,0,0,0,9,0,4,2,0,0,1,0
Smyd1,0,0,0,0,0,0,0,0,0,0,0,1,0
LOC100040786,0,0,0,0,0,0,0,0,0,0,0,0,0
LOC100040911,0,0,0,0,0,0,0,0,0,0,0,0,0
LOC100039574,0,0,0,0,0,0,0,0,0,0,0,0,0
LOC100042428,0,0,0,0,0,0,0,0,0,0,0,0,0
LOC100039614,0,0,0,0,0,0,0,0,0,0,0,0,0
Kcnq5,0,0,0,0,0,0,0,0,0,0,0,0,1
LOC100041223,0,0,0,0,0,0,0,0,0,0,0,0,0
LOC100041256,0,0,0,0,0,0,0,0,0,0,0,0,0
LOC100040031,0,0,0,0,0,0,0,0,0,0,0,0,0
LOC100039810,0,0,0,0,0,0,0,0,0,0,0,0,0
Tmem9,15,45,57,30,49,85,27,84,18,12,41,27,73
Cgref1,0,0,0,2,0,1,1,1,2,0,0,4,0
Amy2a4,0,0,0,0,0,0,0,0,0,0,0,0,0
Amy2a3,0,0,0,0,0,0,0,0,0,0,0,0,0
Amy2a2,0,0,0,0,0,0,0,0,0,0,0,0,0
Neu2,0,2,0,0,0,3,0,3,0,0,0,0,0
Klhdc7b,0,0,0,0,0,0,0,0,0,0,0,0,0
Blzf1,37,23,23,17,26,81,28,71,21,18,40,20,31
Cnih3,0,0,0,0,0,0,0,0,0,0,0,0,0
Smek1,207,71,110,161,173,554,142,341,145,126,146,138,33
Fcrla,0,0,3,0,0,3,0,2,2,0,0,0,0
Pum2,539,297,268,451,490,1308,321,1032,355,376,406,347,267
Zfp275,63,29,40,71,72,229,46,152,41,52,67,48,23
Fam168b,298,116,199,319,334,840,258,693,218,256,244,251,88
Fau,3,1,3,0,5,9,2,5,1,4,3,1,3
Zfp281,81,51,54,79,136,175,40,98,43,45,71,37,18
Cabp2,0,0,0,0,0,0,0,0,0,0,0,0,0
Smg7,157,78,88,168,139,444,119,308,101,122,127,128,36
Fam78b,3,1,0,0,1,2,1,1,0,0,0,0,0
Cyp2w1,0,1,0,0,0,0,0,0,0,0,0,0,0
Nfasc,84,91,49,106,74,272,95,217,57,3,104,85,6
Ubr4,360,153,230,285,311,1003,300,856,276,291,304,401,31
Serp2,0,0,0,1,0,2,0,0,0,0,0,0,0
Mocs3,5,2,1,1,4,8,1,11,4,1,2,1,0
Svip,9,19,16,21,9,65,18,32,9,5,31,16,23
Grm2,0,0,0,0,0,0,0,0,0,0,0,0,0
AI462493,2,5,8,10,17,25,7,23,6,3,8,8,34
A130010J15Rik,22,10,11,16,9,68,12,49,23,20,22,4,10
5430405G05Rik,0,0,0,0,0,0,0,0,0,0,0,0,0
Srcrb4d,1,0,0,0,1,4,0,4,1,0,2,2,1
A830018L16Rik,5,19,10,5,3,7,3,11,5,0,7,7,3
Fam46a,132,68,86,103,129,419,102,268,134,158,133,108,40
Tmem196,0,0,0,0,0,0,0,0,0,0,0,0,0
Dnahc7b,12,26,10,28,14,53,12,30,11,1,24,18,13
Ccdc112,4,9,13,7,2,30,5,19,11,5,8,4,2
Megf8,46,22,80,75,78,169,60,152,43,25,59,74,12
Tm4sf19,0,0,1,0,0,1,0,0,2,0,0,0,0
Il1rapl1,0,0,0,0,0,0,0,0,0,0,0,0,0
Galnt1,341,174,207,255,264,616,187,514,170,245,222,174,172
Gfi1b,0,0,0,0,0,0,0,0,0,0,0,0,0
Scrt2,0,0,0,0,0,3,0,0,0,0,0,0,0
Gstm4,7,3,2,14,13,15,6,6,8,3,6,4,10
Triml2,0,0,0,0,0,0,0,0,0,0,0,0,0
Wfdc9,0,0,0,0,0,0,0,0,0,0,0,0,0
Apobec3,143,77,95,114,163,155,42,120,41,59,59,62,26
Optc,0,0,0,0,0,0,0,0,0,0,1,0,0
Tgm7,0,0,0,0,0,0,0,0,0,1,0,0,0
Cd300lg,4,3,4,4,3,3,1,4,2,0,7,1,4
Nol11,45,43,30,58,73,134,27,101,35,47,46,37,48
Sh3bp5l,12,8,13,18,5,62,19,30,17,16,21,21,11
Timd2,0,0,0,0,0,0,0,0,0,0,0,0,0
Ppp2r3a,29,26,12,23,50,95,27,68,33,14,45,32,13
Rin3,92,8,108,130,92,188,97,206,80,84,51,112,13
Tdrd6,1,0,0,0,0,0,0,0,0,0,0,0,0
Grhl1,2,1,3,4,3,7,0,6,5,1,4,1,0
Ttc15,58,41,60,54,64,189,63,106,48,42,75,57,24
Slc3a2,476,219,512,560,732,1225,411,1028,329,373,333,337,207
Atp5g1,12,32,25,17,28,56,28,44,12,1,32,25,52
Vldlr,77,128,48,105,63,189,76,198,34,2,120,76,48
Nxt2,71,53,80,90,78,204,41,180,65,47,73,35,66
Slitrk2,3,0,0,0,0,4,0,2,0,0,3,0,0
Eda2r,2,0,0,0,2,0,0,1,0,0,0,0,1
Cbfb,170,93,86,135,126,411,105,313,122,115,120,82,66
Islr2,2,0,4,3,1,2,0,3,2,3,2,7,0
Tmem184a,2,2,7,16,2,30,3,12,2,0,5,1,6
Gm13272,0,0,0,0,0,0,0,0,0,0,0,0,0
Gm13285,0,0,0,0,0,0,0,0,0,0,0,0,0
Gm13287,0,0,0,0,0,0,0,0,0,0,0,0,0
Cul5,92,59,38,70,67,240,46,162,47,58,75,52,51
Abp1,0,0,0,0,0,0,0,0,0,0,0,0,0
Cdc45,2,0,1,3,8,5,1,4,1,0,2,2,6
Cdkn1c,20,37,38,41,23,74,24,48,16,1,34,16,22
Tmem116,2,2,3,4,6,11,4,5,1,1,5,1,2
Kif26b,0,0,0,1,1,1,0,0,1,0,0,0,0
Acox2,4,10,8,15,7,14,6,25,2,0,8,7,17
Tgm1,25,16,11,10,34,8,2,8,2,4,5,7,0
Tfeb,7,3,55,8,21,64,14,58,11,25,17,23,4
Ilk,107,60,101,152,172,330,129,280,82,104,93,113,64
Tap1,73,64,129,115,159,135,48,113,28,57,39,50,23
Ang,122,78,114,96,160,309,130,305,131,125,98,97,176
Glmn,15,8,9,12,15,47,3,33,11,10,16,9,12
Reg3d,0,0,0,0,0,0,0,0,0,0,0,0,0
Fmo5,22,15,19,15,19,57,26,61,19,27,30,27,15
Galnt6,19,3,8,23,16,15,3,12,2,1,2,3,1
Lmo4,28,20,25,35,27,92,35,95,28,25,31,19,16
4930544G11Rik,0,0,0,0,0,0,0,0,0,0,0,0,0
St3gal3,28,8,31,36,34,71,29,71,38,34,30,30,7
Myh11,69,49,135,72,247,135,7,104,49,70,261,142,39
Trim32,24,17,13,39,21,74,24,67,18,4,39,18,18
Mefv,10,6,11,10,15,2,2,0,0,0,3,14,0
Gucy1b3,10,9,10,4,22,19,6,35,5,5,33,10,14
Phactr4,57,17,23,45,44,173,31,124,46,44,56,68,8
Mthfr,50,16,44,47,65,156,42,119,31,42,42,43,5
Mfap2,1,0,1,0,1,2,0,1,0,0,1,0,1
Klhl7,146,123,70,176,145,406,97,267,99,99,122,93,119
Zscan4e,0,0,0,0,0,0,0,0,0,0,0,0,0
Wfdc11,0,0,0,0,0,0,0,0,0,0,0,0,0
Gm15455,0,0,0,0,0,0,0,0,0,0,0,0,0
Myo1b,124,70,99,124,191,317,98,256,135,123,127,127,73
Zfp639,38,25,20,32,39,64,27,97,34,32,39,25,37
Rgs17,0,0,0,2,1,0,0,2,0,0,0,0,0
Kdm4a,69,30,85,100,98,288,106,222,63,79,74,81,26
Mtx1,27,8,36,32,31,56,30,67,19,14,30,23,20
Ptprr,4,4,5,0,7,14,4,21,13,6,27,8,30
Il18r1,0,0,0,0,0,0,0,0,0,0,0,0,0
Cblc,0,0,0,0,1,0,1,0,0,0,0,0,0
Fbxo44,5,26,11,17,10,37,12,29,9,4,11,12,17
Smarcb1,34,6,24,31,42,122,37,73,21,23,29,23,15
Csde1,366,346,254,533,542,1059,258,797,236,257,415,280,250
4933416C03Rik,0,0,0,0,0,0,0,0,0,0,0,0,0
Gm14525,0,0,0,0,0,0,0,0,0,0,0,0,0
Ptk2b,318,89,233,282,314,431,187,424,145,152,117,178,36
Mgat4c,0,0,0,0,0,0,0,0,0,0,0,0,0
Fam166b,0,0,0,3,1,8,1,7,0,0,0,2,0
Chuk,156,112,85,140,136,465,93,350,98,121,127,108,90
Cysltr2,3,4,0,1,2,6,0,5,0,2,8,2,4
Myef2,18,7,10,11,17,35,9,28,12,11,19,23,15
1700012B07Rik,0,0,0,0,0,0,0,0,0,0,0,0,0
Lck,3,3,2,6,3,2,2,6,2,3,2,5,0
Dtnb,8,6,9,20,14,29,9,24,2,5,13,15,12
Stra6,42,46,103,88,109,74,26,73,14,1,40,61,18
Gab2,163,83,138,199,140,556,150,426,142,144,147,131,36
Arrdc1,36,10,46,33,47,136,50,107,35,52,24,39,9
Mpst,2,3,6,9,9,15,4,15,2,1,6,6,12
Fzd6,30,41,14,29,20,77,18,89,24,17,93,16,36
Sqrdl,145,145,124,146,166,316,120,231,76,110,121,105,93
Dguok,16,5,22,16,31,67,15,62,22,17,20,26,17
Ceacam12,0,0,0,0,0,0,0,0,0,0,0,0,0
Fam174b,0,0,0,0,0,6,4,7,1,0,4,0,0
1700029G01Rik,7,2,11,1,3,5,0,4,0,2,5,2,5
9330159F19Rik,0,0,0,1,0,5,0,2,0,0,0,0,0
Odf2l,25,18,34,31,22,81,11,40,20,9,15,25,15
Stk32c,0,0,0,0,0,0,0,0,0,0,0,0,0
Phyhipl,6,1,3,4,1,15,8,13,1,3,16,1,8
Nsmce4a,36,35,43,28,44,123,46,100,37,39,42,44,48
Nrip2,6,4,5,9,10,8,0,7,3,4,6,4,4
Rnase10,5,1,4,1,0,3,1,7,4,8,5,3,1
Ttbk1,0,0,4,1,2,2,1,2,0,1,2,1,0
Cylc2,0,0,0,0,0,0,0,0,0,0,0,0,0
Rab11fip3,19,7,15,16,18,76,22,45,23,14,23,27,1
Spast,105,57,51,91,82,299,89,235,62,76,88,84,36
Fam183b,0,0,1,9,0,21,3,4,1,0,0,0,2
Syce3,0,0,0,0,0,0,0,0,0,0,0,0,0
Apol9a,1,0,0,1,2,0,0,0,0,0,0,0,0
Igsf10,49,14,22,47,51,136,53,132,47,46,43,37,15
4930523C07Rik,20,11,27,18,39,38,5,9,3,3,18,22,8
Tmem217,0,0,0,0,0,0,0,1,0,0,0,0,0
2010109K11Rik,29,7,15,15,16,39,6,46,18,30,14,15,3
Mdm1,8,15,21,14,21,52,12,38,12,10,14,5,12
2410089E03Rik,60,31,28,46,34,161,45,113,39,30,45,39,13
Sesn1,141,88,127,160,173,387,125,380,152,164,197,163,134
Ncrna00085,0,3,0,0,0,4,0,4,0,3,1,4,0
Gm3604,12,3,1,3,4,7,7,20,4,14,8,4,14
Zfp934,11,2,11,5,8,26,6,16,17,4,9,8,7
Dennd4a,899,407,463,565,815,1271,288,927,381,420,345,547,148
Zc3h12c,89,40,47,91,77,171,46,105,44,51,53,45,10
Zfp931,5,3,0,0,2,12,9,1,1,2,8,1,8
Pkp3,0,0,0,0,1,1,0,1,0,0,0,0,0
Nudt17,4,6,4,3,13,6,1,13,1,0,2,1,1
Fam84b,42,53,24,44,39,272,61,160,24,10,90,41,14
Pom121l2,0,0,0,0,0,0,0,0,0,0,0,0,0
A630055G03Rik,0,0,0,0,0,0,0,1,0,0,0,0,0
Rpl10l,0,0,0,0,0,0,0,0,0,0,0,0,0
Ctxn2,0,0,0,0,0,0,0,0,0,0,0,0,0
Bet3l,0,0,0,0,0,0,0,0,0,0,0,0,0
Pydc3,1,0,0,0,0,0,0,0,0,0,0,0,0
Aen,7,1,7,9,16,24,9,10,3,6,9,4,7
Gm10081,0,0,0,0,0,0,0,0,0,0,0,0,0
Dchs1,5,2,1,6,7,34,6,24,4,5,6,1,0
Gm10318,0,0,0,0,0,0,0,0,0,0,0,0,0
Mtx3,75,46,46,51,65,132,42,116,32,28,61,58,33
Pcx,14,18,55,28,46,57,18,66,14,5,25,23,9
Nek3,7,4,8,12,19,20,4,18,3,10,9,5,6
Hif3a,101,17,30,34,35,10,2,6,0,7,0,19,0
Gm8267,0,0,0,0,0,0,0,0,0,0,0,0,0
Ccdc138,4,3,1,7,4,11,5,5,3,4,11,2,3
Rsph4a,28,68,26,42,39,146,15,66,16,2,53,19,31
Aim1l,0,0,0,0,0,0,0,0,0,0,0,0,0
Lrrc51,4,10,14,14,8,21,14,34,7,2,7,9,20
Megf6,2,0,1,2,9,9,3,4,2,1,2,1,0
Ccdc81,0,4,0,0,8,18,1,4,2,0,4,2,1
1700024P16Rik,0,0,0,0,0,0,0,0,0,0,1,0,0
Lrrc38,0,3,2,4,4,6,5,8,4,0,7,1,5
Phax,36,41,37,43,36,68,30,82,30,22,27,29,39
Eml2,2,4,17,16,12,44,9,13,4,2,13,6,9
1110017F19Rik,1,2,0,1,0,3,0,1,0,1,0,3,0
Fnip2,68,25,27,59,62,297,72,180,77,74,61,67,20
Minos1,38,62,38,55,70,166,50,112,39,24,58,54,113
Tnik,5,8,12,2,12,23,4,20,4,2,11,13,1
Ythdc2,50,31,31,41,60,159,31,106,53,26,43,32,24
Gp6,0,0,0,0,0,0,0,0,0,0,0,0,0
Gprasp2,40,24,34,42,43,124,30,68,40,24,54,40,28
Klhl32,1,3,2,4,12,8,5,9,1,0,7,4,6
Mon2,381,132,220,277,297,783,229,579,213,212,219,244,62
Dnajc13,237,131,81,233,229,632,160,483,164,193,221,188,82
Hcrtr1,0,0,0,2,0,1,0,0,0,0,0,0,0
Bcmo1,0,0,0,0,0,0,0,0,0,0,0,0,0
Synpr,0,0,0,0,0,3,0,3,0,0,0,0,0
Haus8,16,2,4,5,12,23,10,27,7,10,10,14,10
AU041133,23,5,15,4,7,44,10,16,6,13,11,1,7
Lcorl,25,13,17,15,23,88,23,67,23,17,23,30,24
Map3k15,78,77,47,95,107,183,53,183,45,35,74,72,56
Tchh,0,0,0,0,0,1,0,2,0,1,0,0,0
Eme2,2,3,19,9,11,28,5,17,3,7,5,5,4
Gm70,3,13,12,6,3,37,9,26,1,0,8,4,8
Fam46d,0,2,0,0,0,2,1,0,0,0,0,0,1
Krtap27-1,0,0,0,0,0,0,0,0,0,0,0,0,0
Cog5,65,63,64,79,72,154,59,183,50,40,67,43,68
Elf3,1,0,5,0,1,0,1,2,1,1,0,0,0
Macc1,0,0,0,1,0,0,2,0,0,0,1,0,0
Card6,85,15,54,40,41,137,53,136,34,81,50,36,6
Krtap24-1,0,0,0,0,0,0,0,0,0,0,0,0,0
C2cd4a,0,0,0,0,0,0,0,0,0,0,0,0,0
Pcsk5,7,4,5,6,11,6,4,15,3,1,8,8,0
1810041L15Rik,0,0,1,2,1,5,1,8,0,0,0,0,0
Etv1,26,13,18,22,53,88,20,55,30,29,20,20,12
Col4a5,9,23,20,36,19,58,16,43,8,0,37,25,1
Pcyt1a,67,42,53,100,110,276,65,192,61,42,69,48,43
Clec4d,38,31,20,24,18,6,0,2,0,3,2,11,3
Hmg20b,14,5,17,18,14,28,11,27,13,10,13,24,5
Lix1l,44,47,55,53,69,49,13,53,20,9,33,21,14
Begain,0,0,0,0,0,0,0,0,0,0,0,0,0
Plekhb1,5,12,3,7,13,91,9,41,6,3,11,7,18
Enthd1,0,0,0,0,0,0,0,0,0,0,0,0,0
Otud6a,0,0,0,0,0,0,0,0,0,0,0,0,0
Ly6g6f,0,0,0,0,0,0,0,0,0,0,0,0,0
Sfta2,0,0,0,0,0,0,0,1,0,0,1,0,0
Gm14692,0,0,0,0,0,0,0,0,0,0,0,0,0
Fgfr3,3,5,19,11,10,20,10,23,9,1,20,8,8
Prl3c1,0,0,0,0,0,0,0,0,0,0,0,0,0
Zfp804b,1,0,0,0,0,0,0,0,0,0,0,0,0
Fancg,11,4,2,7,15,34,23,34,17,10,15,7,9
Nqo2,20,35,25,34,36,56,20,63,20,22,39,29,34
Fis1,21,31,60,43,66,115,51,110,29,41,39,31,71
AA987161,46,38,27,38,56,141,36,99,43,52,49,40,39
Birc7,0,0,0,0,0,0,0,0,0,0,0,0,0
Fblim1,23,3,16,18,27,55,20,55,30,16,15,29,7
4933407C03Rik,110,28,70,111,123,296,88,226,107,115,79,116,5
Rnf20,140,55,78,111,104,329,87,266,115,82,109,100,66
Lsm10,9,2,22,7,13,39,10,35,6,4,15,11,25
Ccdc147,0,2,0,1,0,0,1,7,0,0,1,3,1
Lpar5,5,1,3,1,3,30,7,18,9,5,7,4,2
Baiap3,2,2,4,4,4,7,1,7,2,3,4,5,6
Fscb,0,0,0,0,0,0,0,0,0,0,0,0,0
Med16,7,3,15,14,22,41,9,25,5,5,13,20,7
Zbtb5,17,17,13,15,18,35,11,42,7,15,13,12,7
Susd1,14,3,23,18,6,28,8,11,4,5,13,10,14
Adck3,12,5,4,13,14,42,11,30,6,14,15,12,6
Pxmp3,79,69,56,87,78,218,64,183,81,72,94,60,96
Pcgf2,2,4,5,11,4,30,7,19,0,2,5,7,3
Pgap1,14,9,4,18,12,106,14,42,13,12,30,26,23
Get4,12,2,15,19,21,31,18,33,3,2,8,7,6
Clrn2,0,0,0,0,0,0,0,0,0,0,0,0,0
Gm11744,6,21,16,6,18,18,11,7,6,0,4,3,20
Tubgcp6,41,24,30,53,68,140,64,98,38,39,48,46,21
Ralyl,0,0,0,0,0,0,0,1,0,0,0,0,0
Cttnbp2nl,661,237,495,495,493,1979,677,1721,675,653,676,559,230
Atp2a3,45,13,88,60,70,58,26,75,29,30,49,57,11
Cdc42ep4,41,27,63,60,95,112,26,84,33,28,41,65,9
Ntng1,0,0,0,0,0,0,0,0,0,0,0,0,0
Gm12171,0,0,0,0,0,0,0,0,0,0,0,0,0
Rhot1,135,75,68,122,116,335,97,224,93,112,131,93,75
Gm12169,0,0,0,0,0,0,0,0,0,0,0,0,0
Dppa1,0,0,0,0,0,0,0,0,0,0,0,0,0
Fignl1,4,1,0,0,1,9,4,1,3,4,0,1,1
2700049A03Rik,21,7,12,26,17,68,24,69,34,24,29,24,9
Agpat1,52,18,68,62,71,166,66,107,45,34,48,44,13
4930579F01Rik,0,0,1,0,0,0,0,2,0,0,0,0,0
Nlgn1,0,1,0,0,0,3,0,1,0,0,1,0,1
Snx11,14,10,11,24,21,43,11,47,16,14,21,13,9
Evl,114,39,105,103,123,479,186,416,132,113,143,179,90
Il11ra1,12,32,58,29,42,60,29,70,17,15,25,22,26
Ppp2r3d,19,8,24,13,35,51,25,42,13,10,14,27,4
Ptx4,0,0,0,0,0,0,0,0,0,0,0,0,0
Fam172a,62,35,46,43,55,166,54,122,40,52,43,32,38
Tatdn3,25,10,17,21,33,56,15,63,20,19,15,16,14
1700040I03Rik,1,1,7,2,4,21,5,14,5,3,9,2,10
1810006K21Rik,24,33,27,36,48,52,24,78,20,16,28,15,42
Clk2,46,18,44,34,56,124,45,115,34,40,38,46,8
Hspa5,2250,1813,1663,2644,3162,6182,2082,6304,2005,2052,2592,1797,1828
Mov10,21,11,21,24,33,67,23,66,18,18,22,31,4
2700089E24Rik,48,55,37,50,57,165,60,110,38,54,68,56,56
Mapk8ip3,94,33,63,87,125,329,114,270,95,87,96,160,29
Trpc4ap,185,93,188,189,181,504,214,495,152,195,167,194,71
Prorsd1,11,18,18,15,17,40,7,29,19,12,12,14,26
Tbck,57,18,20,24,31,121,23,82,37,35,31,34,18
Mttp,18,18,23,19,27,43,13,35,8,4,13,20,13
Rhpn1,2,3,6,2,1,6,1,2,1,0,1,3,0
Phtf1,48,38,39,41,29,144,39,103,30,21,58,28,33
Trafd1,127,71,151,194,274,350,138,323,79,94,72,132,70
Hectd2,5,4,1,5,17,23,6,14,2,3,9,4,2
Cyp2d22,2,9,7,5,5,16,13,17,3,4,17,2,10
1810010H24Rik,1,3,0,1,2,2,2,5,0,1,0,3,1
Zfp746,31,11,34,33,39,111,40,104,39,47,40,42,2
Rabggtb,65,56,42,79,67,165,60,165,66,46,66,44,103
Neurl1a,42,13,46,53,73,109,41,96,19,42,31,47,4
Fkbp10,2,2,4,1,1,12,3,8,4,0,3,1,1
1700020A23Rik,0,0,0,0,1,0,0,0,0,0,0,0,0
Rpl30,19,18,2,27,52,54,22,48,18,39,16,14,44
Hsd17b13,0,0,0,0,0,0,0,0,0,0,0,1,0
Pfkm,35,30,36,62,62,123,47,106,16,3,60,47,31
Sema4a,22,8,33,18,24,45,8,22,9,6,10,17,1
Stard13,38,41,42,40,74,83,29,88,17,4,54,50,32
4921539E11Rik,0,0,0,0,0,0,0,0,0,0,0,0,0
Cd160,0,1,0,1,0,4,0,1,0,2,0,0,0
C130039O16Rik,156,33,89,164,219,320,78,198,83,78,49,97,12
2010001E11Rik,0,0,0,0,0,0,0,0,0,0,0,0,0
Nr1h4,0,1,0,1,0,0,0,1,0,0,0,0,1
Atl3,168,103,85,118,131,344,118,352,114,110,175,115,91
Mmrn1,0,0,0,1,0,0,1,0,0,0,2,2,0
Kcnn4,7,2,13,6,1,9,6,4,5,0,3,4,0
Spata5,33,22,22,31,36,74,19,50,29,25,25,16,17
Dlg5,5,3,13,9,2,18,6,26,5,2,13,8,5
Extl2,43,39,26,26,25,78,19,65,15,21,46,30,26
2410075B13Rik,4,0,0,0,0,5,1,4,3,0,2,1,1
1700034F02Rik,0,0,0,0,0,2,0,2,1,0,0,4,0
Emcn,34,38,23,56,73,78,10,55,19,20,81,34,49
S100a14,0,0,0,0,1,0,0,2,0,0,0,0,0
Itpripl1,101,27,80,68,46,169,82,196,75,68,86,72,62
Adam33,0,0,0,0,0,7,2,10,2,2,3,2,0
Tmem175,47,47,45,51,75,141,55,100,40,42,46,47,34
Rtdr1,0,1,0,1,0,4,0,3,0,0,0,0,0
Dnajc5b,0,0,0,0,0,0,0,0,0,0,0,0,0
Pgam5,25,21,22,21,21,45,19,68,19,25,33,14,16
5430427O19Rik,33,24,12,38,23,90,25,57,26,27,26,19,17
Plec,28,27,77,49,48,82,43,109,36,14,51,78,4
Cyth3,94,49,124,107,111,153,48,130,55,44,62,80,29
1700016H13Rik,0,0,0,0,0,0,0,0,0,0,0,0,0
4930432K09Rik,0,0,0,0,0,0,0,0,0,0,0,0,0
Ap4b1,40,17,42,30,45,104,26,79,24,37,27,31,26
Pou2f2,47,9,47,40,28,129,33,107,32,33,17,55,4
Lrriq1,19,37,11,18,13,45,20,40,7,0,30,19,10
Naf1,24,21,15,30,29,58,10,48,22,15,18,11,3
Ptpn5,0,0,0,0,0,0,0,1,1,0,0,0,0
Crb2,15,14,21,28,10,74,22,60,11,0,28,23,9
Fam102b,790,279,377,700,574,2921,683,1962,817,835,841,632,302
Kif9,21,41,19,28,27,85,15,61,11,2,34,16,21
Exosc8,68,22,35,41,49,103,29,93,33,33,32,28,36
Senp3,57,21,67,78,74,208,44,164,47,53,56,68,20
Tmem170b,186,72,86,115,121,470,84,332,126,125,123,142,55
Parp10,25,8,22,34,91,75,26,85,32,27,28,39,14
Prom1,26,9,19,16,42,69,8,80,24,20,99,13,35
Lrrcc1,52,37,43,70,68,187,34,101,51,56,59,49,34
Agxt2l1,0,0,0,2,0,0,0,0,0,0,0,0,1
Prph,0,0,0,0,0,0,0,0,0,0,0,0,0
Plxdc1,60,11,73,79,80,204,78,169,67,72,52,65,15
Psma8,7,0,8,5,2,12,3,3,2,3,2,2,6
Nhsl2,163,114,108,147,108,306,96,289,104,57,158,147,28
Nps,0,0,0,0,0,0,0,0,0,0,0,0,0
1700061J05Rik,0,0,0,0,0,0,0,0,0,0,0,0,0
Ascl4,0,0,0,0,0,0,0,0,0,0,0,0,0
Krtap20-2,0,0,0,0,0,0,0,0,0,0,0,0,0
1810011H11Rik,100,36,65,44,101,181,76,188,75,80,80,68,79
Tars2,35,10,37,25,30,82,35,58,20,21,23,37,20
Apol6,0,0,0,0,0,0,0,0,0,0,0,0,0
Prepl,70,98,54,99,79,261,73,207,41,52,121,53,101
Sult6b1,1,1,0,2,0,4,1,2,0,2,0,0,8
Noxa1,0,0,0,0,0,0,0,0,0,0,0,0,0
Fam151b,16,2,12,15,9,44,7,16,9,4,8,3,2
Lyrm5,29,57,27,32,39,88,32,74,15,23,35,23,42
Satb1,23,4,21,21,16,81,17,32,16,29,13,9,5
Wnt7b,0,0,0,0,0,0,0,1,0,0,0,0,0
Tnks2,377,207,171,333,323,978,278,700,295,318,330,273,151
Jakmip2,20,39,12,19,11,33,16,24,3,0,26,20,12
Ttc18,7,12,2,18,10,40,5,31,6,0,16,5,18
Chn2,128,53,89,117,103,263,103,271,99,112,96,64,59
Setdb1,161,59,63,115,98,347,90,298,139,92,127,99,40
Map3k12,136,81,78,179,133,410,135,354,107,112,142,111,70
Osbpl3,19,16,10,10,24,53,11,35,11,10,16,16,6
Nkd1,2,1,3,1,8,13,4,22,2,5,9,2,0
Telo2,11,8,17,18,21,45,19,45,10,24,12,17,11
Nucb1,196,125,324,281,270,576,242,610,162,165,230,225,102
Rab6a,115,91,65,154,134,270,93,218,62,81,125,96,40
Tnnt3,0,0,0,0,1,0,0,0,0,0,0,0,0
Mapk9,130,129,91,115,124,281,79,244,67,65,187,96,96
Nosip,34,17,26,28,45,68,23,61,20,18,22,20,18
Psg18,0,0,0,0,0,0,0,0,0,0,0,0,0
Dok5,0,0,0,0,0,0,1,1,0,0,1,0,0
Naaa,61,64,114,97,117,239,93,158,43,46,70,61,43
Ptpra,256,125,184,245,229,703,218,567,217,220,260,206,84
Pnpla2,102,24,124,104,105,135,60,154,65,52,48,82,8
Cacna1h,0,2,0,1,5,5,0,0,0,0,3,5,1
4932438H23Rik,3,24,5,13,10,27,4,28,7,0,17,7,10
Rpap1,25,3,37,15,35,78,32,58,19,25,20,23,4
Fbxo27,0,3,1,4,0,2,0,1,0,0,0,0,0
Dcun1d3,23,27,20,27,26,67,11,45,16,29,36,33,16
Bri3,11,7,13,25,13,43,18,38,19,14,8,8,22
Tufm,2,2,3,1,6,8,6,9,1,2,2,12,2
1190007F08Rik,32,18,49,42,52,97,31,96,27,17,41,36,23
Dyx1c1,1,3,1,6,7,11,2,8,1,0,2,4,5
4930563E22Rik,0,0,0,0,0,5,0,1,2,0,0,0,0
Klhdc3,41,22,70,48,46,117,34,104,45,34,37,53,19
Gm9125,0,0,0,0,0,0,0,0,0,0,0,0,0
Gm10697,0,0,0,0,0,0,0,0,0,0,0,0,0
Ush1c,0,0,0,0,0,0,1,1,0,0,0,0,0
Rrp1b,41,21,36,28,47,126,35,85,42,26,34,28,21
1110021J02Rik,49,36,38,49,43,114,33,111,30,28,47,40,29
Nlrx1,25,9,29,26,34,54,21,36,8,19,12,17,9
Pgm3,35,22,33,37,32,93,40,66,38,30,40,32,32
Pde9a,2,6,6,9,5,17,4,6,1,0,4,8,4
Camsap3,2,4,2,5,3,19,9,12,5,0,12,5,1
Spsb3,11,6,18,20,39,65,25,45,8,16,19,14,13
4930432K21Rik,0,0,0,1,2,4,0,1,0,1,1,2,0
Rab37,1,0,0,0,2,3,0,0,0,0,2,0,0
Rab3gap2,130,59,93,117,111,305,97,259,73,72,98,88,48
Skor1,0,0,0,0,0,0,0,0,0,0,0,0,0
Dhx57,50,31,37,57,34,207,59,159,56,54,57,53,30
6430548M08Rik,16,14,37,40,16,66,21,70,22,16,31,16,9
Tcf19,0,1,5,1,4,7,2,12,6,2,3,1,0
Wdr90,11,6,6,11,10,36,16,28,5,2,6,12,0
Tctex1d1,0,0,0,0,0,2,1,2,0,0,0,0,0
Dom3z,10,3,13,14,25,19,6,19,9,12,7,13,8
Gm17660,0,0,0,0,0,0,1,0,0,0,0,0,0
Taok2,87,40,75,90,98,331,107,296,77,94,94,120,10
Tmprss3,0,0,0,0,0,0,0,0,0,0,0,0,0
Ccdc151,3,4,7,4,0,8,6,9,2,0,9,4,4
Orc6,8,11,8,15,16,34,4,23,14,8,11,7,12
C530008M17Rik,0,0,0,4,0,13,1,5,1,1,6,1,0
Pdik1l,27,15,11,12,13,55,15,36,20,25,32,10,19
1700008P20Rik,0,0,0,0,0,0,0,1,0,1,0,0,0
Vav1,477,171,382,519,575,1213,416,1083,385,407,330,401,140
Ppp1r10,249,81,288,383,394,942,180,579,163,158,129,267,33
Fance,14,6,23,22,24,49,14,36,9,18,8,19,3
Msl3l2,11,4,5,17,9,25,6,22,14,7,9,9,0
Pabpc6,0,0,0,0,0,0,0,0,0,0,0,0,0
Tbc1d24,31,9,20,20,41,111,28,77,25,26,31,36,5
Rpl3l,0,0,0,0,0,0,0,0,0,0,0,0,0
Zfp605,23,6,9,4,6,32,10,30,8,12,13,10,14
Ntf3,1,0,0,0,1,0,0,4,0,0,5,0,0
Ly6e,857,353,986,868,1043,1830,671,1764,624,788,721,666,471
Smad5,89,54,64,109,79,356,78,266,93,103,120,85,70
Gm13306,0,0,0,0,0,0,0,0,0,0,0,0,0
Prl7a1,0,0,0,0,0,0,0,0,0,0,0,0,0
Sell,14,11,14,21,8,13,2,0,4,9,4,21,5
Stat5a,46,14,39,20,51,59,26,46,13,12,10,32,2
Tank,96,90,36,87,98,176,39,114,46,45,54,49,51
Polr3d,19,10,13,16,12,28,9,34,15,18,14,14,2
Homer2,1,0,0,1,0,5,0,5,0,0,1,2,0
Bcap29,88,75,69,59,70,179,64,143,51,70,80,41,73
Polr3e,33,9,18,25,28,58,24,72,32,36,24,17,8
Add3,65,95,95,163,85,402,91,288,91,69,152,99,69
Ripk3,16,9,5,12,16,38,15,27,8,10,11,4,7
Nfatc1,144,17,116,102,95,298,86,288,110,116,81,113,25
Spert,0,0,0,0,0,0,0,0,0,0,0,0,0
Tcf3,14,8,39,31,42,60,24,60,16,31,20,24,7
Mcrs1,4,2,13,8,8,27,7,13,9,6,2,7,3
Ppp6r3,207,122,129,179,242,530,187,430,135,181,180,171,80
Pom121l12,0,0,0,0,0,0,0,0,0,0,0,0,0
Pias2,115,95,52,97,103,298,84,241,86,84,111,65,80
Myh6,0,0,0,0,0,3,0,0,0,0,0,0,0
Map2k7,27,22,26,59,56,141,63,108,40,28,59,44,19
Cpsf1,60,27,66,59,71,212,89,186,54,49,39,88,30
Psmd10,21,21,32,27,30,72,17,50,14,18,32,9,30
Lsr,13,17,50,21,25,51,15,52,23,23,39,24,23
Barhl1,0,0,0,1,0,0,0,2,0,1,0,1,0
Nagk,14,7,12,17,30,40,36,62,14,28,12,11,17
Mtm1,33,38,15,35,31,67,22,54,19,15,45,23,24
Mmp19,17,11,24,47,36,58,13,31,9,22,12,13,7
Lass3,0,0,0,0,0,0,0,1,0,0,0,0,0
Gm8369,1,0,0,0,0,0,0,1,0,1,1,0,0
Tsen34,16,11,10,15,32,52,30,47,18,6,16,17,19
Tmem176b,272,300,448,461,471,988,378,837,307,272,341,284,392
1110032A04Rik,0,0,0,0,0,0,0,0,0,0,0,0,0
Rerg,0,0,0,0,1,1,0,3,2,1,1,0,0
Romo1,6,6,10,5,17,13,10,14,2,2,5,3,30
Trim13,11,5,7,4,7,40,13,32,12,7,7,15,14
Col4a3bp,120,97,77,115,106,396,91,262,83,105,203,109,57
Rpa1,67,36,44,70,71,177,52,140,48,36,79,40,57
Fbxl16,0,0,5,3,1,2,1,4,0,1,1,1,0
Nrf1,13,8,16,27,21,59,19,55,19,15,17,22,11
Pwwp2a,91,35,43,50,52,298,65,214,82,63,93,97,34
Slco6d1,0,0,0,0,0,0,0,0,0,0,0,0,0
1700007B14Rik,0,0,0,0,0,0,0,0,0,1,0,0,0
1700034J05Rik,0,0,0,0,0,0,0,0,0,0,0,0,0
Rnf41,51,23,56,57,89,143,51,136,41,53,53,47,28
Prpsap2,82,46,55,83,85,214,76,166,76,77,69,81,73
Tpm1,39,53,91,65,124,106,25,92,26,17,137,77,52
Xrra1,1,0,1,1,0,0,0,2,1,2,0,0,0
9930023K05Rik,1,0,0,0,0,0,0,0,0,0,0,0,0
Kalrn,2,0,2,4,7,3,2,4,1,1,11,4,0
Cpsf7,130,63,72,102,110,383,103,306,109,113,123,123,44
Prrg1,2,3,8,7,5,14,0,10,1,6,22,6,2
C87414,0,0,0,0,0,0,0,0,0,0,0,0,0
Gm5415,0,0,0,0,0,0,0,0,0,0,0,0,0
Gm6907,5,7,5,4,4,8,3,3,1,4,1,1,2
Cuedc2,23,16,36,41,59,119,42,101,33,32,24,35,37
Gm4846,0,0,0,0,0,0,0,0,0,0,0,0,0
Loxl4,14,7,2,4,3,8,5,8,6,0,5,8,0
Gm4847,0,0,1,0,0,0,0,0,0,0,0,0,0
Fam190a,4,12,6,5,4,11,3,8,1,0,1,4,1
Chadl,0,1,2,3,0,6,3,2,0,3,3,1,0
Trpm7,253,178,89,227,195,630,146,453,140,202,244,174,100
Gm4902,32,28,13,41,39,33,13,20,11,33,8,9,22
Gm6904,0,0,0,0,0,0,0,0,1,1,0,0,1
Efemp2,15,29,44,34,28,45,31,61,18,6,18,29,28
Ska1,1,0,0,0,0,1,1,3,0,1,0,0,0
Slc25a25,88,39,101,243,290,533,94,270,76,86,71,131,20
Erlin1,56,33,22,56,56,108,40,99,53,43,60,26,42
Cep55,3,0,0,5,7,11,0,10,0,4,0,3,2
Nt5c2,135,102,84,141,161,300,65,248,81,70,124,83,103
Atp13a2,27,9,60,42,48,143,47,114,35,40,30,52,8
Rab11fip2,24,13,14,24,22,92,27,51,13,24,40,18,5
Bcas1,0,0,1,0,0,11,0,15,0,0,1,1,6
Mipol1,2,3,4,2,3,9,1,6,3,4,4,1,2
Gm17455,1,0,0,4,0,2,0,1,1,0,0,6,0
Ctnna3,0,1,5,1,1,8,2,0,0,0,4,2,2
Ptpro,128,46,114,196,189,447,142,329,123,145,78,126,124
Cnot4,60,45,41,60,49,192,38,119,44,47,40,42,22
Pqlc1,17,25,26,16,41,42,18,56,9,6,27,24,23
Kcnk13,58,13,31,36,34,179,78,137,44,54,56,49,40
Tmem212,0,0,0,0,0,53,1,13,5,2,3,0,7
Ankrd33b,13,2,14,18,11,7,2,3,2,1,11,20,0
Sipa1,306,53,341,334,424,649,299,680,261,297,178,324,38
Fam170b,0,0,0,1,0,1,0,0,0,0,0,0,0
Ablim3,0,1,0,1,0,5,2,3,0,0,1,0,0
Klhl29,3,6,4,3,2,8,7,6,0,0,3,6,4
Papd5,101,42,46,77,58,257,57,229,72,59,65,73,13
Akap11,179,156,125,161,208,465,117,360,98,105,201,127,125
Rnf165,0,0,0,0,0,0,0,0,0,0,0,0,0
Iglon5,1,1,0,0,0,4,0,5,1,0,0,0,0
Serpinb9c,0,0,0,0,0,0,0,0,0,0,0,0,0
Tstd1,0,3,2,1,4,1,1,6,1,2,4,4,0
Mup11,0,0,0,0,0,0,0,0,0,0,0,0,0
Ildr2,75,82,24,90,48,206,27,127,28,22,82,44,17
Zfyve27,26,20,33,45,44,116,45,91,45,30,51,31,11
Cpsf4l,1,0,0,0,0,0,0,1,0,0,2,0,2
Dap3,34,22,16,24,29,78,20,67,29,17,30,39,31
Pdzk1ip1,1,6,2,3,6,3,5,9,0,0,1,1,4
Sec22c,14,18,4,20,10,28,9,28,2,0,20,11,3
Amigo2,11,27,26,25,14,49,14,50,11,6,27,17,16
Acnat1,2,7,6,16,0,10,9,16,3,0,12,6,9
Spats2l,8,16,7,15,6,31,16,25,3,1,22,11,13
Vill,10,0,10,5,4,3,2,3,0,8,0,4,2
Rffl,155,43,109,156,137,369,86,266,93,73,92,97,40
Snrk,43,20,56,37,36,118,38,116,38,34,71,60,19
Myo1h,28,24,30,54,51,86,41,80,24,21,61,28,17
Kbtbd3,11,13,2,6,13,33,5,27,5,8,14,5,15
Zfp169,7,9,1,4,3,21,8,11,11,8,6,8,3
Tsr2,32,26,30,34,47,56,19,70,12,7,28,14,18
BC030336,29,24,18,40,56,127,31,111,25,29,54,27,37
Zfp961,17,14,14,10,16,37,12,28,6,10,24,21,23
Dnajc6,4,9,10,12,23,60,9,30,3,0,27,6,9
Pdzrn4,0,0,1,7,2,3,1,6,1,2,4,2,0
Znf512b,28,9,28,40,28,83,27,69,25,25,21,29,5
Irf2bp2,312,83,159,329,283,662,179,546,218,242,164,233,40
Puf60,77,38,112,142,116,251,104,248,66,76,96,77,48
Ccdc116,1,1,2,1,2,3,0,0,0,0,0,1,0
Maf1,70,31,60,66,75,156,70,170,71,79,66,53,57
Atp13a4,3,14,11,9,3,25,8,29,2,0,11,10,13
Ccdc159,0,0,0,0,1,1,1,1,0,2,0,2,0
Ccdc157,34,21,33,47,45,104,38,87,21,10,32,49,10
Rnf14,97,132,96,137,130,250,84,209,43,46,119,68,120
Zfp809,10,16,9,17,24,50,11,56,10,15,22,20,17
2210021J22Rik,5,8,18,6,17,27,15,13,5,9,5,3,22
Arhgap8,1,2,2,5,6,0,0,2,0,1,0,0,1
Mum1l1,14,26,9,12,9,37,7,34,2,5,18,10,17
A730011L01Rik,19,9,17,18,22,58,9,42,13,14,14,16,3
Apol7a,0,0,0,0,0,0,0,0,0,0,0,0,0
9530053A07Rik,0,0,0,2,0,0,0,2,0,0,1,0,0
Catsperg1,3,7,0,10,0,8,6,16,2,2,2,6,0
Trank1,0,0,0,0,0,0,0,0,1,0,0,0,0
Cyfip1,1376,556,943,1158,1256,3305,1017,2518,927,1093,893,926,563
9830001H06Rik,1073,220,580,841,873,3364,1014,3113,1010,1133,746,935,57
Dnahc6,55,96,38,50,56,207,18,133,31,0,59,62,22
Dnaja1,200,131,158,95,127,740,166,507,188,175,156,195,124
Zfp229,15,20,14,9,7,49,12,36,10,13,11,12,8
Pdcd6ip,268,98,195,240,252,587,197,567,206,196,242,193,46
Ano8,10,7,18,9,24,60,17,43,24,14,17,19,1
Ces3a,0,0,0,0,0,0,0,0,0,0,0,0,0
Mpp4,7,5,4,2,3,12,2,13,4,0,0,2,0
Tmem29,12,24,9,14,11,24,8,22,10,5,13,3,20
Gm6710,0,0,0,0,0,0,0,0,0,0,0,0,0
Klk6,0,0,0,0,0,0,0,0,0,0,0,0,0
Renbp,55,23,38,49,47,178,41,148,37,38,42,56,38
Fam123a,5,4,8,8,10,18,17,25,5,0,14,5,7
Sh3pxd2a,101,34,83,84,122,319,91,258,99,101,93,117,27
Il33,5,3,2,2,1,14,3,2,0,2,12,3,4
Fcrl6,0,0,0,0,0,0,0,0,0,0,0,0,0
Gm10406,4,0,0,1,1,2,0,0,2,0,0,0,0
Tomm6,15,30,51,37,60,79,29,71,16,26,50,40,46
Mpp6,22,15,8,20,28,61,20,66,19,18,17,15,17
Crlf2,6,3,15,6,19,10,11,11,2,0,1,13,3
Fam47a-ps,0,0,0,0,0,0,0,0,0,0,0,0,0
Serpina1f,0,0,0,0,0,0,0,0,0,0,0,0,0
Slc17a3,0,0,0,0,0,0,0,0,0,0,0,0,0
Ptp4a2,367,274,271,481,432,1106,292,906,326,337,380,273,224
Rarres1,0,0,0,0,0,0,0,0,0,0,0,0,0
Robo3,0,0,0,0,1,1,0,0,0,0,1,1,0
Fbxw2,64,39,46,56,69,162,38,119,48,40,70,49,58
Adamts20,0,0,0,0,0,17,0,3,1,0,0,0,1
Sprr2a2,0,0,0,0,0,0,0,0,0,0,0,0,0
Eomes,1,0,0,1,2,8,0,4,1,0,1,0,0
Scg3,0,1,1,2,3,31,4,25,0,0,4,0,0
B230120H23Rik,26,12,19,27,23,63,13,41,16,20,41,34,14
Grinl1a,100,157,120,176,151,364,119,323,78,56,168,104,104
Hephl1,0,0,0,0,0,0,0,0,0,0,0,0,0
Slc38a10,145,63,230,163,199,390,173,372,117,126,105,148,28
Coro2a,41,14,56,57,31,102,24,78,29,32,46,44,9
Thsd7a,4,10,8,18,17,58,15,46,3,0,29,9,8
Bend4,2,0,3,0,0,9,1,5,2,0,6,0,2
Pet117,0,1,0,2,1,6,3,5,0,0,3,2,0
0610011L14Rik,48,39,101,75,44,175,40,132,28,20,65,36,48
2310046K01Rik,8,2,7,3,6,15,4,17,6,22,21,5,4
Tmem42,0,3,1,3,0,5,1,5,0,2,1,1,0
Aste1,4,2,4,1,4,13,5,11,4,2,6,4,4
P2rx2,0,0,0,0,0,1,0,0,0,0,0,0,0
Lrrfip2,47,27,24,38,61,114,33,102,26,39,47,38,29
Lpin2,287,113,166,250,349,963,227,645,211,255,195,257,96
Ctage5,180,128,116,185,187,554,147,436,138,143,208,133,86
Dcaf4,20,6,20,12,12,41,25,35,7,12,9,16,17
Akt1,94,23,143,107,149,273,125,298,97,83,76,79,37
Ctnnb1,528,602,566,665,693,1547,539,1475,408,402,839,460,603
1700123I01Rik,0,0,0,0,1,0,0,0,0,0,0,0,0
Cldn14,0,0,0,0,0,0,0,0,0,0,0,0,0
Ccdc78,0,1,3,1,0,4,3,1,0,2,2,2,2
Rgs9,5,20,9,11,4,25,1,21,8,0,7,9,3
Tshb,0,0,0,0,0,0,0,0,0,0,0,0,0
Nsun6,21,11,7,17,27,39,9,35,11,16,18,17,18
Olfr819,0,0,0,0,0,0,0,0,0,0,0,0,0
Pogz,105,41,62,83,123,355,83,260,101,95,91,140,23
Pias3,28,16,28,26,15,95,33,70,16,37,32,37,7
Gm10267,0,0,0,0,0,0,0,0,0,0,0,0,0
Vangl1,4,3,9,8,3,36,10,20,15,6,30,12,10
Trim45,3,2,6,8,4,16,4,13,2,10,4,1,1
Phc3,225,109,106,156,143,618,136,534,186,176,195,216,77
Txndc6,2,4,0,0,0,4,0,3,1,0,0,0,0
Fndc7,1,0,2,5,2,10,3,9,2,1,1,2,0
Pglyrp4,0,0,0,0,0,0,0,0,0,0,0,0,0
Gm5803,0,0,0,0,0,0,0,0,0,0,0,0,0
Dcaf17,23,18,7,14,18,69,18,49,21,25,34,24,18
Ubap2l,194,98,140,228,220,641,179,534,160,178,190,155,42
Ckap5,172,107,89,142,147,488,102,330,105,118,174,98,102
Arfrp1,60,33,35,40,62,163,39,135,41,30,74,37,49
Spopl,43,22,15,33,34,82,19,75,35,40,33,23,14
Lingo2,0,0,0,0,0,0,0,0,0,0,0,0,0
Tmem215,0,0,0,0,0,0,0,0,0,0,0,0,0
Arfgap2,50,19,62,81,89,191,67,173,40,56,93,49,64
Skint11,0,0,0,0,0,0,0,0,0,0,0,0,0
Slfn14-ps,0,0,0,0,0,0,0,0,0,0,0,0,0
Mylk4,3,2,0,0,0,0,0,0,0,0,0,1,0
Gtf3c4,75,69,31,62,77,238,74,207,58,49,97,79,42
Gm16381,0,0,0,0,0,0,0,0,0,0,0,0,0
Ccdc152,3,2,0,0,3,11,1,9,4,3,3,2,0
Syde2,1,0,2,3,2,5,2,1,1,0,5,8,3
Gcnt4,1,0,0,0,4,0,0,0,0,0,2,0,0
Heatr7b2,0,0,0,0,0,0,0,0,0,0,0,0,0
Slc4a5,113,237,191,245,158,502,158,434,65,2,247,161,97
Armc8,36,21,26,29,40,122,16,113,23,21,49,27,35
Krt81,0,0,0,0,0,0,0,0,0,0,0,0,0
Ccdc74a,0,3,6,2,4,6,2,8,3,1,5,2,2
Lce6a,0,0,0,0,0,0,0,0,0,0,0,0,0
Dmkn,0,0,3,0,3,3,0,5,1,0,0,1,1
Erv3,0,0,0,0,0,0,0,0,0,0,0,0,0
Dpy19l2,0,0,0,0,0,4,0,2,0,0,0,0,0
Myh15,0,0,3,0,0,0,0,0,0,0,0,0,0
Fam129c,0,0,2,0,3,9,3,7,4,0,3,3,0
Zfp712,7,6,8,3,7,27,10,18,11,19,7,8,10
Mgll,99,26,91,118,112,247,74,202,71,70,79,107,20
Cspg5,1,8,1,7,9,15,4,24,1,0,4,3,1
Serpina11,0,0,0,0,0,0,0,0,0,0,0,0,0
Fgf8,0,0,0,0,0,1,0,0,0,0,0,0,0
2310046O06Rik,43,8,18,29,25,86,27,95,33,24,40,28,19
Fam122b,10,33,8,13,18,45,12,36,14,11,24,26,19
Fkbp2,38,62,54,58,108,153,57,123,34,27,51,46,117
Trmt112,5,2,20,8,17,18,7,23,5,8,8,9,8
1-Mar,421,218,222,271,345,550,190,521,212,257,225,210,202
Armcx1,14,14,8,15,10,34,16,28,4,8,18,7,16
Rad52,15,14,5,9,10,20,15,31,3,9,18,9,8
Rbmy1a1,0,0,0,0,0,0,0,0,0,0,0,0,0
Sp4,83,34,39,71,67,186,40,131,47,48,56,56,27
Ptp4a3,38,20,86,53,74,152,56,120,47,60,46,52,40
Armcx2,70,40,66,93,99,207,47,158,46,39,64,57,33
Rab3a,5,1,2,13,6,17,10,15,3,2,22,12,1
Tnfaip3,1836,717,1580,2912,2705,6129,1444,4326,1415,1428,1047,1769,456
Kif20a,12,10,19,5,8,51,11,52,17,20,11,12,11
Rai14,39,71,43,62,72,81,29,80,18,7,57,62,30
Arhgef25,17,4,6,9,13,20,10,24,7,3,12,19,3
Med23,69,33,28,30,54,171,41,146,57,39,62,63,39
Hnrnpf,76,35,53,67,115,167,56,121,49,55,54,57,57
Tbc1d25,6,3,9,12,11,30,3,24,9,9,15,11,12
Slc25a14,6,4,22,8,10,24,6,31,7,1,18,9,26
Pls3,181,336,133,241,320,357,108,307,77,62,262,122,197
Brcc3,46,29,19,31,49,93,27,85,23,19,28,27,34
Spock1,0,0,0,2,0,5,0,0,1,0,0,0,0
Vmac,5,9,5,9,6,30,4,23,1,10,14,11,2
4930407I10Rik,0,0,0,0,0,0,0,0,0,0,0,0,0
Hmga1-rs1,13,10,20,17,31,32,12,18,7,20,10,10,2
Ssr4,58,59,55,89,129,205,77,157,55,58,49,54,157
Rasgrp3,613,233,313,443,456,1676,402,1246,439,557,505,442,199
Zpbp2,0,0,0,0,0,0,0,0,2,0,0,0,0
3110052M02Rik,31,16,14,16,19,50,20,27,13,10,30,29,14
Dennd1b,97,42,33,86,59,246,56,174,81,73,67,55,39
Slc39a11,27,7,23,18,14,57,19,35,18,9,15,18,8
Sec14l1,196,71,186,192,166,661,213,518,177,169,160,202,39
Sfmbt1,94,44,64,72,81,339,66,286,78,90,117,81,50
Eif4enif1,81,32,47,60,67,164,32,180,65,50,63,45,23
Zbed6,164,87,52,96,109,433,72,284,111,80,133,134,37
8430408G22Rik,14,21,27,21,27,15,4,14,5,4,18,20,8
BC005561,34,44,10,20,23,85,14,61,34,12,35,32,12
Tead1,55,80,54,96,83,159,55,143,28,0,102,78,10
Eif5a,138,126,192,267,305,413,160,338,109,93,132,115,116
Dgkz,80,27,127,124,155,351,147,353,103,124,71,134,29
Gm16430,0,0,0,0,0,0,0,0,0,0,0,0,0
Fmr1nb,0,0,0,0,1,0,0,3,0,0,0,0,1
Rbmx,31,20,28,36,40,93,20,78,28,31,19,27,21
Ccr9,1,2,0,2,0,6,0,5,0,2,1,0,0
Dynlt1f,0,0,0,0,0,0,0,0,0,0,0,0,0
Dynlt1a,0,0,4,0,0,0,4,0,0,0,2,0,1
Dynlt1c,0,0,0,0,0,0,0,0,0,0,0,0,0
Havcr1,2,0,0,0,0,0,0,0,0,0,0,0,0
Gm4302,0,0,0,0,0,0,0,0,0,0,0,0,0
Mid1ip1,27,17,64,56,59,229,74,136,51,61,58,51,23
Gm4312,0,0,0,0,0,0,0,0,0,0,0,0,0
Gm4301,0,0,0,0,0,0,0,0,0,0,0,0,0
Gm4303,0,0,0,0,0,0,0,0,0,0,0,0,0
Gm4305,0,0,0,0,0,0,0,0,0,0,0,0,0
Gm4307,0,0,0,0,0,0,0,0,0,0,0,0,0
Bcas3,33,10,25,27,36,81,39,61,26,38,32,20,11
Zfp651,8,5,16,14,11,46,7,27,6,5,12,13,0
Zfp882,22,7,0,9,17,53,9,31,13,15,17,13,10
Gm16405,0,0,0,0,0,0,0,0,0,0,0,0,0
Zfp280c,49,18,28,44,50,164,32,93,44,29,46,27,28
Klhl33,0,0,0,0,0,0,0,0,0,0,0,0,0
Cdkl3,7,6,4,7,4,20,8,14,1,1,13,7,3
Cdr1,2,22,10,7,3,23,9,14,1,0,9,9,6
Gemin5,41,16,24,37,37,88,29,53,29,25,35,31,6
Gm14548,2,0,0,5,2,0,0,0,0,0,0,1,0
Ccdc45,15,15,17,33,24,84,32,81,18,14,22,25,12
1700101E01Rik,0,1,4,1,1,0,0,2,0,0,2,0,0
Vmn1r55,0,0,0,0,0,0,0,0,0,0,0,0,0
Vmn1r123,0,0,0,0,0,0,0,0,0,0,0,0,0
Vmn1r119,0,0,0,0,0,0,0,0,0,0,0,0,0
Vmn1r207-ps,0,0,0,0,0,0,0,0,0,0,0,0,0
Vmn1r7,0,0,0,0,0,0,0,0,0,0,0,0,0
Gm5725,0,0,0,0,0,0,0,0,0,0,0,0,0
Vmn1r151,0,0,0,0,0,0,0,0,0,0,0,0,0
Gm5728,0,0,0,0,0,0,0,0,0,0,0,0,0
Vmn1r122,0,0,0,0,0,0,0,0,0,0,0,0,0
Vmn1r120,0,0,0,0,0,0,0,0,0,0,0,0,0
Vmn1r113,0,0,0,0,0,0,0,0,0,0,0,0,0
Vmn1r173,0,0,0,0,0,0,0,0,0,0,0,0,0
Vmn1r34,0,0,0,0,0,0,0,0,0,0,0,0,0
Vmn1r39,0,0,0,0,0,0,0,0,0,0,0,0,0
Vmn1r176,0,0,0,0,0,0,0,0,0,0,0,0,0
Vmn1r170,0,0,0,0,0,0,0,0,0,0,0,0,0
Vmn1r94,0,0,0,0,0,0,0,0,0,0,0,0,0
Vmn1r160,0,0,0,0,0,0,0,0,0,0,0,0,0
Vmn1r129,0,0,0,0,0,0,0,0,0,0,0,0,0
Vmn1r127,0,0,0,0,0,0,0,0,0,0,0,0,0
Vmn1r175,0,0,0,0,0,0,0,0,0,0,0,0,0
Vmn1r31,0,0,0,0,0,0,0,0,0,0,0,0,0
Vmn1r77,0,0,0,0,0,0,0,0,0,0,0,0,0
Vmn1r60,0,0,0,0,0,0,0,0,0,0,0,0,0
Vmn1r61,0,0,0,0,0,0,0,0,0,0,0,0,0
Vmn1r57,0,0,0,0,0,0,0,0,0,0,0,0,0
Vmn1r224,0,0,0,0,0,0,0,0,0,0,0,0,0
Vmn1r91,0,0,0,0,0,0,0,0,0,0,0,0,0
Vmn1r103,0,0,0,0,0,0,0,0,0,0,0,0,0
Vmn1r104,0,0,0,0,0,0,0,0,0,0,0,0,0
Vmn1r128,0,0,0,0,0,0,0,0,0,0,0,0,0
Vmn1r125,0,0,0,0,0,0,0,0,0,0,0,0,0
Vmn1r121,0,0,0,0,0,0,0,0,0,0,0,0,0
Vmn1r118,0,0,0,0,0,0,0,0,0,0,0,0,0
Vmn1r117,0,0,0,0,0,0,0,0,0,0,0,0,0
Vmn1r116,0,0,0,0,0,0,0,0,0,0,0,0,0
Vmn1r115,0,0,0,0,0,0,0,0,0,0,0,0,0
Vmn1r111,0,0,0,0,0,0,0,0,0,0,0,0,0
Vmn1r135,0,0,0,0,0,0,0,0,0,0,0,0,0
Vmn1r139,0,0,0,0,0,0,0,0,0,0,0,0,0
Vmn1r142,0,0,0,0,0,0,0,0,0,0,0,0,0
Vmn1r143,0,0,0,0,0,0,0,0,0,0,0,0,0
Gm8660,0,0,0,0,0,0,0,0,0,0,0,0,0
Vmn1r152,0,0,0,0,0,0,0,0,0,0,0,0,0
Vmn1r155,0,0,0,0,0,0,0,0,0,0,0,0,0
Vmn1r157,0,0,0,0,0,0,0,0,0,0,0,0,0
Vmn1r163,0,0,0,0,0,0,0,0,0,0,0,0,0
Gm8720,0,0,0,0,0,0,0,0,0,0,0,0,0
Vmn1r124,0,0,0,0,0,0,0,0,0,0,0,0,0
Vmn1r159,0,0,0,0,0,0,0,0,0,0,0,0,0
Vmn1r107,0,0,0,0,0,0,0,0,0,0,0,0,0
Vmn1r79,0,0,0,0,0,0,0,0,0,0,0,0,0
Vmn1r101,0,0,0,0,0,0,0,0,0,0,0,0,0
Vmn1r114,0,0,0,0,0,0,0,0,0,0,0,0,0
Vmn1r126,0,0,0,0,0,0,0,0,0,0,0,0,0
Gm4172,0,0,0,0,0,0,0,0,0,0,0,0,0
Vmn1r149,0,0,0,0,0,0,0,0,0,0,0,0,0
Vmn1r158,0,0,0,0,0,0,0,0,0,0,0,0,0
Vmn1r168,0,0,0,0,0,0,0,0,0,0,0,0,0
Vmn1r169,0,0,0,0,0,0,0,0,0,0,0,0,0
Vmn1r100,0,0,0,0,0,0,0,0,0,0,0,0,0
Vmn1r109,0,0,0,0,0,0,0,0,0,0,0,0,0
Vmn1r110,0,0,0,0,0,0,0,0,0,0,0,0,0
Vmn1r112,0,0,0,0,0,0,0,0,0,0,0,0,0
Vmn1r130,0,0,0,0,0,0,0,0,0,0,0,0,0
Vmn1r137,0,0,0,0,0,0,0,0,0,0,0,0,0
Vmn1r165,0,0,0,0,0,0,0,0,0,0,0,0,0
Gm5726,0,0,0,0,0,0,0,0,0,0,0,0,0
Gm8677,0,0,0,0,0,0,0,0,0,0,0,0,0
Gm16442,0,0,0,0,0,0,0,0,0,0,0,0,0
Gm16451,0,0,0,0,0,0,0,0,0,0,0,0,0
Gm8453,0,0,0,0,0,0,0,0,0,0,0,0,0
Gm4498,0,0,0,0,0,0,0,0,0,0,0,0,0
Gm6164,0,0,0,0,0,0,0,0,0,0,0,0,0
Gm8693,0,0,0,0,0,0,0,0,0,0,0,0,0
Gm4144,0,0,0,0,0,0,0,0,0,0,0,0,0
Gm4133,0,0,0,0,0,0,0,0,0,0,0,0,0
Gm4187,0,0,0,0,0,0,0,0,0,0,0,0,0
Gm10665,0,0,0,0,0,0,0,0,0,0,0,0,0
Gm10670,0,0,0,0,0,0,0,0,0,0,0,0,0
Gm4201,0,0,0,0,0,0,0,0,0,0,0,0,0
Gm4141,0,0,0,0,0,0,0,0,0,0,0,0,0
Gm4214,0,0,0,0,0,0,0,0,0,0,0,0,0
Gm4175,0,0,0,0,0,0,0,0,0,0,0,0,0
Gm4216,0,0,0,0,0,0,0,0,0,0,0,0,0
Gm4177,0,0,0,0,0,0,0,0,0,0,0,0,0
Gm4220,0,0,0,0,0,0,0,0,0,0,0,0,0
Gm4179,0,0,0,0,0,0,0,0,0,0,0,0,0
Vmn1r86,0,0,0,0,0,0,0,0,0,0,0,0,0
Vmn1r88,0,0,0,0,0,0,0,0,0,0,0,0,0
Vmn1r95,0,0,0,0,0,0,0,0,0,0,0,0,0
Vmn1r238,0,0,0,0,0,0,0,0,0,0,0,0,0
Vmn1r184,0,0,0,0,0,0,0,0,0,0,0,0,0
Vmn1r196,0,0,0,0,0,0,0,0,0,0,0,0,0
Vmn1r221,0,0,0,0,0,0,0,0,0,0,0,0,0
Vmn1r186,0,0,0,0,0,0,0,0,0,0,0,0,0
Vmn1r187,0,0,0,0,0,0,0,0,0,0,0,0,0
Gm10666,0,0,0,0,0,0,0,0,0,0,0,0,0
Gm9880,0,0,0,0,0,0,0,0,0,0,0,0,0
Gsdmcl1,0,0,0,0,0,0,0,0,0,0,0,0,0
Gm17689,0,0,0,0,0,0,0,0,0,0,0,0,0
Gm7257,0,0,0,0,0,0,0,0,0,0,0,0,0
Gm5916,0,0,0,0,0,0,0,0,0,0,0,0,0
Gm17677,0,0,0,0,0,0,0,0,0,0,0,0,0
Gm17365,0,0,0,0,0,0,0,0,0,0,0,0,0
Gm4934,0,0,0,0,0,0,0,0,0,0,0,0,0
Spag7,37,37,31,49,63,97,29,119,28,21,51,37,76
Gm17727,0,0,0,0,0,0,0,0,0,0,0,0,0
Rhbdf2,36,11,57,40,74,63,20,64,11,9,17,50,5
Sirt4,3,3,3,4,7,30,5,16,4,5,5,9,3
Gpr19,6,1,1,2,4,9,5,5,3,0,2,2,0
Serpina3a,0,0,0,0,0,0,0,0,0,0,0,0,0
Rad18,9,4,3,2,7,3,3,0,3,3,2,1,1
Dnahc17,8,5,11,18,16,21,12,24,4,7,4,5,9
Egfem1,0,0,0,0,0,0,0,0,0,0,0,0,0
Ccdc132,71,60,57,86,89,301,59,179,69,69,89,56,54
Ankrd7,0,0,0,0,0,0,0,0,0,0,0,0,0
Ift122,35,42,29,51,32,61,29,61,22,3,33,25,27
1110057K04Rik,64,39,33,53,83,198,42,139,66,50,58,53,57
Rbm10,12,10,12,17,25,68,22,62,21,21,19,17,11
Asxl3,0,0,0,0,0,0,0,1,1,0,1,0,0
Tcirg1,134,61,217,283,316,849,263,758,228,202,132,292,70
Defa17,0,0,0,0,0,0,0,0,0,0,0,0,0
Stx5a,83,49,102,147,140,365,83,274,73,97,94,101,62
Rnls,3,4,1,4,3,8,4,7,4,6,3,4,0
Fam45a,82,55,60,79,82,254,81,176,87,78,89,69,96
Zfp764,9,2,6,6,5,28,5,14,5,4,11,6,3
Wipf3,14,21,30,29,17,61,27,76,10,0,43,16,4
Cyp2c50,0,0,0,0,0,0,0,0,0,0,0,0,0
Skint5,0,0,0,0,0,0,0,0,0,0,0,0,0
Fam59b,0,0,0,0,1,2,0,1,0,0,0,1,0
Ankrd50,17,15,15,23,21,76,28,90,27,29,43,29,11
Suv420h1,134,47,67,118,106,391,89,287,140,111,129,112,47
Nrg2,0,0,0,1,0,0,0,1,0,0,0,0,0
Frem3,1,0,0,0,0,0,2,0,0,0,0,0,0
Ppp1r3e,3,0,0,0,0,5,4,6,1,0,1,0,0
Txndc3,0,0,0,0,0,1,0,0,0,0,0,0,0
Mbtps1,119,73,123,130,140,341,112,320,105,90,137,94,76
Smok2b,0,0,0,0,0,0,0,0,0,0,0,0,0
D830031N03Rik,20,20,7,30,16,44,11,46,16,17,44,23,5
Slc8a3,0,0,0,0,0,1,0,0,0,0,0,0,0
Gtf2e2,32,25,21,27,34,91,17,64,17,18,30,11,34
Col6a5,0,0,0,0,0,7,0,2,0,0,0,0,0
A730017C20Rik,0,2,0,7,0,10,6,15,1,0,6,1,1
Zyg11a,0,0,0,0,0,2,0,0,0,0,0,0,0
D6Ertd527e,0,0,0,0,0,3,0,0,1,0,0,0,0
Mau2,98,43,77,77,120,320,118,344,124,100,113,125,53
Zfp821,12,3,9,7,13,21,4,24,7,6,15,6,1
Atp2b4,76,38,27,51,79,76,24,62,30,19,87,81,9
G2e3,24,13,13,19,10,89,40,43,15,21,35,15,16
Slc25a21,0,1,0,1,0,0,2,0,0,0,2,0,1
Galnt7,66,32,35,88,61,156,34,141,50,54,61,42,22
Sipa1l1,165,49,98,151,138,384,113,287,103,94,118,124,23
Hook2,6,4,4,8,13,20,11,17,8,8,5,13,2
Trmt2b,40,36,23,43,46,108,25,86,30,15,46,29,37
1110032F04Rik,0,0,0,0,0,0,0,0,0,0,0,0,0
Clec2g,1,0,0,0,0,0,0,0,0,0,0,0,0
Morf4l2,175,154,155,240,318,600,167,439,128,111,151,125,200
Irak1bp1,8,10,1,8,7,29,1,9,4,0,6,4,9
Syce2,7,6,0,2,3,9,5,8,1,3,1,3,6
Fam83h,2,2,1,1,2,8,0,2,2,2,2,5,0
Tmem40,0,0,0,0,0,2,1,2,0,0,0,0,0
Sec24c,165,73,116,115,91,375,120,363,105,94,150,130,41
Gsdmc2,0,0,0,0,0,0,0,0,0,0,0,0,0
Zfp647,2,7,0,1,4,4,2,11,6,4,0,0,4
Jazf1,6,3,7,5,5,12,4,6,1,1,5,2,5
Wwtr1,33,34,33,52,57,41,11,72,13,14,46,49,14
Arhgap39,126,34,148,115,142,372,130,280,118,79,86,148,16
R3hdm2,99,43,82,124,89,352,106,321,91,86,103,121,9
Ephb1,0,0,0,0,0,7,0,3,0,0,0,0,0
Fbxo30,60,40,14,76,82,203,44,131,40,44,52,45,33
Cdk19,275,94,133,192,187,561,137,406,199,209,269,160,90
Tinagl1,73,34,112,65,131,60,22,71,23,15,76,62,40
Gm2799,0,0,0,0,0,0,0,0,0,0,0,0,0
Gm2825,0,0,0,0,0,0,0,0,0,0,0,0,0
Nfatc4,1,0,0,1,8,4,1,2,2,2,4,6,0
Bnipl,2,0,0,0,0,0,1,2,0,0,0,0,0
Tyw3,8,3,13,12,6,19,7,26,5,9,10,7,3
1700008F21Rik,0,1,0,0,0,0,0,0,0,0,0,0,0
Usp19,106,75,155,178,181,449,159,415,118,112,134,152,46
Phf14,146,64,64,133,167,492,120,322,113,113,153,97,48
Ankrd55,0,0,2,0,0,4,0,0,0,0,0,0,0
Spink13,0,0,0,0,0,0,0,0,0,0,0,0,0
Ube2m,37,25,48,53,59,116,68,111,43,40,57,50,22
Tmem93,36,23,37,26,38,72,32,69,18,26,24,20,50
Dynll2,108,94,48,122,121,457,97,316,101,87,177,69,78
Ttc23,1,9,12,9,7,24,7,24,7,1,13,5,10
Men1,13,15,34,17,20,60,29,44,18,10,29,23,7
Pdcd4,108,53,60,112,107,223,67,198,86,79,84,80,45
Plscr3,30,22,39,24,24,94,30,76,21,25,13,13,7
A330049M08Rik,0,1,0,0,0,3,0,0,0,0,0,0,0
Shoc2,87,78,50,86,85,275,59,183,87,82,87,55,91
Zfp574,15,5,24,6,14,35,7,23,11,13,12,13,2
Ffar2,0,0,0,0,0,0,0,0,0,0,0,0,0
Mapk14,291,76,192,253,230,757,254,692,251,233,229,261,115
Zdhhc24,18,15,20,25,26,58,28,39,9,8,29,16,12
Sarm1,4,0,4,6,2,11,7,9,3,4,3,3,2
Sgms1,216,174,123,244,324,308,78,269,120,121,274,164,153
Zfp446,16,12,4,12,15,25,3,26,10,2,14,21,8
Kcns3,0,0,0,0,1,1,0,0,1,0,0,0,1
Ctps2,66,74,36,63,75,278,58,186,105,82,91,48,67
Nat2,15,8,11,5,5,33,5,8,16,17,8,9,11
Tceal8,38,56,31,50,63,178,42,121,39,30,103,33,80
2010106E10Rik,0,0,0,0,0,0,0,0,0,0,0,0,0
Lonp2,68,59,57,68,68,173,58,142,68,46,80,54,67
Gnl3l,37,55,27,56,73,132,42,112,38,22,80,39,40
Tifab,171,62,115,69,72,440,131,368,129,151,160,105,67
Enpp5,92,221,81,136,122,258,91,236,40,7,169,74,167
Znrf1,122,31,87,73,151,147,51,165,50,43,62,79,8
C2cd4c,0,0,0,2,0,1,0,0,0,0,0,0,0
Socs2,41,53,23,32,48,34,5,15,2,5,8,33,8
Ccdc127,38,49,23,36,39,103,39,111,27,22,66,37,40
Apol9b,0,2,0,1,5,0,0,0,0,0,0,1,0
Fam114a2,134,85,96,135,188,360,88,298,129,136,136,115,79
Gtse1,0,2,1,2,2,1,0,7,0,1,0,4,0
Tspan8,1,0,0,0,0,0,1,2,1,0,1,2,0
Tmcc3,281,125,203,476,396,1098,242,730,256,268,272,300,149
Endou,0,0,6,0,1,3,0,0,0,0,0,5,0
B3gnt2,101,74,94,117,160,176,53,186,51,99,98,77,58
Papd7,14,11,14,36,49,71,31,66,7,35,20,21,5
Cd300lf,59,26,31,29,79,13,4,11,1,6,3,12,5
Ube2h,158,77,111,166,190,341,93,253,91,111,91,93,24
Clec4a2,91,56,69,80,72,223,73,152,78,125,87,44,144
Mlf2,55,52,90,100,117,201,94,175,51,54,54,71,38
Cd163,30,6,6,14,21,32,21,46,33,13,53,19,33
Tmem229b,43,33,34,47,46,109,40,112,29,30,54,47,23
Slc35b3,26,27,17,17,32,76,25,57,32,14,29,14,27
Ppfibp1,115,94,119,153,234,144,28,144,46,52,136,71,63
Tada2b,41,16,21,33,29,92,21,56,25,30,27,14,10
Loh12cr1,10,7,8,8,19,26,4,21,13,5,8,0,4
Tprkb,43,31,16,44,52,110,37,99,22,21,50,29,30
Aplf,5,1,4,1,4,19,7,11,8,2,7,2,2
Mef2c,587,227,335,470,520,1847,495,1241,496,546,561,391,318
Btf3,29,32,25,40,41,74,22,49,14,15,28,19,39
Krit1,63,41,58,50,67,205,64,133,49,65,78,53,56
Prkag2,12,6,12,14,14,32,12,49,7,8,16,19,3
Sbf1,70,36,60,62,100,253,99,221,79,39,55,107,10
Nfu1,19,7,16,26,22,40,11,53,20,4,14,19,38
Fcamr,0,0,0,0,0,0,0,0,0,0,1,0,0
Slc17a1,0,0,0,0,0,0,0,0,0,0,0,0,0
Rnf144b,169,39,79,106,105,319,71,198,76,89,134,96,48
Elmod2,103,85,63,53,68,233,70,217,54,88,92,64,91
Rcbtb2,203,88,131,235,226,681,228,570,240,263,203,177,220
Gm17384,1,0,0,0,0,2,0,1,0,0,0,0,0
Asb8,29,17,15,11,19,52,20,46,9,22,26,21,16
Magi2,2,1,7,7,0,26,5,9,1,0,14,6,2
Asb14,0,2,0,1,2,0,0,1,0,0,0,0,0
Mthfd1l,12,6,12,6,11,20,4,16,6,4,3,8,9
Ipcef1,18,14,6,19,21,62,21,38,25,33,11,15,15
Rbm20,2,8,2,7,3,8,3,12,2,0,13,4,2
Luc7l2,204,102,92,175,220,571,126,406,127,97,178,185,73
Klra2,19,11,3,21,9,17,6,14,7,3,4,5,9
Mndal,42,45,7,45,53,37,11,28,17,4,19,16,3
Trim36,76,29,50,54,41,271,51,164,52,74,53,65,42
BC068281,1,0,5,1,5,16,7,17,4,4,8,2,1
Ncald,5,19,14,23,22,23,18,29,10,1,20,7,19
Wibg,16,3,7,17,43,31,5,29,9,6,8,11,9
Trim43b,0,0,0,0,0,0,0,0,0,0,0,0,0
Prr13,44,29,84,76,58,148,56,140,49,36,42,64,44
Trim66,2,3,0,1,0,3,2,1,2,2,0,0,1
Olfr1507,2,4,3,4,4,8,0,7,1,0,8,2,4
Rnmt,46,44,31,58,76,126,31,73,40,29,47,29,44
Gm15299,0,0,0,0,0,0,0,0,0,0,0,0,0
Pde6c,0,0,0,0,0,0,0,0,0,0,0,0,0
Wdr33,31,25,22,25,31,97,28,72,30,44,40,27,24
Gm6222,0,0,0,0,0,2,0,1,0,0,0,0,0
Hnrnpc,271,188,170,382,431,759,192,624,242,278,233,189,256
Ahcyl2,386,861,330,692,537,1494,416,1181,240,52,909,421,506
Degs2,37,17,38,35,40,174,73,160,42,41,73,69,36
Mgam,0,0,0,0,2,0,0,0,0,0,1,4,0
Prkd3,147,67,75,130,171,445,125,378,106,148,163,132,84
Nod1,45,25,30,40,66,89,19,72,30,18,39,20,6
Slc14a1,8,1,0,5,1,2,0,7,0,3,2,0,0
Nup62-il4i1,6,1,20,9,18,15,8,12,3,3,4,12,5
Os9,173,167,262,245,287,551,235,582,166,170,203,171,103
Tmbim6,565,327,767,668,878,1429,554,1255,424,506,455,494,304
Mta3,22,16,31,13,26,73,20,51,20,15,16,27,19
Yap1,64,66,68,96,110,156,47,145,32,7,95,55,14
Obscn,0,1,2,0,2,0,1,0,0,0,0,0,0
1700007I08Rik,0,0,0,0,0,0,0,0,0,0,0,0,0
Bag1,59,72,62,100,93,161,76,143,60,56,80,54,59
Gm11818,5,6,3,3,5,12,4,6,1,0,5,8,1
Bdh2,8,8,0,3,3,8,2,9,0,0,3,5,8
Lrrc56,2,2,7,4,3,3,3,11,3,3,3,7,2
Senp8,13,21,8,9,10,24,11,30,13,13,12,8,14
Vmn1r68,0,0,0,0,0,0,0,0,0,0,0,0,0
Ttc4,49,24,52,29,44,125,45,92,43,39,40,51,34
3110009E18Rik,1,5,0,0,4,6,3,6,5,6,2,1,1
1700001C19Rik,4,3,2,0,6,7,1,10,3,4,0,1,2
Depdc1a,0,0,0,0,0,4,0,4,0,0,0,0,0
Kdm4c,69,49,33,49,54,193,48,130,48,41,65,50,27
2700078E11Rik,102,77,71,151,134,375,98,270,82,110,118,78,36
Cuedc1,5,3,17,16,11,26,11,20,2,1,13,8,9
Rnh1,89,76,137,154,189,250,119,243,46,66,76,84,122
Zbtb25,16,10,7,4,12,39,11,26,7,4,11,6,14
Gramd1c,2,1,4,7,3,6,5,9,1,0,2,5,4
Dhrs7b,36,35,21,40,42,97,30,95,30,29,36,21,49
Traf7,57,33,45,65,58,208,65,205,70,42,51,77,25
Hck,305,126,305,322,432,602,210,522,160,214,158,219,95
Rbms3,1,2,6,1,3,4,1,10,2,0,13,0,0
Exog,30,10,13,17,20,54,22,65,23,29,27,17,20
Aimp2,6,7,19,20,28,31,8,22,9,10,8,6,15
Rbm41,43,22,22,16,28,76,23,55,29,14,34,21,17
Wdr17,1,11,7,6,11,11,2,7,4,0,6,7,10
Dnase1l1,16,10,13,14,18,24,10,15,9,3,7,13,13
Dis3l2,33,15,21,29,36,60,18,44,15,13,29,18,10
Flrt3,8,9,5,14,8,21,4,24,3,1,20,8,5
Arid5a,174,66,220,298,593,216,88,141,41,44,28,96,11
Lrtm2,1,0,1,0,0,0,0,1,0,0,2,0,0
D330028D13Rik,2,0,0,1,1,5,4,3,4,2,1,2,0
Sphk1,8,5,9,3,21,0,1,1,0,0,0,2,0
Aspn,0,12,10,1,20,28,0,11,2,10,29,10,25
Mrgpra2a,0,1,1,0,0,0,0,0,0,0,0,0,0
Olfr376,0,0,0,0,0,0,0,0,0,0,0,0,0
Fxyd4,1,0,3,0,0,0,0,1,0,0,0,0,0
LOC100038947,4,4,0,0,2,1,0,4,0,0,0,2,8
Sirpb1b,1,0,0,1,3,0,0,2,3,0,2,2,0
Rlbp1,2,18,1,9,2,13,4,19,2,0,5,7,6
G630090E17Rik,0,0,0,0,0,0,0,0,0,0,1,0,0
Thpo,0,0,0,0,0,0,0,0,0,0,0,0,0
Taz,80,54,86,83,62,242,59,161,75,56,74,57,64
C5ar1,209,87,256,314,434,542,157,368,112,134,80,183,51
Cacna2d2,8,25,14,23,8,32,11,27,3,0,13,13,0
Camk2b,19,8,15,18,23,51,23,41,17,22,17,17,4
Smarca4,98,41,107,125,149,352,135,347,80,89,119,130,16
Shisa9,0,0,0,0,0,0,0,4,0,0,0,0,0
Krt36,0,0,0,0,0,0,0,0,0,0,0,0,0
Map3k9,49,23,38,69,36,209,47,132,37,43,68,69,13
Pcdha4-g,17,9,22,25,22,50,16,50,11,3,17,11,4
Rasgrp4,18,2,25,18,30,67,26,59,24,13,14,29,5
Serpinb2,6,1,0,3,9,0,0,0,0,0,0,0,0
Rara,3,2,9,2,7,12,3,8,2,0,6,4,1
Aldoa,220,274,566,445,522,912,354,787,192,162,349,299,398
Tfpi,87,41,33,49,58,162,63,126,38,56,55,24,65
6-Sep,5,5,3,12,4,30,7,21,14,12,4,2,5
1700092M07Rik,0,0,0,0,0,0,0,0,0,0,0,2,0
Gm3646,0,0,0,0,0,0,0,0,0,0,0,0,0
Pydc4,18,10,12,8,10,1,1,3,2,5,2,3,2
AW112010,92,106,47,59,247,28,20,32,7,20,17,20,21
Gm3852,0,0,0,0,0,0,0,0,0,0,0,0,0
Heatr7b1,7,7,6,10,7,25,9,18,14,3,11,11,7
Gm9112,0,0,0,0,0,0,0,0,0,0,0,0,0
Fut7,0,2,0,1,2,2,0,1,2,0,0,1,0
Dbn1,6,6,15,6,15,20,3,16,3,3,10,8,3
Klk11,0,0,0,0,0,3,0,0,0,0,0,0,0
Ubr2,149,77,88,138,138,497,124,384,126,134,154,159,41
Gm6760,0,0,0,0,0,0,0,0,0,0,0,0,0
Cpeb2,486,157,176,251,334,717,142,485,225,182,164,318,43
Cypt15,0,0,0,0,0,0,0,0,0,0,0,0,0
4933403O08Rik,0,0,0,0,0,0,0,0,0,0,0,0,0
Gm13547,0,0,0,0,0,0,3,0,0,0,0,0,0
Gm13476,52,16,27,46,54,168,42,121,45,46,39,27,49
Etohi1,13,7,4,7,10,41,2,26,12,8,15,11,4
Spint3,0,0,0,0,0,0,0,0,0,0,0,0,0
1110001A16Rik,46,23,26,44,48,131,44,134,31,65,40,26,52
Gm14431,0,0,0,0,0,0,0,0,0,0,0,0,0
Gm8898,0,0,0,0,0,0,0,0,0,0,0,0,0
Gm15319,0,0,0,0,2,1,0,1,2,0,0,0,0
Usp35,33,16,20,35,57,174,42,121,47,37,30,54,8
Gm6792,0,0,0,0,0,0,0,0,0,0,0,0,0
Fbxw28,0,0,0,0,0,0,0,0,0,0,0,0,0
Eid2b,0,5,4,3,1,23,7,6,10,3,6,3,1
1700016M24Rik,0,0,0,0,0,0,0,0,0,0,0,0,0
Aldh3b2,0,0,0,0,0,0,0,0,0,0,0,0,0
Gm1332,0,0,0,0,0,0,0,0,0,0,0,0,0
Zfp516,45,18,64,49,71,115,37,105,25,28,37,47,5
Gm7030,0,0,0,1,0,0,0,0,0,0,0,0,0
Gm7325,0,0,0,0,0,0,0,0,0,0,0,0,0
Gm15056,0,0,0,0,0,0,0,0,0,0,0,0,0
Gm10104,0,0,0,0,0,0,0,0,0,0,0,0,0
Gm14851,0,0,0,0,0,0,0,0,0,0,0,0,0
Gm11559,0,0,0,0,0,0,0,0,0,0,0,0,0
Gm15284,0,0,0,0,0,0,0,0,0,0,0,0,0
Gm15293,0,0,0,0,0,0,0,0,0,0,0,0,0
Gm15292,0,0,0,0,0,0,0,0,0,0,0,0,0
1700013D24Rik,0,0,0,0,0,0,0,0,0,0,0,0,0
3830431G21Rik,0,0,0,0,0,1,2,0,0,0,0,0,0
Gm6588,0,0,0,0,0,0,0,0,0,0,0,0,0
Zfp167,7,6,7,11,3,30,4,20,12,7,12,9,7
Olfr743,0,0,0,0,0,0,0,0,0,0,0,0,0
Gm1110,1,4,0,5,4,6,2,6,0,0,2,1,3
4933402N22Rik,0,0,0,0,0,0,0,0,0,0,0,0,0
Npffr1,0,0,0,0,0,0,0,0,0,0,0,0,0
Gm7102,0,0,0,0,0,0,0,0,0,0,0,0,0
Gm7849,0,0,0,0,0,0,0,0,0,0,0,0,0
Gm15308,0,0,0,0,0,0,0,0,0,0,0,0,0
Gm14850,0,0,0,0,0,0,0,0,0,0,0,0,0
Gm6696,0,0,0,0,0,0,0,0,0,0,0,0,0
Gml,0,0,0,0,0,0,0,0,0,0,0,0,0
EU599041,0,0,0,0,0,0,0,0,0,0,0,0,0
Gm7861,0,0,0,0,0,0,0,0,0,0,0,0,0
Zfp964,5,4,7,1,2,19,6,12,7,5,4,3,7
Gm15315,0,0,0,0,0,0,0,0,0,0,0,0,0
Gm5494,0,0,0,0,0,0,0,0,0,0,0,0,0
Apol11a,0,0,0,0,0,0,0,0,0,0,0,0,0
Gm15881,0,0,0,0,0,0,0,0,0,0,0,0,0
Gm4340,0,0,0,0,0,0,0,0,0,0,0,0,0
Prdm11,3,1,4,5,8,15,1,13,0,3,2,2,2
Gm11562,0,0,0,0,0,0,0,0,0,0,0,0,0
Gm10394,0,0,0,0,0,0,0,0,0,0,0,0,0
Gm10391,0,0,0,0,0,0,0,0,0,0,0,0,0
C87977,0,0,0,0,0,0,0,0,0,0,0,0,0
0610010B08Rik,0,0,0,2,1,3,0,1,3,0,0,0,0
Hist1h2ao,0,0,0,0,0,0,0,0,0,0,0,0,0
Zfp600,0,0,0,0,0,0,0,0,0,0,0,0,0
Zfp442,3,10,2,3,3,10,5,9,0,1,8,8,1
Trim61,0,0,0,0,0,0,0,0,0,0,0,0,0
Bfar,73,66,55,59,90,200,71,177,40,52,76,48,53
Gng12,90,55,47,104,123,261,71,179,68,61,65,70,65
Slc10a1,1,0,0,1,4,2,0,0,2,0,2,1,0
Gm4027,0,0,0,0,0,0,0,0,0,0,0,0,0
Gm8300,0,0,0,0,0,0,0,0,0,0,0,0,0
Mrgpra9,0,0,0,0,0,0,0,0,0,0,0,0,0
Otogl,0,2,0,2,1,1,2,0,0,0,2,3,0
Gm14420,16,9,10,10,20,44,11,23,8,8,17,12,4
Gm6026,0,0,0,0,0,0,0,0,0,0,0,0,0
Zfp616,0,0,0,0,0,0,0,0,0,0,0,0,0
Ccdc162,29,17,20,27,34,67,13,49,9,11,18,18,11
Slc25a13,14,23,7,11,14,45,10,37,5,8,23,21,24
BB287469,0,0,0,0,0,0,0,0,0,0,0,0,0
Gm2022,0,0,0,0,0,0,0,0,0,0,0,0,0
Slc25a22,13,18,22,29,22,39,22,36,10,12,11,29,3
Gm1045,0,0,0,0,0,2,0,0,0,0,0,0,0
Gm13871,0,0,0,0,0,0,0,0,0,0,0,0,0
Gm10471,0,0,0,0,0,0,0,0,0,0,0,0,0
Gm13308,0,0,0,0,0,0,0,0,0,0,0,0,0
7420461P10Rik,0,0,5,0,0,0,0,0,0,0,0,0,0
Esp23,0,0,0,0,0,0,0,0,0,0,0,0,0
Esp4,0,0,0,0,0,0,0,0,0,0,0,0,0
Gm17495,0,0,0,0,0,0,0,0,0,0,0,0,0
Esp34,0,0,0,0,0,0,0,0,0,0,0,0,0
Esp31,0,0,0,0,0,0,0,0,0,0,0,0,0
Esp36,0,0,0,0,0,0,0,0,0,0,0,0,0
Gm8882,0,0,0,0,0,0,0,0,0,0,0,0,0
Gm3985,0,0,0,0,0,0,0,0,0,0,0,0,0
Slc24a6,26,8,30,18,28,101,24,81,31,20,30,35,21
0610010K14Rik,30,15,47,35,57,97,40,78,38,25,18,27,22
Ak4,1,0,2,3,5,5,1,12,1,0,3,1,10
Ube2i,15,7,10,13,14,70,13,29,15,17,19,17,16
Slc5a6,26,46,48,70,45,91,38,103,14,6,42,24,62
Ect2,7,1,2,7,5,13,10,17,2,4,6,9,4
Slc45a3,0,0,1,3,0,4,4,2,0,0,0,0,0
Sirpa,2217,564,1563,1422,1419,5514,1797,4489,1750,1917,1613,1702,518
Gm5886,0,0,0,0,0,0,0,0,0,0,0,0,0
Hist1h2be,1,13,14,9,18,28,4,45,5,0,8,9,12
Mrpl15,34,29,30,23,28,57,20,47,19,14,30,4,40
Gm7120,3,1,6,2,1,5,6,5,1,5,3,2,6
Spna2,276,268,281,457,444,1012,308,912,238,172,521,311,204
Ablim2,0,0,1,3,1,5,0,2,0,0,1,0,0
Homez,14,20,19,13,19,44,10,32,15,11,34,17,8
Cyp26b1,3,0,3,0,0,7,0,17,5,0,0,2,0
Gm2897,7,5,2,3,5,8,2,5,4,3,1,5,1
Madd,64,22,43,84,77,306,72,271,81,86,90,103,27
Nr1h3,0,5,11,10,6,3,3,5,1,0,3,3,1
Plch1,2,9,8,6,9,31,4,10,4,0,15,5,10
Gm10767,1,3,1,0,1,8,0,2,0,1,5,0,1
Pfkfb3,741,405,642,904,1332,1773,366,1056,283,324,231,580,75
Tnfaip8,136,113,129,109,160,248,104,226,68,78,125,96,137
Gm13138,0,0,0,0,0,0,0,0,0,0,0,0,0
Clcc1,68,34,36,73,66,151,43,126,51,75,60,25,62
Slco1c1,323,867,383,547,523,962,331,978,175,71,834,286,785
Fbxw7,25,15,20,32,30,117,38,89,25,23,48,21,13
H60b,1,0,0,0,0,0,1,1,1,2,0,0,0
Dlg3,72,71,53,72,67,153,59,127,29,22,67,77,41
Rfpl4b,0,0,0,0,0,0,0,0,0,0,0,0,0
Snap23,105,109,111,147,166,391,81,307,96,101,137,123,121
Sertad4,1,10,3,2,0,15,4,11,1,0,4,2,11
Rgs20,0,1,0,0,0,0,0,0,0,0,1,0,0
Afap1l2,9,5,8,8,10,33,10,61,7,13,56,18,15
Taf6l,12,5,14,11,8,31,7,16,7,7,4,12,9
Eif2ak4,76,25,53,60,75,181,56,142,37,45,56,60,18
Rapgef3,5,3,32,11,18,13,5,15,4,3,14,29,4
D19Wsu162e,120,45,102,143,133,229,85,198,78,83,63,112,13
Gm10324,0,0,0,0,0,0,0,0,0,0,0,0,0
Smox,93,33,173,138,183,306,109,242,65,82,56,74,58
Otub2,10,8,15,20,18,30,5,25,10,7,13,10,5
Frmd4a,510,168,353,374,493,1448,407,1227,424,542,343,487,81
Tirap,43,29,28,28,25,59,25,50,21,25,29,34,16
Asph,290,135,161,203,251,717,214,541,252,233,250,163,148
Olfr1053,0,0,0,0,0,0,0,0,0,0,0,0,0
Trim43c,1,1,0,0,0,4,0,1,1,1,2,1,0
Rreb1,121,37,99,109,110,513,172,422,148,128,121,169,36
Gps1,10,8,7,7,16,35,19,34,9,16,9,10,13
1700108M19Rik,0,0,0,0,0,0,0,0,0,0,0,0,1
Phka2,75,29,49,64,87,285,65,186,61,65,79,82,22
Mfap3l,0,3,2,3,7,21,0,5,3,3,10,0,5
Elavl2,0,0,0,1,0,0,0,4,0,0,0,0,2
Whsc1,39,32,34,32,24,132,32,120,38,34,51,35,23
Igsf5,5,3,5,6,1,5,3,11,2,0,5,2,13
9830107B12Rik,3,3,0,0,0,2,0,1,0,0,2,0,0
Rd3,2,7,17,13,11,24,6,18,1,0,8,7,14
Zfp513,42,14,64,65,80,133,55,133,26,32,37,61,9
Eda,2,2,2,2,4,6,1,5,0,0,1,0,2
1810020D17Rik,8,16,8,20,16,30,6,35,11,4,12,12,32
Gpm6b,14,2,9,38,7,92,7,68,6,5,23,5,4
Dcdc2c,0,0,0,0,0,0,0,0,0,0,0,0,0
Naa10,12,4,16,14,12,32,11,36,4,10,5,14,15
4930480E11Rik,0,0,0,0,0,0,0,0,0,0,0,0,0
Irak1,111,51,99,154,140,415,130,320,100,69,149,134,37
Acsm2,0,0,0,0,0,0,0,0,0,0,0,0,0
Pde4b,252,206,312,487,560,411,113,310,101,136,83,205,39
Sfxn3,34,17,48,45,41,94,27,102,32,32,42,36,13
Fmo6,0,0,0,0,0,0,0,0,0,0,0,0,0
Txnrd3,11,7,12,10,8,21,4,17,5,2,16,2,2
Tfdp2,54,77,24,57,48,121,30,121,29,25,72,49,29
Rhox3e,0,0,0,0,0,0,0,0,0,0,0,0,0
Sult2a5,0,0,0,0,0,0,0,0,0,0,0,0,0
Sult2a7,0,0,0,0,0,0,0,0,0,0,0,0,0
Rhox13,0,0,0,0,0,0,0,0,0,0,0,0,0
Gm5885,0,0,0,0,0,0,0,0,0,0,0,0,0
Ins2,1,10,12,6,8,8,9,8,2,0,5,7,10
Zpbp,2,1,0,2,1,5,0,3,0,0,3,3,1
Zscan4b,0,0,0,0,0,0,0,0,0,0,0,0,0
Psrc1,0,0,3,2,1,5,0,3,0,1,1,1,0
Nup35,8,7,0,5,10,18,9,22,7,14,9,4,11
Nrg3,0,0,0,0,0,0,0,0,0,0,0,0,0
Gm9846,2,1,5,2,6,7,4,10,2,0,7,2,5
Mrps36,0,0,0,0,0,3,0,0,0,0,1,3,2
Gpr155,301,105,160,133,120,702,207,529,188,230,227,159,168
Gm14326,3,15,10,4,7,39,5,12,7,12,14,7,0
Clec4b1,0,0,0,0,0,4,0,1,0,2,0,3,2
C1qtnf5,191,300,304,383,264,651,260,608,97,1,362,255,50
Mfrp,191,300,304,383,264,651,260,608,97,1,362,255,50
Clec4n,14,11,4,5,6,16,3,7,7,2,11,8,14
Chchd7,13,12,7,15,8,40,9,35,11,6,26,3,24
Igll1,1,0,0,0,0,1,0,0,0,0,0,0,2
Ces2a,0,0,0,0,0,0,0,0,0,0,0,0,0
Frmd7,2,0,4,0,0,14,1,2,2,3,5,2,1
Ccr6,0,0,0,3,3,10,2,3,1,1,2,3,0
Tmem132b,2,0,2,2,0,22,0,5,5,0,0,0,1
Gm4832,0,0,1,0,2,1,0,0,0,0,0,0,0
Carkd,20,24,33,39,41,83,33,56,27,11,25,40,31
Ankrd29,0,8,9,1,6,7,0,8,0,4,8,2,5
Kcng2,1,0,0,0,0,2,0,3,0,1,0,0,0
Adamtsl3,0,0,0,0,0,0,0,1,0,0,0,0,0
Camta2,73,29,76,94,87,355,122,299,88,97,64,135,10
Olfr596,0,0,0,0,0,0,0,0,0,0,0,0,0
Caly,0,0,0,0,0,0,0,0,0,1,0,0,0
Bend7,2,4,4,3,4,5,3,8,2,0,5,8,1
Usp34,334,215,159,307,273,1084,222,723,248,248,352,292,147
Amy2b,0,0,0,0,0,0,0,0,0,0,0,0,0
Gas2l1,12,3,17,11,15,32,12,31,3,10,10,4,4
Magt1,196,130,146,194,163,448,146,438,150,148,213,96,187
Gne,16,5,16,18,26,54,15,49,18,27,21,18,10
Abcf2,39,26,49,56,71,144,44,128,34,43,50,40,29
Aamp,61,60,123,133,203,296,131,319,90,78,72,92,95
2610002J02Rik,4,4,18,14,24,38,19,31,18,14,25,19,13
Ddc,0,0,0,1,6,5,0,3,0,1,16,3,0
Ddah2,7,3,38,19,33,53,24,53,10,17,10,23,17
Dcn,5,6,10,17,17,21,1,19,1,3,10,5,20
Dctn2,97,60,129,116,128,293,114,273,78,88,95,102,47
2310016C08Rik,7,6,17,19,31,39,9,11,8,6,5,6,17
Dact1,6,9,14,32,21,78,15,39,6,4,10,15,4
Dapk3,11,7,24,12,19,36,19,49,9,5,7,20,4
Dmpk,11,10,37,18,16,23,10,19,3,2,16,14,7
Dbf4,16,11,6,11,18,28,10,35,8,13,13,6,20
Dcaf12l1,24,54,35,29,32,84,23,69,11,0,40,23,11
Mtrnr2l,0,0,0,0,0,0,0,0,0,0,0,0,0
Dcun1d4,33,30,27,35,40,99,20,73,36,14,59,32,30
Ddx19b,49,27,26,64,61,81,24,76,23,20,38,35,13
Ddx55,6,5,11,15,17,59,10,32,13,14,5,11,13
Dnajb11,134,126,127,147,137,388,132,385,111,93,151,122,123
Jak3,53,18,84,60,118,110,40,114,37,30,22,73,6
Kat2b,75,89,68,96,56,296,69,251,63,67,128,63,49
Kcne3,3,5,5,1,0,0,0,6,2,0,0,1,0
Kcnip1,0,0,0,0,0,0,0,0,0,0,0,0,0
Kirrel3,0,0,0,1,1,1,0,1,0,0,1,1,0
Axl,65,36,39,66,57,119,63,157,49,32,48,43,18
Kif17,0,0,2,0,0,1,0,2,0,1,0,0,1
Lancl1,30,24,30,42,41,87,28,62,22,25,38,34,45
Lins,17,4,12,9,6,39,8,34,11,12,18,17,10
Lsm6,34,37,33,58,52,110,13,79,27,35,40,27,42
Sstr5,0,0,0,0,0,0,0,0,0,0,0,0,0
Krtap22-2,0,0,0,0,0,0,0,0,0,0,0,0,0
Dync1i1,1,15,6,10,14,21,4,8,2,0,14,7,18
Cypt14,0,0,0,0,0,0,0,0,0,0,0,0,0
Ddx43,10,6,18,6,9,27,9,23,9,3,12,5,3
Lysmd4,1,11,5,4,6,8,1,12,9,6,7,7,8
Mdga2,0,0,0,0,0,0,0,0,0,0,0,0,0
Meis1,8,0,2,6,6,21,6,8,7,8,10,6,0
BC048679,0,0,0,0,0,0,0,0,0,0,0,0,0
Lims1,245,157,125,236,246,891,231,679,234,292,286,224,235
Mical2,2,3,0,3,3,3,2,5,4,2,5,5,3
Morc4,2,4,0,8,3,1,1,8,5,1,4,0,1
Cldn7,0,0,0,0,0,0,0,0,0,0,0,0,0
Prss51,1,0,0,0,0,0,1,0,0,0,0,0,0
Cldn12,5,19,9,17,9,35,10,38,11,4,23,18,19
Gm13304,0,0,0,0,0,0,0,0,0,0,0,0,0
Gm1987,0,0,0,0,0,0,0,0,0,0,0,0,0
Gm10591,0,0,0,0,0,0,0,0,0,0,0,0,0
Cldn18,0,0,0,0,0,0,0,0,0,0,0,0,0
Dlc1,47,25,51,49,90,135,20,93,34,22,68,94,14
Myst2,133,52,93,159,134,421,104,314,98,104,136,98,54
Ndrg4,0,2,8,3,10,14,1,6,1,0,6,2,3
Nploc4,79,38,75,85,83,268,73,225,75,69,112,91,49
Nuak2,152,48,128,117,136,214,53,144,69,58,35,99,10
Pag1,942,212,429,556,635,1651,493,1564,583,677,462,689,112
Abhd12b,0,0,0,0,0,0,0,0,0,0,0,0,0
Acpt,0,0,0,0,1,1,0,0,2,0,0,0,0
Ect2l,0,0,0,0,0,6,0,3,0,0,0,1,0
Pak3,0,0,0,3,0,2,0,2,1,0,0,0,0
Kcnmb3,1,0,0,0,0,0,0,0,1,0,0,0,0
Plscr2,10,24,5,17,33,38,9,31,5,0,46,12,26
Tmc8,2,3,2,9,5,21,8,17,4,9,1,5,1
Gm6537,0,0,2,1,2,4,0,5,0,6,0,2,1
Ccdc42b,1,0,2,1,3,6,2,9,0,3,0,3,0
3425401B19Rik,0,0,0,0,0,2,0,0,1,0,0,0,0
Gm5294,0,0,0,0,0,0,0,0,0,0,0,0,0
Phc2,60,31,94,107,121,209,87,203,74,72,59,122,16
4930469G21Rik,0,0,0,0,0,2,0,0,0,0,0,0,0
Nek10,1,0,2,5,1,7,1,7,1,1,3,0,1
2900053A13Rik,5,27,6,26,24,30,9,20,11,14,18,9,36
Gm3336,0,0,0,0,0,0,0,0,0,0,0,0,0
Gm581,0,0,0,0,0,0,0,0,0,0,0,0,0
Gm14378,0,0,1,0,1,3,0,1,0,0,0,2,0
Pdzd7,0,1,2,0,3,3,6,0,0,0,4,7,0
Dos,2,2,12,9,4,9,12,16,2,3,3,6,2
Gm362,0,0,0,0,0,0,0,0,0,0,0,0,0
Fsd1l,31,64,24,52,48,146,32,94,12,2,67,48,54
Kifc1,1,0,6,0,0,6,3,5,0,1,2,3,1
Bbip1,58,57,33,54,69,158,52,118,58,50,42,53,53
2300003K06Rik,0,0,0,0,0,0,0,0,0,0,0,0,0
Commd7,48,30,48,42,62,118,43,89,41,25,34,26,31
Cngb1,0,0,0,0,0,1,0,1,0,0,0,2,0
Hist1h4m,0,0,0,0,0,0,0,0,0,0,0,0,0
1190003K10Rik,0,0,0,0,0,0,0,0,0,0,0,0,0
Gm590,0,0,0,0,0,0,0,0,0,0,0,0,0
Srsf7,225,195,187,342,379,724,204,572,171,236,186,166,212
Dclk2,10,23,13,13,19,39,22,36,7,7,11,8,0
Gm4980,78,10,32,65,30,150,46,119,55,57,38,49,5
Gm5741,0,0,0,0,4,1,2,0,0,0,0,0,1
Gm10345,11,6,7,6,14,31,8,24,5,6,5,10,7
Dclk1,16,42,14,23,20,26,11,45,9,0,25,16,3
Gm15070,0,0,0,0,0,0,0,0,0,0,0,0,0
2010003K15Rik,0,0,0,3,0,0,0,2,1,0,2,0,0
1700015G11Rik,0,0,0,0,0,0,0,0,0,0,0,0,0
Arhgap32,48,45,16,73,47,226,34,137,37,31,66,45,9
5430411K18Rik,37,37,32,28,45,149,32,117,34,34,52,43,26
Rp1,0,0,0,0,1,0,0,0,0,0,0,0,0
Gm221,1,15,2,9,4,32,1,9,3,0,10,7,3
Prr22,0,0,2,0,0,0,0,0,0,0,0,1,0
Gm600,0,0,0,0,0,0,0,0,0,0,0,0,0
Gm684,1,1,0,3,5,0,1,4,1,1,1,0,4
Gm4975,0,0,0,0,0,0,0,0,0,0,0,0,0
Plscr5,0,0,0,0,0,0,0,0,0,0,0,0,0
Tmem95,0,0,0,0,1,0,0,0,0,1,0,0,0
Fam181a,0,0,0,0,0,0,0,1,0,0,0,0,0
Gm5901,0,1,0,0,0,0,0,0,0,0,1,1,0
Dcdc2b,9,6,25,8,10,28,10,23,7,4,4,16,13
Fam150a,0,0,0,0,0,0,0,0,0,0,0,0,0
Rgs22,0,1,0,0,1,18,0,1,0,0,0,0,1
S100a2,0,0,0,0,0,0,0,0,0,0,0,0,0
Gm6772,0,0,0,1,0,0,0,0,0,0,0,0,0
Pld5,7,15,16,19,16,20,8,37,2,0,10,10,14
Unkl,11,8,14,20,13,20,10,33,5,21,14,15,10
Rcc1,9,2,6,13,14,41,12,31,7,1,8,13,3
Sulf1,332,770,363,554,398,1060,318,868,153,11,564,326,433
Abi2,55,54,45,55,29,173,56,143,52,45,86,46,27
Postn,42,37,34,30,25,97,28,70,20,29,32,23,24
Aatk,7,0,8,6,19,18,3,28,8,4,12,14,1
Gm5918,13,6,10,16,10,25,15,24,6,2,12,7,19
Ak1,40,11,46,56,33,108,48,95,25,18,51,44,36
AB124611,2,7,6,21,12,19,6,13,7,4,1,3,2
Sfmbt2,9,6,10,6,8,30,6,21,6,4,7,5,4
Frem1,91,210,86,193,112,300,81,275,45,0,149,90,87
App,700,735,1042,1052,1140,1860,683,1838,441,359,1070,778,579
Coch,0,7,4,21,4,8,3,16,3,3,9,3,0
Bcar1,10,6,27,28,29,32,7,21,4,2,19,20,3
Csrp3,0,0,0,0,0,0,0,0,0,0,0,0,0
Ctbp1,56,43,103,91,98,218,69,179,50,75,75,66,38
Dctn1,47,19,74,82,87,186,81,166,47,43,64,97,19
Gm4684,0,0,0,0,0,0,0,0,0,0,0,0,0
Dync1i2,171,155,102,186,226,540,162,484,147,187,198,152,174
Dpp6,0,0,0,0,0,1,0,3,0,0,0,0,0
Arhgef2,214,60,171,217,233,667,210,598,196,205,182,228,37
Me1,13,29,6,36,15,47,12,43,4,2,35,13,21
Ralbp1,77,32,58,58,74,161,60,176,54,68,56,63,22
Gm7694,53,11,24,48,34,152,28,92,43,33,29,40,5
Itsn2,194,80,83,156,193,661,148,507,167,167,170,180,45
BC049352,12,17,3,11,18,56,7,37,12,15,11,17,2
Sykb,379,140,265,388,417,939,352,910,349,377,244,333,73
Tcof1,33,7,30,36,47,156,40,114,28,34,30,48,0
Tjp2,79,38,102,59,65,130,44,129,50,29,57,55,15
Gm15097,0,0,0,0,0,0,0,0,0,0,0,0,0
Gm15080,0,0,0,0,0,0,0,0,0,0,0,0,0
Vdac3,23,33,19,35,29,66,25,58,22,25,31,23,63
Rgs7,0,0,0,0,0,1,0,2,0,0,0,0,0
Golga5,54,29,64,64,62,200,62,125,54,43,69,61,51
Dcaf11,82,96,89,125,144,280,98,225,61,50,105,109,72
Slc7a9,0,0,0,0,0,0,0,0,0,0,0,0,0
Angel2,83,35,39,58,71,215,71,156,55,66,81,62,46
Pla2g6,7,6,17,17,20,30,16,24,7,8,4,13,0
Lgals8,171,123,109,186,213,462,127,342,151,137,128,141,114
Prrc2a,262,87,329,434,427,1093,408,1009,273,308,254,506,48
Tubd1,7,4,5,7,4,8,6,24,4,3,12,4,4
Zfp942,45,26,25,41,25,112,18,62,28,35,20,27,25
Wdr12,24,8,2,7,8,28,7,20,10,14,7,3,17
Gm4461,0,0,0,0,0,0,0,0,0,0,0,0,0
4930522H14Rik,0,0,0,0,0,0,0,0,0,0,0,0,0
Trp53inp1,273,101,103,155,156,219,49,159,114,76,79,112,76
Slc29a1,78,27,121,99,112,219,93,202,63,61,75,98,79
Lpin3,3,3,0,7,8,4,4,5,0,1,1,12,0
Ghitm,344,471,248,473,484,1010,274,769,254,247,405,266,448
Spc25,3,2,3,1,2,10,1,7,2,3,4,2,2
Macf1,2433,1001,809,1421,1662,7563,1652,5531,2093,2122,2165,2470,441
Zmynd11,165,107,154,210,221,554,161,442,144,155,212,143,85
Gpsm1,28,7,22,51,47,74,20,86,15,17,21,47,3
Sncaip,29,13,12,34,29,112,37,76,32,24,27,12,7
Opa1,122,101,76,103,90,336,89,270,86,109,115,94,60
Slc44a2,217,67,187,168,168,666,166,429,176,226,195,170,68
Ascc1,31,35,44,40,50,91,37,66,22,21,32,21,40
Snx5,863,538,594,847,843,2776,793,2157,926,1023,768,603,838
Spag9,375,210,214,317,334,820,196,601,204,230,324,338,107
4931408A02Rik,2,3,2,1,2,3,1,0,5,0,2,3,0
Serpinb12,1,0,0,0,0,0,0,2,1,0,0,0,0
Slc38a3,78,154,184,156,140,362,112,276,51,7,161,82,102
Agbl1,0,0,0,0,0,0,0,0,0,0,0,0,0
Osbpl5,2,4,3,11,8,17,10,24,5,4,10,7,6
Spnb4,1,0,0,0,1,1,0,1,0,0,0,0,0
Kcnip4,2,0,0,3,0,10,0,5,0,0,2,0,3
Maged2,36,34,28,55,42,131,52,120,28,21,31,40,46
Epb4.1l2,1614,650,1166,1532,1590,5394,1538,4325,1562,1654,1412,1484,656
Aldoart1,0,0,0,2,0,1,0,0,0,0,1,0,0
Slc19a1,9,26,53,23,27,64,13,52,13,7,34,26,30
Gopc,99,30,32,51,50,249,52,163,55,75,73,74,27
Mat2b,84,119,55,88,87,279,98,243,79,85,107,61,162
Tnip1,81,31,177,101,212,64,31,76,17,15,20,72,2
Slc43a2,168,37,138,131,118,315,129,304,109,155,93,119,13
Tex14,4,0,0,0,2,2,0,1,4,4,1,1,0
Acly,212,94,170,200,238,601,236,632,197,198,214,192,96
Cacng5,0,0,0,0,0,1,0,0,0,0,0,0,0
2810007J24Rik,0,0,0,0,0,0,0,0,0,0,0,0,0
Gm14435,0,0,0,0,0,0,0,0,0,0,0,0,0
Gm14440,0,0,0,0,0,0,0,0,0,0,0,0,0
Lig1,15,12,20,17,12,40,14,38,14,6,13,13,9
Gm7157,0,0,0,0,0,0,0,0,0,0,0,0,0
AI987944,33,25,17,13,11,70,22,62,24,12,21,25,36
LOC100040022,0,0,0,0,0,0,0,0,0,0,0,0,0
LOC100041550,0,0,0,0,0,0,0,0,0,0,0,0,0
LOC100048884,0,0,0,0,0,0,0,0,0,0,0,0,0
Gm10229,0,0,0,0,0,0,0,0,0,0,0,0,0
Gm5894,0,0,0,0,0,0,0,0,0,0,0,0,0
Foxp3,26,18,16,18,18,75,16,79,28,17,13,30,8
Cd99l2,58,77,64,72,59,158,59,117,39,27,86,37,45
Rpl34-ps1,6,6,2,10,10,13,14,12,5,3,3,5,9
Pnck,0,1,6,2,0,2,0,8,3,0,0,8,0
Tmem164,75,24,40,53,52,146,29,125,46,43,54,52,19
Dnmt1,39,9,34,37,39,157,66,130,37,34,52,52,10
4931406C07Rik,95,59,45,86,89,241,60,171,76,98,81,46,75
Ei24,94,87,73,98,91,227,72,197,56,72,129,82,81
AW551984,0,0,0,0,0,0,0,0,0,0,0,0,0
Pkn1,174,64,146,193,234,433,157,449,152,147,125,200,22
Fbxl13,0,2,0,0,0,4,0,0,0,0,1,3,0
Camkk2,20,9,14,31,28,82,19,67,18,31,34,27,5
Vps37d,1,0,1,0,3,1,3,2,1,0,0,0,0
Bai2,0,0,0,0,0,1,1,3,0,0,1,0,0
Daxx,54,36,63,55,101,75,33,68,23,22,16,26,14
Gm9524,0,0,0,0,0,0,0,0,0,0,0,0,0
Zfp839,36,9,27,28,16,88,41,100,33,48,37,51,20
Olfr1354,0,0,0,0,0,0,0,0,0,0,0,0,0
1700019E19Rik,4,2,4,9,15,19,6,16,6,0,13,4,17
Mup16,0,0,0,0,0,0,0,0,0,0,0,0,0
Serpina3i,2,0,1,2,6,0,0,0,0,0,0,2,0
Serpine3,0,0,2,0,0,2,0,0,2,1,1,1,0
Dynlt1e,0,0,0,0,0,0,0,0,0,0,0,0,0
Gm17252,0,0,0,0,0,0,0,0,0,0,0,0,0
Ankrd60,0,0,0,0,0,0,0,0,0,0,0,0,0
Gm9839,0,0,0,0,0,0,0,0,0,0,0,0,0
Ccl27b,0,0,0,0,0,0,0,0,0,0,0,0,0
Gm2506,0,0,0,0,0,0,0,0,0,0,0,0,0
Gm11127,0,0,0,0,0,0,0,0,0,0,0,0,0
Tac2,0,0,0,0,0,0,0,0,0,0,0,0,0
Mup12,0,0,0,0,0,0,0,0,0,0,0,0,0
4933402E13Rik,0,0,0,0,0,0,0,0,0,0,0,0,0
Mup14,0,0,0,0,0,0,0,0,0,0,0,0,0
Tmppe,22,9,20,13,4,53,16,44,17,10,30,17,7
Mup15,0,0,0,0,0,0,0,0,0,0,0,0,0
Mup17,0,0,0,0,0,0,0,0,0,0,0,0,0
1700013H16Rik,0,0,0,1,0,0,0,0,0,0,0,0,0
Zfp963,11,5,15,10,19,29,8,23,16,8,6,8,3
1700015F17Rik,0,0,0,0,0,0,0,0,0,0,0,0,0
Olfr612,0,0,0,0,0,0,0,0,0,0,0,0,0
1700021K19Rik,51,37,56,65,76,230,72,183,55,59,81,56,21
AU018829,0,0,0,0,0,0,0,0,0,0,0,0,0
4930415O20Rik,1,1,0,0,0,0,0,0,0,0,5,1,3
5430421N21Rik,0,0,0,0,0,0,0,0,0,0,0,0,0
2410004P03Rik,3,13,9,17,7,45,11,27,5,2,15,5,17
LOC100504473,10,12,2,6,5,18,4,14,2,3,10,5,6
4921511M17Rik,0,0,0,0,0,0,0,0,0,0,0,0,0
Gm10662,0,0,0,0,0,0,0,0,0,0,0,0,0
Tmem200b,0,0,2,1,0,0,1,0,0,0,0,0,0
Gm11128,0,0,0,0,0,0,0,1,0,0,0,0,0
E330021D16Rik,0,0,0,0,0,0,0,0,0,0,0,0,0
Beta-s,7,41,0,2,8,153,1,55,0,2,63,0,623
4930468A15Rik,0,0,0,0,0,0,0,0,0,0,0,0,0
Apbb2,48,28,28,46,44,135,36,84,29,34,51,45,10
H2-Q9,16,10,21,8,35,23,6,7,5,10,8,13,11
Papss2,15,9,8,9,5,2,3,5,3,2,6,5,3
Atp9b,122,58,100,124,124,308,87,232,70,101,92,112,56
Mapk8ip1,3,11,16,18,14,32,20,30,9,0,12,10,9
Armcx4,28,74,20,70,31,55,24,76,15,6,45,30,9
Crisp2,0,0,0,0,0,0,0,0,0,0,0,0,0
C1qtnf1,4,11,14,16,13,16,5,14,1,1,8,5,2
C1qtnf3,0,2,0,0,0,2,0,0,0,0,0,0,1
C1qtnf6,1,0,4,2,0,5,0,6,0,0,1,3,0
Rapgef4,23,39,31,35,27,58,24,34,10,5,27,27,16
Spp1,49,42,40,24,73,57,25,54,20,8,16,22,13
Clec12b,1,0,0,1,0,0,0,0,0,0,3,0,0
Clec16a,47,26,36,51,46,134,34,112,35,41,55,50,13
Clec1b,1,0,2,0,0,4,0,1,0,0,1,0,1
Clec4a3,88,35,34,73,62,162,55,136,68,85,47,33,85
Clec10a,3,0,2,1,2,8,4,7,3,0,4,9,3
Hdac7,3,2,6,2,5,34,12,27,10,5,32,4,3
Cyp4f14,0,0,0,0,0,0,0,3,0,1,2,0,1
Gucy1b2,0,0,0,0,0,0,0,1,0,0,0,0,0
Oprk1,0,0,0,0,0,0,0,0,0,0,0,0,0
Kcnj11,1,0,0,0,2,0,1,0,0,0,1,1,0
Sprr3,0,0,0,0,0,0,0,0,0,0,0,0,0
4930558K02Rik,0,0,0,0,0,0,0,0,0,0,0,0,0
Zfp648,0,0,0,1,0,0,0,2,0,0,0,0,0
AI607873,114,56,60,107,73,79,23,118,24,49,31,61,33
2410017P09Rik,13,9,11,9,11,20,11,26,3,7,7,3,5
Gm20172,0,0,0,0,0,0,0,0,0,0,0,0,0
Reep2,3,5,16,12,6,21,9,21,2,1,15,11,10
Reep3,201,109,110,210,185,502,181,486,175,163,241,177,93
H60c,0,0,0,0,0,0,0,0,0,0,0,0,0
Reep6,0,0,0,0,0,1,0,1,1,0,0,0,0
Brd2,662,233,428,998,761,2294,600,1545,526,627,463,590,108
Gm9766,32,9,27,36,29,112,13,61,23,23,19,11,5
Gm2696,0,0,0,0,0,0,0,0,0,0,0,0,0
Gm11062,0,0,0,0,0,0,0,0,0,0,0,0,0
Jagn1,26,20,16,24,32,63,25,63,21,22,31,21,51
Gm11568,0,0,0,0,0,0,0,0,0,0,0,0,0
Gm19402,0,0,0,0,0,0,0,0,0,0,0,0,0
Gm10100,0,0,0,0,0,0,0,0,0,0,0,0,0
Gm19668,0,0,0,0,0,0,0,0,0,0,0,0,0
Gm10142,0,0,0,0,0,0,0,0,0,0,0,0,0
LOC100504608,0,0,0,0,0,0,0,0,0,0,0,0,0
Gm11544,0,0,0,0,0,0,0,0,0,0,0,0,0
Jarid2,55,28,17,56,55,160,41,124,29,41,42,52,14
Jdp2,49,20,127,119,130,61,27,97,33,49,16,44,4
Gm14295,0,2,0,0,0,3,2,1,0,0,0,0,1
Jkamp,36,47,51,68,52,124,34,91,51,39,53,28,66
Jmjd4,15,8,6,16,10,40,9,48,8,11,13,8,4
Josd2,2,2,19,3,15,25,6,14,4,1,4,3,9
Pnoc,0,0,0,5,0,0,1,0,1,0,0,0,0
Jph2,1,1,9,4,9,3,0,1,0,1,8,5,0
Trim47,28,21,78,85,108,177,65,182,28,32,37,73,18
Scarb1,39,7,52,45,58,93,26,83,24,22,50,41,22
Tbx20,0,0,0,0,0,0,0,0,0,0,0,0,0
Gm4944,37,25,16,24,34,90,26,66,30,27,24,16,21
Gm13212,2,0,0,0,1,2,1,2,3,0,2,1,1
Lrit3,1,1,0,0,1,0,1,2,0,0,0,2,1
Ssxb6,0,0,0,0,0,0,0,0,0,0,0,0,0
Yes1,91,50,50,42,80,138,33,113,39,54,47,50,27
Yipf2,29,28,22,20,48,88,33,75,21,21,25,27,21
Iffo2,87,34,60,95,112,284,49,150,71,68,47,61,4
Abhd4,75,48,68,96,91,232,84,222,55,69,96,67,63
Astn1,0,0,0,0,1,3,0,7,0,0,3,0,0
Rxrb,44,21,64,91,103,180,84,141,60,88,36,65,19
Sorbs2,27,61,55,76,93,152,33,143,24,26,155,72,35
Cnot1,279,192,133,313,266,847,232,664,223,249,311,219,133
Cyb5r2,0,0,0,0,1,0,0,0,0,0,0,1,0
U2af2,84,43,89,109,142,290,106,212,100,74,72,89,26
Nrxn2,0,1,0,9,1,4,3,6,0,1,0,2,1
Arhgap27,109,42,180,143,152,435,171,431,130,133,126,179,19
Parp6,36,10,11,32,27,97,28,62,30,35,31,35,8
Myst4,53,27,28,62,53,196,54,149,42,38,66,48,11
A430107P09Rik,0,0,0,0,0,0,0,0,0,0,0,0,0
Fasl,0,0,0,2,1,1,0,0,1,0,0,0,1
Gm9994,0,0,0,0,0,0,0,0,0,0,0,0,0
Gm14781,0,0,0,0,0,0,0,0,0,0,0,0,0
Gm14496,0,0,0,0,0,0,0,0,0,0,0,0,0
Gm3383,1,0,0,2,1,3,0,0,0,0,0,1,1
Slc12a3,1,0,0,0,1,0,0,1,0,0,0,0,0
Tyk2,50,12,66,66,78,186,60,145,59,66,35,79,7
Stat1,168,93,138,154,190,231,94,232,103,147,102,77,74
Scn10a,0,0,0,0,0,0,0,0,0,0,0,0,0
Prl3d1,0,0,0,0,0,0,0,0,0,0,0,0,0
Mtap4,224,71,150,190,209,622,158,509,156,178,254,170,38
Arap3,199,63,224,231,291,867,307,762,257,238,214,298,46
Psat1,51,21,55,57,58,104,24,109,37,33,27,30,45
Ppfia2,1,0,0,3,0,5,0,3,0,0,1,0,0
Papln,2,0,3,0,3,4,1,3,2,6,0,2,0
Sun2,299,74,336,383,434,806,260,638,224,233,177,265,51
Lipk,0,0,0,0,0,0,0,0,0,0,0,0,0
Gramd4,23,7,26,36,31,80,29,75,16,30,27,45,9
Dcun1d1,19,46,22,42,37,86,44,91,23,37,37,32,29
Clec9a,6,0,4,5,0,18,1,5,2,0,2,0,1
7-Sep,349,256,176,342,407,633,185,589,223,260,290,217,244
Casc4,63,98,49,81,66,228,52,168,47,13,77,49,49
Actr3,300,261,217,393,430,740,210,570,226,238,232,198,216
Atg16l1,49,33,51,61,53,138,43,112,45,43,64,70,27
Gprc5d,0,0,0,0,0,0,0,0,0,0,0,0,0
Itfg3,49,38,58,68,23,124,36,106,33,14,63,41,13
Gsn,24,69,103,85,93,126,53,134,27,3,64,32,44
Mavs,50,20,59,69,55,214,63,167,68,78,91,51,43
Tmem200c,0,0,4,0,0,1,0,2,0,0,1,0,0
2610528A11Rik,11,8,1,10,14,27,10,24,11,14,5,5,14
2700090O03Rik,0,0,0,3,0,0,0,0,0,0,0,0,0
Usp44,0,0,0,0,1,0,0,0,0,0,0,0,0
Olfr426,0,0,0,0,0,0,0,0,0,0,0,0,0
AI848285,0,0,0,0,0,0,0,0,0,0,0,0,0
Fignl2,6,3,3,17,12,20,9,16,7,7,6,15,0
Gm16404,0,0,0,0,0,0,0,0,0,0,0,0,0
Gm14625,0,0,0,0,0,0,0,0,0,0,0,0,0
9930005F22Rik,0,0,0,0,0,0,0,1,0,0,0,0,0
Trnt1,54,34,25,45,59,138,34,106,49,48,63,38,52
Fam160a2,16,24,27,22,36,108,24,71,34,29,35,34,4
Gon4l,62,20,28,78,65,191,55,151,54,42,34,75,10
Slc4a10,363,1156,341,718,583,1331,386,1119,190,1,818,388,723
9830147E19Rik,8,19,3,10,15,53,14,31,9,6,21,11,8
Trip10,13,14,13,23,32,52,16,40,15,4,24,22,15
Jmjd1c,1328,778,615,1669,2046,3685,620,2321,725,869,630,1062,296
Fam73b,26,13,20,34,25,86,29,66,27,13,33,32,19
4933426M11Rik,241,135,191,260,341,485,106,299,119,132,137,159,49
Fam105a,288,146,185,251,202,1157,351,965,345,440,360,227,370
Slc37a1,4,6,3,14,10,20,7,6,2,3,12,8,7
Nit1,35,25,46,33,57,102,46,103,32,25,42,32,41
Bcl11a,5,0,0,4,0,7,0,2,0,1,2,3,1
Gm7903,0,0,0,0,0,0,0,0,0,0,0,0,0
E130003G02Rik,0,0,0,0,0,1,0,0,0,0,0,0,0
Gm8050,0,0,0,0,0,0,0,0,0,0,0,0,0
Gm14436,0,0,0,0,0,0,0,0,0,0,0,0,0
Gm14306,0,0,0,0,0,0,0,0,0,0,0,0,0
Gm3264,1,1,0,0,1,1,0,0,0,0,1,2,0
Gm14474,0,0,0,0,0,0,0,0,0,0,0,0,0
Gm14477,0,0,0,0,0,0,0,0,0,0,0,0,0
Gm14476,0,0,0,0,0,0,0,0,0,0,0,0,0
Gm14479,0,0,0,0,0,0,0,0,0,0,0,0,0
Gm14482,0,0,0,0,0,0,0,0,0,0,0,0,0
Gm14478,0,0,0,0,0,0,0,0,0,0,0,0,0
Gm14475,0,0,0,0,0,0,0,0,0,0,0,0,0
Gm1647,0,0,0,0,0,0,0,0,0,0,0,0,0
Gm3706,0,0,0,0,0,0,0,0,0,0,0,0,0
LOC100504429,0,0,0,0,0,0,0,0,0,0,0,0,0
Gm8298,0,0,0,0,0,0,0,0,0,0,0,0,0
Col6a3,39,10,30,25,27,158,33,119,40,59,34,40,1
Gm3701,0,0,0,0,0,0,0,0,0,0,0,0,0
Gm2913,0,0,0,0,0,0,0,0,0,0,0,0,0
Gm10057,0,0,0,0,0,0,0,0,0,0,0,0,0
Gm15140,0,0,0,0,0,0,0,0,0,0,0,0,0
E030019B06Rik,0,0,0,0,0,4,0,0,0,0,0,0,0
Zfp939,7,4,5,2,7,11,1,15,9,5,8,11,5
Gm3763,0,0,0,0,0,0,0,0,0,0,0,0,0
Gm16445,0,0,0,0,0,0,0,0,0,0,0,0,0
Gm4070,5,10,2,16,26,25,3,15,4,11,3,7,3
Ap1b1,237,119,246,268,307,545,230,467,187,205,160,185,48
Arntl,17,20,18,19,16,74,26,110,18,20,30,23,22
Bcat2,23,11,26,29,38,65,24,54,15,18,22,21,23
Nr1i3,2,1,0,1,4,4,1,0,1,0,1,1,0
Cct3,158,150,109,199,247,394,127,342,149,112,177,121,187
Zfp433,0,0,5,1,1,4,1,5,1,1,2,0,3
Cep57l1,4,11,9,9,6,27,5,17,11,12,11,3,14
A630095N17Rik,0,0,0,0,0,0,0,0,0,0,0,0,0
Gm3776,0,0,0,0,0,0,0,0,0,0,0,0,0
Gm11837,0,2,1,1,2,3,0,2,0,0,2,0,0
AI182371,4,0,1,0,3,1,2,2,0,3,0,1,0
Gm6408,0,0,0,0,0,0,0,0,0,0,0,0,0
Gm3404,0,0,0,0,0,0,0,0,0,0,0,0,0
Gm6370,0,0,0,0,0,0,0,0,0,0,0,0,0
Gm3402,0,0,0,0,0,0,0,0,0,0,0,0,0
Gm3409,0,0,0,0,0,0,0,0,0,0,0,0,0
Gm3415,0,0,0,0,0,0,0,0,0,0,0,0,0
2010315B03Rik,31,38,19,18,22,80,28,45,16,16,33,27,12
Fam193a,85,20,65,78,83,290,73,264,86,111,94,94,11
Tspan2,14,22,16,16,23,55,3,36,16,5,51,17,32
Gm13247,1,0,0,1,2,1,0,1,0,0,0,0,0
Gm13286,0,0,0,0,0,0,0,0,0,0,0,0,0
Gm13290,0,0,0,0,0,0,0,0,0,0,0,0,0
Alg11,36,15,21,29,33,74,24,77,24,22,29,16,28
Gm13289,0,0,0,0,0,0,0,0,0,0,0,0,0
Gm13279,0,0,0,0,0,0,0,0,0,0,0,0,0
Gm13288,0,0,0,0,0,0,0,0,0,0,0,0,0
Serpinb6a,60,94,54,84,113,148,37,130,30,12,112,32,121
Rgsl1,0,0,0,0,2,0,0,0,0,0,2,0,0
4930444P10Rik,3,2,0,0,0,5,0,0,0,0,0,1,2
Gm4791,0,0,0,0,0,0,0,0,0,0,0,0,0
D630033O11Rik,0,0,0,0,0,1,0,0,0,0,0,1,0
Lactbl1,0,0,0,0,0,0,0,0,0,0,0,0,0
E330033L03,0,0,0,1,0,5,1,2,0,0,0,1,0
1700011M02Rik,0,0,0,0,0,0,0,0,0,0,0,0,0
Ccdc85b,8,2,8,20,14,15,9,6,1,7,7,4,1
Mif4gd,29,20,44,25,35,73,25,52,21,13,19,28,27
Itch,239,150,133,207,193,666,160,521,191,200,166,170,132
C87436,34,27,18,22,31,85,24,76,25,23,33,29,17
Rassf1,78,49,65,93,187,152,40,110,44,26,31,43,43
Ciita,1,0,0,1,0,12,6,12,7,1,2,2,1
Esrrg,9,24,14,39,26,51,18,49,10,1,28,28,24
Fam124a,0,0,0,0,2,0,0,0,0,0,1,0,0
BC024978,9,5,12,10,5,23,11,15,3,6,8,7,1
Gm14322,0,0,0,0,0,6,1,0,3,0,1,4,0
Zfp383,11,10,19,11,10,29,13,32,9,13,15,13,18
Trim34b,0,0,0,0,3,0,0,0,0,0,0,0,1
Gm3139,0,0,0,0,0,0,0,0,0,0,0,0,0
4930525M21Rik,0,0,0,0,0,0,0,0,0,0,0,0,0
Vmn1r90,0,0,0,0,0,0,0,0,0,1,0,0,0
Pax6,1,0,0,0,1,3,0,10,0,0,0,2,0
5430401F13Rik,0,0,0,0,0,0,0,0,0,0,0,0,0
Gm8765,0,0,0,0,0,0,0,0,0,0,0,0,0
Gm9041,0,0,0,0,0,0,0,0,0,0,0,0,0
Gm9573,0,0,0,0,0,0,0,0,0,0,0,0,0
Gm10377,0,0,0,0,0,0,0,0,0,0,0,0,0
St18,0,0,0,4,0,3,0,3,0,0,1,0,0
Gm6432,1,0,0,0,0,0,0,0,0,0,0,0,0
Esp18,0,0,0,0,0,0,0,0,0,0,0,0,0
Celf1,232,129,170,172,247,692,148,521,192,210,203,239,95
Sall2,22,13,16,31,19,108,42,79,20,30,34,24,2
Col25a1,0,2,0,0,1,3,1,3,2,0,0,6,4
Lcp1,980,439,708,876,842,2288,702,1902,761,841,705,645,409
Eef2k,286,87,231,206,266,635,224,548,207,207,158,200,74
Zfp192,39,52,35,25,31,111,34,108,35,14,72,45,37
A630023A22Rik,0,0,0,0,0,0,0,0,0,0,0,0,0
Ms4a18,0,0,0,0,0,0,0,0,0,0,0,0,0
LOC100503280,0,0,0,0,0,0,0,0,0,0,1,0,0
4930453H23Rik,0,0,0,0,0,0,0,0,0,0,0,0,0
Ly6c1,113,124,155,149,443,166,61,183,94,107,255,171,296
Cacna1a,14,5,17,22,19,43,15,38,9,11,12,21,1
Dnahc7a,3,0,0,1,0,7,1,5,0,0,2,0,0
Hs3st4,0,0,0,0,0,0,0,0,0,0,0,0,0
Nrxn3,0,0,0,0,0,0,0,0,0,0,0,0,0
2310021P13Rik,100,34,128,128,198,402,150,307,106,86,91,169,18
Rbmxl1,27,15,32,35,27,52,17,58,15,20,15,18,18
4833442J19Rik,6,24,0,12,5,31,7,22,2,9,11,2,12
Klra14,1,0,0,0,0,4,0,0,1,0,0,2,0
Pzp,0,0,0,0,0,2,0,0,2,0,1,2,0
Abca4,168,284,226,321,236,572,200,546,80,0,376,204,148
Abca2,85,102,130,137,136,355,121,291,73,30,139,151,26
Acadl,88,102,103,101,134,259,75,219,67,64,125,79,62
Acadm,83,79,86,113,133,306,80,236,69,81,111,93,131
Apoc4,0,0,0,0,0,0,0,0,0,0,0,0,0
Aco1,44,42,51,48,78,169,43,154,45,62,79,47,50
Acp2,312,179,232,259,292,810,282,681,240,285,251,186,176
Chrna7,0,2,0,1,0,2,0,0,0,0,0,0,0
Acrv1,0,0,0,0,0,0,0,0,0,0,0,0,0
Acta2,58,59,271,90,363,159,21,163,65,49,382,142,167
Actb,2799,1207,3587,3945,4068,8294,2759,6764,2118,2512,2675,3085,1787
Acvr1b,41,26,31,43,48,89,34,74,25,13,34,31,8
Acvr2a,49,41,36,51,67,166,25,125,45,33,48,51,49
Acvr2b,7,1,7,9,10,9,2,16,1,1,4,4,0
Adam10,695,325,315,462,390,1290,478,1275,524,634,567,456,311
Adam12,0,0,2,3,0,0,1,4,0,0,1,0,0
Adam5,0,0,0,0,0,2,0,2,0,0,0,0,1
Adam7,2,1,1,3,1,0,1,2,0,0,0,0,0
Adam8,5,9,18,14,20,25,6,15,8,1,4,29,0
Adam9,172,107,110,182,188,350,119,275,65,80,102,111,81
Adcy6,29,28,46,59,55,126,52,151,47,25,69,69,17
Adcyap1r1,0,1,0,2,4,9,1,6,1,0,2,1,0
Plin2,49,40,27,74,84,169,41,149,68,32,53,37,68
Adh1,3,2,0,3,1,10,1,6,0,2,3,0,6
Adh5,62,69,80,92,104,233,82,191,66,44,85,66,124
Gpr182,1,0,1,1,2,6,0,4,0,0,1,3,3
Adora2b,11,30,17,16,15,6,0,9,5,1,9,8,5
Adprh,61,28,82,71,72,149,71,123,53,87,39,69,33
Adra1b,0,0,0,0,0,0,0,0,0,0,0,0,0
Adra2a,4,0,1,0,2,19,3,14,3,8,1,9,0
Adra2c,0,0,0,0,0,0,0,0,0,0,0,0,0
Adrb1,67,7,29,23,33,81,27,68,33,46,39,50,4
Adrb2,335,113,224,300,234,978,253,952,312,273,343,266,326
Adssl1,20,16,21,15,18,24,10,31,4,3,7,20,17
Adss,59,53,32,67,81,184,51,134,34,62,56,30,45
Afp,0,1,0,1,3,7,1,6,2,2,1,2,0
Acan,0,0,0,0,0,0,0,0,0,0,1,0,0
Ager,0,1,2,0,1,3,0,2,0,2,1,0,1
Angpt2,3,8,5,6,18,8,6,11,2,2,9,8,17
Agrp,0,0,0,0,0,0,0,0,0,0,0,0,1
Agtr2,0,1,0,0,0,1,0,0,0,0,1,0,2
Nr0b1,0,0,0,0,0,0,0,0,0,0,0,0,0
Alpl,34,7,20,34,24,24,2,25,13,10,42,23,8
Akp3,0,0,0,0,0,0,0,0,0,0,0,0,0
Alppl2,0,0,0,0,0,0,0,0,0,0,0,0,0
Abcd1,91,36,88,97,75,257,112,225,84,80,82,114,15
Aldh3a2,87,57,82,69,81,245,77,210,81,58,101,67,66
Alox12,0,0,0,1,0,9,1,0,0,2,6,0,2
Alx3,0,0,2,0,0,1,0,1,0,0,0,1,0
Alx4,0,1,5,0,2,4,0,3,1,0,3,5,0
Ambp,0,0,0,0,2,2,0,0,0,0,0,0,0
Amd2,39,31,21,36,49,139,33,87,36,35,40,39,60
Amh,0,0,0,0,0,0,0,0,0,0,0,0,0
Ang5,0,0,0,0,0,0,0,0,0,0,0,0,0
Ang2,0,0,0,0,0,0,0,0,0,0,0,0,0
Slc25a4,111,222,135,194,239,385,121,318,59,50,177,126,298
Slc25a5,192,263,245,326,445,621,231,479,152,164,216,177,381
Prdx3,66,95,58,71,107,230,53,168,51,37,76,42,126
Prdx6,49,85,63,102,78,173,36,143,35,23,81,47,78
Ap1g2,24,6,10,17,16,54,22,44,13,17,15,16,2
Ap1m1,45,26,50,56,43,156,46,113,36,34,48,40,21
Ap1s1,19,9,13,17,31,39,28,49,16,24,14,27,10
Ap2a2,97,38,72,95,101,247,89,211,92,76,94,102,40
Ap3d1,121,80,155,166,219,593,168,525,190,146,185,167,49
Apba2,0,0,0,0,0,1,0,4,0,0,0,2,0
Apc,336,170,195,242,235,1027,229,725,251,269,272,324,74
Birc3,287,166,233,383,512,504,104,292,99,94,66,202,47
Birc2,179,122,102,132,209,240,52,160,65,82,68,107,84
Api5,146,99,101,112,142,360,114,325,139,133,185,96,71
Aplp1,49,135,198,119,105,231,108,215,35,2,116,91,37
Apoa4,0,0,0,0,0,0,0,0,0,0,0,0,0
Apod,92,122,98,121,390,73,18,42,13,14,34,77,75
Aqp1,76,233,122,186,145,365,107,294,45,1,177,80,188
Aqp7,0,0,0,0,0,1,0,0,0,0,0,0,0
Rplp0,73,70,234,168,299,262,126,258,72,91,54,98,238
Arf2,114,102,145,218,251,504,119,386,126,108,129,116,105
Arf3,195,104,106,214,208,546,165,473,143,122,229,137,58
Arf4,251,211,233,445,462,796,194,592,205,207,223,205,198
Arf5,30,5,32,32,37,52,24,60,18,21,28,17,33
Arf6,194,93,129,255,222,479,146,371,115,134,151,143,64
Arg1,1,0,0,0,4,0,0,2,0,0,0,0,0
Rhob,2935,744,2508,2675,2587,7108,2682,6557,2243,2851,2107,2504,615
Rhoc,82,70,113,120,238,89,34,83,14,16,43,69,53
Rhod,4,3,5,11,6,23,2,11,2,0,7,6,9
Arhgdib,175,120,196,243,269,571,183,494,198,249,159,169,207
Arnt2,15,18,21,26,19,66,11,38,9,1,39,19,8
Art2a-ps,0,0,0,1,0,0,2,0,0,0,0,0,0
Art5,0,0,0,0,0,0,0,0,0,0,1,0,0
Asgr2,2,0,2,3,1,3,1,3,2,1,1,1,2
Ass1,4,0,0,0,1,0,0,1,0,0,3,0,0
Zfhx3,336,61,190,287,301,955,303,771,314,355,206,328,26
Atf1,70,24,40,56,55,196,32,75,46,50,39,38,22
Atf3,2291,1014,2293,4757,4693,14122,2974,9006,2583,3055,2061,3300,1260
Atoh1,0,0,0,0,0,0,0,0,0,0,0,0,0
Neurod4,0,0,0,0,0,0,0,0,0,0,0,0,0
Atp1b3,274,310,213,286,356,741,237,544,216,177,291,220,297
Fxyd2,0,0,0,0,0,0,0,0,0,0,0,0,0
Atp2a1,1,0,1,2,1,0,1,9,3,0,3,3,0
Atp5a1,415,603,594,683,728,1298,475,1216,309,249,603,405,765
Atp5k,5,28,16,16,31,52,20,45,12,4,23,18,44
Atp6v1a,254,394,226,360,392,701,207,563,177,108,368,190,348
Atp6v1b2,206,153,130,263,226,642,166,526,144,158,224,117,207
Atp6v1e1,106,168,132,200,178,350,141,315,96,88,141,102,221
Atp7b,0,2,3,5,3,5,0,4,0,0,3,3,1
Atpif1,28,31,38,50,75,113,51,107,32,27,35,34,115
Slc7a1,51,31,44,51,72,129,18,103,24,35,79,35,17
Slc7a3,1,1,2,0,4,0,0,2,0,0,1,0,2
Aup1,95,57,128,117,161,302,122,269,113,82,82,94,39
Bach1,418,205,295,385,575,951,155,508,167,203,187,204,83
Bad,4,10,18,18,23,49,21,26,9,6,10,14,41
Bak1,21,11,37,20,47,72,17,65,22,25,15,15,14
Nkx3-2,0,0,0,0,0,0,0,0,0,0,0,0,0
Bard1,0,4,1,1,1,6,1,9,1,4,3,3,3
Barx1,0,0,0,0,0,0,0,0,0,0,0,0,0
Bax,21,15,39,41,50,96,48,91,31,24,22,27,40
Bcl6b,13,9,13,12,24,25,3,5,7,3,8,27,2
Bcan,0,0,2,12,1,6,2,17,0,0,1,0,0
Phb2,39,15,46,50,41,129,44,106,30,21,32,47,13
Bckdha,20,14,70,37,80,123,49,104,28,29,27,44,33
Bcl2a1b,133,95,98,227,219,415,139,318,107,181,94,66,132
Bcl2a1c,0,2,0,3,7,2,0,4,1,1,0,0,2
Bcl2a1d,22,18,16,27,21,15,8,25,4,1,5,8,7
Bcl2l2,24,13,18,18,19,59,12,54,9,12,28,14,17
Opn1sw,0,1,0,0,1,0,1,1,0,0,0,0,1
Bdkrb1,3,1,3,2,2,4,3,1,1,0,0,1,0
Bdnf,0,0,0,0,0,0,0,0,0,0,0,0,0
Bgn,28,102,91,70,59,148,50,135,48,15,94,61,11
Bid,34,23,54,57,36,137,53,130,48,53,38,37,45
Hrk,0,0,0,0,0,3,0,0,2,0,0,0,0
Bik,0,0,0,0,0,7,0,2,1,0,2,1,1
Prdm1,55,16,24,71,67,239,42,150,26,61,21,63,9
Blk,0,0,0,1,0,0,0,0,1,0,0,0,0
Cxcr5,2,1,0,1,3,3,0,5,1,1,3,5,2
Bmi1,78,48,52,80,66,192,74,169,65,79,82,59,48
Bmp4,2,8,20,10,13,21,9,20,0,2,3,6,4
Bmp5,2,11,0,3,6,15,5,8,1,0,7,3,2
Bmp6,32,40,26,28,24,60,30,40,20,0,34,31,8
Bmp7,11,13,16,23,13,46,21,36,10,0,12,14,11
Bmp8a,0,0,0,0,0,0,0,0,0,0,0,0,0
Bmp8b,0,0,0,0,1,0,0,0,0,0,0,0,0
Bmpr1b,0,3,2,2,3,11,1,6,1,0,2,2,11
Bmpr2,141,96,71,111,115,345,105,298,105,145,171,138,25
Bnc1,0,0,0,0,0,0,0,0,0,0,0,0,0
Bpgm,16,19,18,27,20,62,12,44,19,10,22,11,31
Zfp36l1,736,231,459,579,504,2030,537,1561,624,723,658,629,143
Birc6,321,174,142,246,301,991,220,713,296,257,365,314,112
Bsn,3,3,16,7,9,36,11,28,3,15,7,11,1
Btc,0,0,0,2,0,0,0,1,0,0,1,0,2
Btg1,900,441,610,883,1005,2036,441,1330,499,517,451,551,247
Btg2,2247,815,2042,2178,2695,4834,1540,4238,1445,1785,1594,2239,1015
C1qa,1810,837,3460,2219,3579,4306,2345,4346,1573,1935,1122,1845,1993
C1qbp,47,28,30,58,33,134,32,105,33,36,43,25,31
C1qc,1287,688,2399,1763,2542,3450,1833,3391,1378,1648,856,1413,1235
C4bp,0,0,0,0,0,0,0,0,0,0,0,0,0
Cacng1,0,0,0,0,0,0,0,0,0,0,0,0,0
Cacng2,0,0,0,0,0,0,0,0,2,0,0,0,0
Ddr1,15,32,62,67,33,123,34,102,21,2,48,28,18
Anxa2,86,88,130,105,172,104,30,93,39,14,47,59,70
Calb2,0,0,0,0,0,5,0,2,1,0,0,0,0
Calm2,706,431,390,621,798,1731,531,1361,534,618,544,392,785
Calm3,45,81,107,108,90,207,73,187,44,35,93,67,77
Calr,1326,969,1232,1235,1396,3336,1118,3144,1075,979,1370,983,738
Car8,1,11,2,1,4,11,0,12,3,0,6,1,11
Cetn1,0,0,0,0,0,0,0,0,0,0,0,0,0
Calu,348,326,281,366,395,801,250,714,232,251,395,231,346
Caml,39,26,26,25,31,74,26,84,20,25,30,27,44
Cap1,473,262,409,520,507,1588,448,1107,403,454,502,368,331
Capn3,269,130,238,236,271,782,260,648,288,231,226,207,152
Capn5,2,0,2,2,5,11,3,4,5,1,6,4,0
Capn6,11,37,8,25,15,45,9,28,7,0,22,10,29
Capza2,1032,651,525,1022,1138,2471,681,1792,808,935,651,529,815
Capza3,0,0,0,0,0,0,0,0,0,0,0,0,0
Car3,0,0,1,1,0,0,0,0,0,0,0,0,1
Car4,3,3,4,7,28,19,6,26,8,11,44,13,29
Car5a,0,0,0,0,0,0,0,0,0,0,0,0,0
Casp4,217,176,152,400,503,401,89,234,91,94,56,118,43
Casp2,50,21,40,27,40,88,38,81,43,32,58,25,24
Casp7,35,12,21,14,41,55,16,28,11,18,14,16,7
Ctnnd1,373,201,269,341,347,993,232,813,249,321,382,244,116
Cav1,71,65,76,42,107,99,42,149,60,57,184,65,177
Cav3,0,0,0,0,0,0,0,0,0,0,0,0,3
Serpina6,0,0,0,0,0,0,0,0,0,0,0,0,0
Cbr1,14,27,38,21,28,71,23,78,17,22,36,23,55
Cbr2,2,4,2,3,10,15,6,16,6,0,7,5,12
Cbx1,27,22,7,18,14,60,12,55,18,18,36,16,15
Cbx2,2,1,0,1,2,5,2,4,1,0,1,6,0
Cbx3,7,5,6,4,5,11,4,9,6,4,2,0,8
Cbx4,42,18,52,30,43,94,51,91,30,38,30,54,4
Cckbr,0,0,0,2,0,1,0,3,0,0,0,0,0
Ccna1,0,0,0,0,0,0,0,0,0,0,0,0,0
Ccnb2,2,4,1,2,1,7,1,11,1,0,0,4,0
Ccnd1,166,54,153,166,161,590,125,398,168,147,120,157,46
Ccne1,0,0,6,3,1,7,0,0,0,3,3,1,0
Ccnf,1,1,3,0,3,5,0,9,0,8,2,4,1
Ccng2,138,61,100,75,72,451,107,303,118,120,127,98,109
Cct2,192,192,187,262,319,616,174,497,135,164,192,181,230
Cct5,131,152,153,185,222,437,153,401,141,149,173,131,203
Cct7,132,132,162,170,234,427,125,435,149,98,131,106,170
Cd1d1,12,9,11,20,16,58,16,45,10,10,8,11,7
Cd1d2,0,0,0,0,0,0,1,0,0,0,1,0,0
Cd28,0,0,0,0,0,4,0,3,0,0,0,0,3
Scarb2,202,119,131,221,202,651,193,544,229,237,245,140,134
Cd37,120,62,199,192,268,422,166,355,136,181,103,180,104
Cd38,26,14,16,18,19,15,4,14,12,6,10,8,16
Cd48,92,55,35,58,64,195,75,148,74,93,66,49,101
Cd53,1689,1172,1024,1639,1986,3856,1218,2912,1357,1577,1098,903,1782
Cd79a,0,0,1,0,0,0,0,0,0,0,0,0,0
Cd9,635,634,537,716,935,2150,632,1456,512,522,605,483,1047
Cdc25a,16,3,5,11,19,58,16,30,9,20,21,11,10
Cdk1,12,3,2,9,8,18,10,20,5,10,3,5,5
Cdk11b,80,26,79,140,141,353,77,253,71,58,75,103,36
Cdh15,0,0,0,0,0,0,0,0,0,1,0,0,0
Cdh16,0,0,0,0,0,0,0,0,1,0,0,0,0
Cdh2,4,3,3,15,8,25,5,16,1,1,6,5,4
Cdh6,0,0,0,3,0,1,0,4,2,0,5,0,2
Cdkn1a,233,91,253,286,470,399,99,306,103,133,121,182,28
Cdkn2b,0,2,1,2,3,9,1,1,0,2,3,5,0
Cdkn2c,3,2,5,3,6,12,1,9,10,6,4,3,7
Cdr2,29,78,42,57,61,138,43,101,26,3,86,39,50
Cdx2,0,0,0,0,0,0,0,0,0,0,0,0,0
Cdx4,0,0,0,0,0,0,0,0,0,0,0,0,0
Ceacam10,0,0,0,0,0,0,0,0,0,0,1,0,1
Psg16,0,0,0,0,0,0,0,0,0,0,0,0,0
Psg17,0,0,0,0,1,0,0,0,0,0,0,0,0
Cebpa,252,78,256,440,260,1058,452,1193,351,458,269,292,82
Cebpd,45,18,57,34,53,38,5,29,13,22,16,40,9
Cenpa,3,0,2,2,1,12,5,11,1,1,3,8,5
Cenpb,28,20,65,70,47,111,38,88,35,21,31,27,12
Cenpc1,13,11,23,16,13,54,7,29,23,13,17,7,17
Cetn3,53,54,32,61,70,166,37,114,42,44,46,31,67
Cfc1,0,0,0,0,0,0,0,0,0,0,0,0,0
Cfi,0,0,0,0,0,0,0,0,0,0,0,0,0
Cfl1,529,288,524,648,797,1357,477,1224,368,426,362,366,269
Cfl2,61,99,39,78,64,170,45,150,40,28,105,38,98
Chad,1,3,7,1,0,7,0,8,3,1,1,3,0
Chd1,218,88,99,221,263,603,132,391,115,140,109,143,45
Chek1,0,2,0,1,7,10,0,6,3,1,0,2,4
Chkb,44,23,25,47,61,161,52,119,36,39,43,56,27
Chga,0,0,0,0,0,0,0,3,1,0,0,0,0
Chgb,0,0,0,0,0,0,0,0,5,0,0,0,0
Chi3l1,17,24,18,52,27,28,0,11,1,2,8,12,14
Ovgp1,8,3,1,2,3,6,0,6,0,0,0,2,1
Chl1,1,0,0,1,0,3,0,11,0,0,0,0,0
Chrm4,0,0,0,0,2,0,0,6,0,0,0,0,0
Vsx2,0,0,0,0,0,0,0,0,0,0,0,0,0
Cidea,1,7,3,2,6,5,2,12,0,0,9,1,4
Elovl3,0,0,0,0,0,0,0,0,0,0,0,0,0
Cirbp,31,17,27,58,50,87,20,37,10,7,27,22,19
Socs3,1151,431,1526,795,1189,954,386,994,251,269,254,581,71
Cited1,0,0,0,0,0,0,0,3,0,0,0,0,0
Clcn3,116,90,58,112,74,323,90,240,80,85,120,107,57
Clk3,53,24,58,92,112,257,83,194,61,54,55,89,53
Clk4,168,91,102,227,228,533,150,426,178,211,152,107,172
Clock,117,125,63,158,158,429,97,364,113,112,176,112,127
Ccr1l1,1,2,2,4,0,13,2,1,0,5,7,5,1
Ccr7,6,4,12,9,20,11,5,4,3,1,0,1,0
Ccr8,0,0,0,0,0,0,0,0,0,0,0,0,0
Ccr10,0,0,0,0,0,2,0,1,0,0,0,1,1
Cxcr7,19,18,14,27,43,60,5,43,15,13,40,19,33
Cnga1,0,0,0,0,0,0,0,0,0,0,0,0,0
Cnga2,5,0,2,3,3,3,0,1,4,1,1,2,0
Cnn2,21,18,61,32,62,43,25,64,22,18,20,25,18
Cnr1,0,0,0,0,0,0,0,2,1,0,0,0,0
Col11a1,0,0,0,3,0,1,1,1,0,0,1,0,0
Col12a1,2,0,0,3,0,6,3,4,0,0,5,7,0
Col13a1,0,0,0,3,2,4,1,11,0,0,4,0,0
Col17a1,4,15,0,10,8,22,5,19,3,0,6,13,0
Col19a1,0,0,0,0,0,0,0,0,0,0,0,0,0
Col4a4,8,20,14,25,13,28,6,37,4,1,16,24,15
Col5a2,15,9,12,13,16,38,14,25,6,5,19,14,1
Col7a1,0,0,0,0,0,3,1,2,1,5,0,1,0
Col8a1,205,324,206,284,226,376,132,365,78,2,275,136,64
Col9a1,0,0,0,2,0,2,0,2,0,0,0,0,0
Col9a2,0,1,0,2,0,1,0,2,0,0,0,1,0
Col1a1,0,0,2,3,3,9,0,6,0,0,1,1,0
Col1a2,23,34,59,72,50,104,29,109,8,2,44,54,14
Cort,0,0,0,0,0,0,0,0,0,0,0,0,0
Map3k8,271,135,171,235,335,285,51,192,76,85,79,120,30
Cox5a,47,50,32,67,62,114,37,80,30,11,63,46,74
Cox6a1,41,72,70,65,112,129,59,119,31,17,73,53,135
Cox7c,4,6,0,10,8,1,1,4,6,1,0,3,9
Cox8a,52,146,102,92,162,210,69,215,45,22,132,45,229
Cox8b,4,19,9,5,15,5,10,15,4,0,14,5,26
Cpa3,0,0,2,1,1,0,0,1,1,0,2,0,1
Cpd,252,166,134,213,172,455,125,378,136,98,247,153,79
Cpeb1,3,0,5,1,3,16,10,7,1,0,6,3,2
Cplx1,0,0,0,0,2,1,0,0,0,0,0,0,0
Cpox,16,12,17,20,16,89,27,63,31,32,21,15,11
Cr2,0,2,0,0,0,1,0,0,0,0,1,0,0
Crabp2,0,0,0,0,0,0,0,0,0,0,0,0,0
Crat,57,21,80,61,69,268,82,209,66,56,79,66,22
Crcp,25,18,20,46,34,94,24,64,20,24,26,16,21
Crhr1,0,0,0,0,0,0,0,0,0,0,0,0,0
Crip1,11,8,24,37,76,38,9,52,16,11,39,29,62
Crkl,94,46,58,80,61,285,62,227,80,80,105,57,42
Crmp1,0,0,0,0,0,3,1,2,0,0,1,0,0
Pcdha4,5,15,11,8,3,17,6,7,0,0,9,2,2
Pcdha6,5,15,11,8,3,17,6,7,0,0,9,2,2
Crp,2,2,0,0,2,0,0,0,0,0,0,0,0
Dmbt1,0,0,0,0,0,0,0,0,0,0,0,0,0
Cry1,12,13,15,19,9,50,9,27,9,9,13,5,4
Hivep1,103,26,56,118,118,372,65,244,71,62,98,124,15
Crybb2,0,0,0,0,0,0,0,0,0,0,0,0,0
Cryga,0,0,0,0,0,0,0,0,0,0,0,0,0
Crygd,0,0,0,0,0,0,0,0,0,0,0,0,0
Cryge,0,0,0,0,0,0,0,0,0,0,0,0,0
Csf2rb,171,39,125,134,256,302,136,264,91,96,69,144,13
Csf2rb2,139,55,126,83,134,269,97,176,75,96,69,123,5
Csf3r,487,191,467,448,519,1888,561,1419,592,505,421,602,106
Csk,128,40,164,149,186,431,177,398,138,148,93,106,49
Csn1s1,0,0,0,0,0,0,0,0,0,0,0,0,0
Csn1s2a,0,0,0,0,0,0,0,0,0,0,0,0,0
Csn3,0,0,0,0,0,0,0,0,0,0,0,0,0
Csnk2a1,81,50,56,67,54,169,52,157,49,46,91,47,44
Ncan,0,2,0,1,0,1,1,20,0,0,0,0,0
Smc3,83,65,43,85,101,277,81,251,94,104,130,82,63
Csrp1,66,66,158,116,231,134,33,119,39,28,113,61,41
Csrp2,22,31,21,28,44,52,18,50,8,2,42,16,46
Cstb,37,40,43,62,70,118,34,82,34,37,43,26,62
Ctf1,2,10,0,4,5,15,1,4,2,0,9,4,1
Ctsb,2902,1772,2574,3178,3401,8169,2581,6369,2236,2485,2370,2024,1820
Ctse,0,1,2,2,6,7,0,7,2,0,1,1,0
Ctsg,0,0,0,0,2,0,0,0,0,0,0,0,0
Ctsh,423,258,417,428,455,1141,447,980,414,434,369,298,332
Ctsk,5,1,1,0,4,10,1,1,1,1,2,1,1
Cux2,4,4,16,8,7,16,9,16,6,5,5,17,1
Cyb561,93,195,147,145,134,269,100,227,35,6,146,77,102
Cyba,62,38,139,121,186,208,101,183,71,64,55,73,159
Cybb,236,146,97,271,179,112,60,136,57,23,38,45,47
Cycs,6,7,2,0,4,17,6,9,4,3,5,3,6
Cyp17a1,0,0,0,0,0,0,0,0,0,0,0,0,0
Cyp19a1,0,0,0,0,0,0,0,0,0,0,0,0,0
Cyp26a1,0,0,0,0,0,0,0,0,0,1,0,0,0
Cyp2a5,0,0,0,0,0,0,0,0,0,0,0,0,0
Cyp2b13,0,0,0,0,0,0,0,0,0,0,0,0,0
Cyp2b19,0,0,0,0,0,0,0,0,0,0,0,0,0
Cyp2c29,0,0,0,0,0,0,0,0,0,0,0,0,0
Cyp2f2,0,0,2,0,1,0,0,0,0,0,1,0,0
Cyp3a11,0,0,0,0,0,0,0,0,0,0,0,0,0
Cyp3a13,0,0,0,0,0,0,0,0,0,0,0,0,0
Cyp3a16,0,0,0,0,0,0,0,0,0,0,0,0,0
Cyp4a14,0,0,0,0,0,0,0,0,0,0,0,0,0
Cyp4b1,0,2,0,0,0,2,0,3,1,0,2,0,2
Cyp7a1,0,0,0,0,0,0,0,0,0,0,0,0,0
Cyp7b1,1,15,5,4,5,14,5,10,0,1,10,5,6
Daf2,0,0,0,0,0,0,0,0,0,0,0,0,0
Dcc,0,0,1,0,0,3,0,3,0,0,3,0,0
Dck,24,27,13,25,18,76,20,69,23,18,26,17,23
Dscr3,59,34,22,61,47,145,55,125,33,28,70,39,68
Gadd45a,21,12,12,24,23,26,12,22,3,1,7,10,7
Ddit3,44,22,62,113,195,229,63,169,48,64,35,62,59
Ddost,161,86,237,156,189,438,140,440,135,124,141,143,158
Dhx15,301,238,207,337,457,862,219,704,216,243,278,211,255
Ddx5,1879,1059,1153,1903,2179,4616,1328,3673,1226,1374,1482,1360,906
Dhx9,581,315,266,559,665,1258,226,868,346,397,392,393,195
Defa-rs1,0,0,0,0,0,0,0,0,0,0,0,0,0
Defa-rs7,0,0,0,0,0,0,0,0,0,0,0,0,0
Defa25,0,0,0,0,0,0,0,0,0,0,0,0,0
Defa3,0,0,0,0,0,0,0,0,0,0,0,0,0
Defa5,0,0,0,0,0,0,0,0,0,0,0,0,0
Defa6,0,0,0,0,0,0,0,0,0,0,0,0,0
Degs1,122,221,146,186,181,358,100,320,76,51,170,107,224
Slc29a2,6,1,3,6,5,6,7,17,3,15,2,1,1
Twist2,0,0,0,0,0,0,0,0,0,0,0,0,0
Dhcr7,21,13,18,18,18,46,34,48,19,14,17,15,15
Dhh,1,0,0,0,0,1,0,1,2,0,1,0,0
Diap1,68,45,43,83,64,178,58,168,38,32,77,66,9
Dffb,10,3,4,1,5,8,3,12,1,6,3,7,3
Dio1,0,0,0,0,0,0,0,0,0,0,0,0,0
Dld,135,182,107,155,180,379,115,316,85,116,161,88,187
Dlg1,125,68,46,156,108,326,88,235,64,60,103,89,50
Mpp3,0,0,0,0,0,1,0,0,0,0,0,0,0
Dll1,12,5,11,8,21,13,3,22,3,3,3,13,3
Dll3,0,0,0,0,0,1,0,0,0,0,0,0,0
Dlx4,0,0,0,0,0,1,0,0,1,0,0,0,0
Dmd,11,15,9,8,18,46,3,38,10,8,21,24,5
Dnase1l3,6,4,9,0,2,2,0,2,0,0,0,0,0
Dnmt3a,137,43,97,128,152,612,172,420,165,157,138,186,32
Doc2b,9,5,12,6,22,0,0,1,1,0,0,7,0
Reep5,305,386,366,387,408,813,321,846,227,212,403,281,379
Dpagt1,46,15,53,35,44,90,38,80,30,40,38,37,31
Dpep1,0,0,3,1,2,3,0,1,0,0,0,0,0
Drd3,0,0,0,0,0,0,0,0,0,0,0,0,0
Drd4,0,0,0,0,0,0,0,0,0,0,0,0,0
Drg1,69,47,53,65,65,188,50,136,52,74,82,37,88
Arid3a,28,15,27,25,30,108,36,104,36,36,25,53,5
Atn1,42,20,49,75,77,209,83,207,59,53,46,96,17
Dsc3,0,0,0,0,0,6,0,0,2,0,0,0,0
Dsg2,19,35,14,22,20,74,12,43,10,0,26,12,16
Epyc,0,0,0,2,0,0,1,0,0,0,0,0,5
Slc26a2,41,23,30,45,27,145,34,105,31,23,28,32,12
Dub1,0,0,0,0,0,0,0,0,0,0,0,0,0
Dvl2,10,5,13,10,17,60,13,37,7,15,8,18,2
Dvl3,14,6,8,16,21,54,15,57,17,14,15,26,2
E2f1,0,5,0,4,2,10,9,11,4,0,2,13,1
E2f5,20,15,11,15,24,59,13,44,16,9,22,11,22
E4f1,21,3,19,24,41,94,40,71,17,14,21,44,3
Ear2,9,2,0,3,3,10,0,8,1,5,5,5,6
Mapre1,351,260,228,412,467,941,237,734,211,272,324,271,241
Ebf1,5,5,2,3,7,14,0,10,2,8,19,21,4
Ebp,42,37,70,49,48,113,44,113,33,24,37,24,67
Ecm1,5,0,13,5,11,9,2,13,1,1,8,7,1
S1pr1,242,230,229,259,430,393,74,347,134,98,262,273,89
Edn2,2,0,0,0,0,0,0,0,0,0,0,0,0
Edn3,7,17,14,18,14,29,5,30,5,5,37,12,24
Ednrb,15,37,27,47,25,109,31,72,13,6,65,22,34
Phc1,23,21,38,34,41,89,24,74,21,25,29,18,8
Eef1a2,0,0,0,0,0,0,0,0,0,0,0,0,0
Eef2,524,362,1085,990,1331,1913,742,1705,473,487,588,693,476
Efna2,0,0,0,1,0,0,0,0,1,2,0,0,1
Efna4,0,0,3,1,0,3,1,1,2,0,0,1,1
Efnb3,2,0,0,0,0,4,0,7,3,0,5,0,3
Egr1,3588,982,3119,4178,4331,8633,2586,6956,2271,2372,2015,3559,430
Ehf,5,7,1,5,10,8,4,3,1,0,14,1,1
Ddx19a,31,29,34,35,37,99,28,74,30,36,42,23,15
Eif4e,81,81,55,103,124,232,59,179,57,64,75,54,99
Eif4ebp1,18,4,29,7,27,11,8,30,3,4,6,9,15
Cela2a,0,1,1,0,1,6,0,3,2,2,2,0,3
Elf1,220,99,108,262,186,656,145,488,157,206,180,152,74
Elk1,4,2,8,13,12,26,6,33,3,8,7,22,5
Elk4,71,23,25,51,71,161,27,119,40,42,45,45,6
Eln,23,11,56,32,27,179,36,248,49,36,65,58,18
Aimp1,28,24,22,40,34,64,23,85,27,23,32,20,46
Emd,36,24,30,68,69,136,43,112,39,55,41,39,53
Emp2,55,65,60,66,55,121,41,123,29,14,92,58,40
Enc1,163,34,88,40,80,704,200,493,181,198,196,209,73
Endog,2,2,6,1,8,15,4,15,0,7,4,4,4
Enpep,1,5,8,13,11,13,1,22,1,4,20,1,3
Epc1,142,57,59,134,125,410,89,242,91,120,108,109,43
Epha4,6,35,15,31,25,54,6,52,16,2,31,22,19
Epha5,0,0,2,0,0,0,0,0,0,0,0,0,0
Epha6,0,0,0,0,0,0,0,0,0,0,0,0,0
Epha8,0,0,0,0,0,0,0,1,0,0,0,0,0
Ephx2,5,23,6,16,15,34,17,20,2,0,11,3,6
Stx2,34,16,39,33,28,145,57,152,38,53,37,41,41
Eps15,123,69,80,134,119,329,93,302,103,103,185,115,73
Eps15l1,60,27,65,78,79,225,60,177,59,54,64,80,17
Epx,0,0,0,0,0,1,0,0,0,0,0,1,0
Ercc1,14,9,23,19,14,33,12,34,7,4,12,10,18
Ercc2,17,9,39,40,27,64,37,57,32,19,11,24,9
Ereg,0,0,0,0,0,0,0,0,0,0,0,0,0
Erh,4,5,14,6,5,22,5,16,1,5,9,10,14
Pdia3,1336,969,1000,1165,1262,3168,1033,2904,1026,1092,1320,850,1014
Esrra,12,3,44,31,35,48,19,46,17,17,15,26,7
Ces1c,0,0,0,0,0,0,0,0,0,0,0,0,0
Ptprv,1,0,0,0,0,1,1,0,0,1,0,0,1
Esr1,10,1,1,7,8,11,4,10,8,5,12,12,1
Esx1,0,0,0,0,0,0,0,0,0,0,0,0,0
Smarcad1,76,54,46,63,52,240,64,191,51,70,60,66,51
Etv2,0,0,0,0,0,0,0,0,0,0,0,0,0
Etv6,143,48,104,199,193,355,99,268,105,98,97,152,14
Mpzl2,0,1,2,2,1,1,0,0,0,0,0,0,0
Mecom,11,23,15,19,15,23,9,33,13,15,27,21,27
Evi5,140,77,55,124,121,363,84,292,132,105,133,93,70
Evx1,0,0,0,0,0,0,0,0,1,0,0,0,0
Evx2,0,0,0,0,0,0,0,0,0,0,0,0,0
Ewsr1,181,63,138,203,243,569,145,388,152,121,140,192,56
Expi,0,0,0,0,0,2,0,0,0,0,0,0,0
Ezh1,76,63,78,86,89,225,85,198,85,58,92,64,41
Ezh2,15,6,13,18,23,69,11,56,11,16,7,15,12
F2rl1,6,1,8,7,18,2,4,5,8,0,5,14,2
F2rl3,0,1,0,0,0,2,1,5,0,0,2,2,0
F5,507,922,393,825,640,1787,468,1464,239,3,1063,522,264
F8a,9,1,7,1,9,12,2,9,2,1,12,2,3
F9,28,7,20,18,36,58,24,35,36,31,13,8,18
Fabp2,0,0,0,0,0,0,0,0,0,0,0,0,0
Acsl1,85,51,61,103,75,247,71,175,71,64,95,61,49
Faf1,61,41,38,70,53,136,47,115,39,56,57,49,32
Fscn1,241,59,313,252,239,778,367,724,243,238,163,310,37
Fancc,18,6,13,16,24,28,15,24,13,18,18,8,6
Fap,17,60,32,45,30,69,27,83,17,1,40,26,55
Fasn,30,10,36,58,29,149,49,100,17,34,28,43,8
Foxh1,0,0,0,0,0,0,0,0,0,0,0,0,0
Fbn1,26,40,38,65,49,124,45,113,20,2,77,39,20
Fbp2,0,0,0,0,0,1,0,0,0,0,0,0,0
Fcna,2,0,0,0,0,3,0,0,0,0,0,0,1
Fdx1,16,21,8,11,17,24,10,19,10,0,16,8,29
Fdxr,4,2,13,4,9,27,5,23,4,4,5,3,1
Fech,59,52,65,63,66,216,58,162,54,41,78,55,32
Fen1,16,6,12,9,12,32,8,32,6,7,9,12,8
Fgd1,8,5,5,6,5,6,4,18,1,0,9,9,1
Fgf10,0,0,0,0,0,0,0,0,0,0,0,0,0
Fgf15,0,0,0,0,0,0,0,0,0,0,0,0,0
Fgf17,0,0,0,1,1,0,0,0,0,0,0,0,0
Fgf18,0,0,4,1,0,0,3,5,1,0,1,0,1
Fgf2,0,0,0,2,1,1,1,2,0,0,0,3,0
Fgf3,0,0,0,0,0,0,0,0,0,0,0,0,0
Fgf7,0,0,0,0,0,2,0,2,0,0,1,0,0
Fgfbp1,0,3,0,4,3,0,0,5,1,0,4,0,2
Fgfr4,0,0,0,0,0,0,0,0,0,0,0,0,0
Akr1b8,0,1,0,0,1,3,0,1,1,0,1,0,2
Fgl2,104,85,57,382,116,92,33,84,32,37,19,41,29
Ppm1g,83,73,87,108,85,249,77,214,65,81,94,58,51
Smc2,20,9,18,15,22,55,23,51,35,21,20,19,16
Fkbp1a,88,118,102,119,148,289,74,253,66,52,152,67,94
Foxm1,4,1,4,1,4,19,5,18,2,1,2,9,2
Foxd4,0,0,0,0,0,0,0,0,0,0,0,0,0
Foxb2,0,0,0,0,0,0,0,0,0,0,0,0,0
Foxl1,0,0,0,0,0,0,0,0,0,0,0,0,0
Fli1,107,23,53,103,97,476,167,336,115,135,137,96,54
Flot1,33,14,38,57,83,92,35,89,30,26,27,28,15
Flt4,11,3,21,14,17,16,7,18,7,11,18,19,3
Fmo3,0,0,0,0,0,0,0,0,0,0,0,0,0
Fmr1,147,76,82,128,142,380,74,280,87,120,109,88,62
Aff2,16,17,9,22,18,32,9,39,5,0,17,13,1
Fnta,60,38,37,71,67,137,43,119,49,42,77,35,69
Folr1,151,600,384,329,342,594,239,571,81,0,361,214,480
Folr2,5,2,1,3,1,9,1,10,0,0,2,0,4
Fosb,823,322,1051,2957,2017,3883,1358,4136,1084,1207,733,1392,184
Fosl2,391,199,382,403,556,492,123,330,115,102,72,330,14
Fpr2,43,56,38,66,60,0,0,2,1,0,3,4,0
Fpr-rs3,0,0,0,0,0,0,0,0,0,0,0,0,0
Fpr-rs4,0,0,0,0,0,0,0,0,0,0,0,0,0
Fpr3,0,0,0,0,0,0,0,0,0,0,0,0,0
Frat1,1,0,4,0,2,16,4,10,4,5,1,4,2
Fxn,1,3,5,5,2,12,1,3,0,0,7,2,3
Fshb,0,0,0,0,0,0,0,0,0,0,0,0,0
Fstl1,30,23,37,43,53,35,8,47,5,2,38,28,9
Dtx1,1,0,0,2,0,5,1,4,0,0,1,0,1
Fzd4,103,158,86,122,135,246,65,193,46,39,159,93,36
Fzd7,99,83,84,76,69,204,53,140,32,36,77,71,21
Fzd8,0,3,5,5,9,13,3,7,3,1,5,2,2
G0s2,3,4,5,5,1,1,2,5,0,0,1,1,1
Ganab,246,210,238,236,274,782,234,682,201,170,328,201,235
G6pdx,51,68,78,95,53,160,84,180,55,77,72,58,57
Slc37a4,12,14,10,27,22,35,16,44,18,12,21,17,13
Gabpa,136,88,64,105,118,292,100,267,79,97,120,103,85
Gabra2,0,0,0,0,0,0,0,0,0,0,0,0,0
Gabra3,0,0,0,0,0,0,0,0,0,0,0,0,0
Gabrb1,0,11,0,1,1,4,3,7,1,0,5,1,0
Gabrb2,0,0,1,0,0,1,0,0,0,0,1,0,0
Gabrd,0,0,1,2,4,2,1,3,1,0,0,0,0
Gabrg2,0,0,0,0,0,0,0,1,0,0,0,0,0
Gabrg3,0,0,0,0,0,2,0,2,0,0,0,0,0
Gabrr1,0,0,0,0,0,0,0,0,0,0,0,0,0
Gabrr2,0,0,0,1,2,1,0,1,2,0,0,0,0
Gad1,1,0,0,0,0,0,0,1,0,0,1,0,0
Gad2,0,0,0,0,0,0,0,0,0,0,0,0,0
Galc,79,54,31,50,58,172,49,117,38,31,73,45,41
B4galnt1,22,12,35,39,19,42,22,55,13,20,8,18,4
B4galnt2,1,1,2,0,0,6,2,4,1,0,1,2,0
Galr1,0,0,0,0,0,0,0,0,0,0,0,0,0
Gap43,0,0,0,0,1,1,0,1,0,0,1,1,0
Gapdh,1,2,2,5,8,21,4,2,6,2,4,6,7
Gapdhs,0,3,1,1,0,3,0,2,0,0,2,0,1
Gas1,4,8,2,3,0,8,2,9,1,1,6,2,0
Gas2,3,1,3,1,0,4,1,5,0,1,1,0,0
Gata1,0,0,0,0,1,0,0,0,0,0,0,0,0
Gata2,2,0,4,1,5,17,7,31,5,8,24,13,3
Gata3,6,0,0,0,0,2,0,1,0,0,0,0,0
Gata4,0,0,0,0,0,0,0,0,0,0,0,0,0
Gata5,1,0,0,0,0,0,0,0,0,0,0,0,0
Gbas,65,99,80,85,80,195,42,151,44,32,100,56,75
Mtpn,285,211,166,299,275,726,206,582,218,236,323,210,208
Gcg,0,0,0,0,0,0,0,0,0,0,0,0,0
Gcgr,0,0,0,0,0,0,0,0,0,0,1,0,0
Gch1,23,17,35,27,53,32,4,25,16,9,18,23,5
Gcm1,0,0,0,0,0,0,0,0,0,0,0,0,0
Gcm2,0,0,0,0,0,0,0,0,0,0,0,0,4
Opn1mw,0,0,0,0,0,0,0,0,0,0,0,0,0
Gdf3,1,0,0,0,0,0,0,0,0,0,1,0,0
Gdf5,1,0,2,6,1,2,1,1,1,0,2,0,0
Gdf9,0,2,4,3,4,9,1,6,2,2,2,1,1
Gdi2,669,451,424,618,641,1924,736,1752,692,788,718,466,634
Arhgdig,0,2,0,0,6,10,1,5,1,0,5,0,3
Gfra2,2,0,5,2,3,4,0,5,5,4,3,5,0
Ggt1,3,2,9,4,1,11,1,5,1,0,7,0,1
Gif,0,2,0,1,1,0,0,0,0,0,0,0,0
Gja4,15,15,56,13,25,4,2,15,5,5,16,22,2
Gja5,4,0,4,1,2,2,9,26,9,6,13,3,3
Gja8,0,0,0,0,0,0,0,0,0,0,0,0,0
Gjb1,0,0,0,0,0,3,0,1,0,0,0,0,0
Gjb2,0,0,0,2,1,3,1,1,0,0,2,0,0
Gjb4,0,0,0,0,0,0,0,0,0,0,0,0,0
Gclm,23,12,17,25,13,66,19,56,14,17,38,13,12
Gli3,0,0,0,2,0,0,0,1,0,0,1,2,0
Glul,2895,915,2479,3579,2837,7753,2437,6959,2558,3082,2529,2888,1450
Glrp1,12,2,4,9,19,23,4,10,2,3,5,9,2
Glud1,149,99,172,151,139,456,125,359,125,136,139,126,59
Glycam1,1,1,0,2,0,0,0,0,0,0,0,0,0
Slc6a9,1,1,8,12,5,12,2,9,1,5,9,2,1
Gnl1,38,12,50,51,100,112,56,97,15,28,26,47,7
Gna14,0,2,3,0,3,0,2,1,1,0,0,3,2
Gnai2,427,212,646,664,685,1320,598,1229,427,435,345,524,159
Gnaq,244,79,109,131,149,500,122,439,134,163,169,154,33
Gnat1,0,0,0,3,0,0,0,3,0,0,0,0,0
Gnat2,1,1,3,0,3,6,1,1,0,0,2,0,1
Gnb2l1,294,242,409,417,616,800,342,741,249,248,269,240,582
Gnrh1,0,0,2,0,0,4,0,2,0,0,1,0,0
Golga3,58,32,54,71,54,158,62,151,56,63,61,59,27
Gp49a,44,31,15,64,41,55,25,64,15,7,6,65,9
Gp5,0,0,0,0,0,0,0,2,0,0,0,0,0
Gpam,15,20,10,29,30,108,20,79,31,9,37,19,15
Gpc4,10,22,14,18,18,43,8,46,7,4,21,13,6
Gpr65,63,41,32,60,68,119,25,95,36,26,21,31,42
Cmklr1,225,53,236,177,175,428,184,546,224,178,138,217,47
Gpi1,66,109,178,109,133,235,112,214,80,60,98,92,96
Gpld1,35,31,17,33,28,107,26,74,20,6,37,28,22
Gpr27,0,0,0,0,0,0,0,0,0,0,0,0,0
Gpr33,2,0,0,0,0,0,0,0,0,0,0,0,0
Gpx1,117,104,262,241,449,325,140,332,134,115,98,185,258
Grb2,169,66,139,196,201,551,139,399,170,168,121,149,70
Grid1,0,0,0,0,0,0,0,0,0,0,0,0,0
Grid2,0,0,0,0,0,0,0,0,0,0,0,0,1
Grik5,2,6,5,7,7,15,3,16,1,1,6,12,1
Grin1,0,0,0,0,0,1,0,0,0,0,0,0,0
Grin2a,0,0,0,0,0,0,0,0,0,0,0,0,0
Grin2b,0,0,0,0,0,0,0,1,0,0,0,0,0
Grin2d,0,0,1,0,0,3,0,1,0,0,0,0,0
Nr3c1,368,182,197,287,264,1100,260,838,313,318,357,227,199
Grm8,7,10,5,6,3,27,3,16,2,0,5,3,2
Grn,1205,362,1316,1163,1029,2918,1142,2731,956,1130,862,946,321
Grpr,0,0,0,0,0,0,0,0,0,0,0,0,0
Gsx1,0,0,0,0,0,0,0,0,0,0,0,0,0
Gspt2,1,2,2,6,5,13,1,10,0,1,5,0,2
Gss,8,15,16,11,20,25,10,34,8,5,10,8,16
Gsta1,0,0,0,0,0,0,0,0,0,0,0,0,0
Gsta2,0,0,0,0,0,0,0,0,0,0,0,0,0
Gstm2,10,14,8,5,6,17,2,16,2,0,6,8,12
Gstm6,0,2,0,0,1,5,2,0,0,0,0,2,2
Gstt1,2,5,20,13,14,19,11,21,1,0,9,8,15
Gtf2h1,83,40,55,93,87,188,48,129,45,62,60,40,26
Gtl3,24,16,20,41,32,94,27,60,30,24,33,24,32
Thumpd3,109,175,63,119,119,296,103,248,77,72,157,77,181
Guca1a,0,0,1,6,0,8,3,3,3,0,4,0,4
Guca2a,0,0,0,0,0,2,0,1,0,0,0,0,0
Guca2b,0,0,0,0,0,0,0,0,0,0,0,0,0
Gucy2e,2,1,1,2,1,2,0,4,0,0,0,0,0
Gzmk,0,0,0,0,0,0,0,0,0,0,0,0,0
H1f0,53,43,70,71,74,167,62,151,37,40,63,49,30
H2-Bl,0,0,0,0,0,0,0,0,0,0,0,0,0
Slc39a7,96,57,136,142,164,372,98,279,88,95,106,93,84
H2-M2,0,0,0,0,0,0,1,4,0,1,0,0,0
H2-M9,0,0,0,0,0,0,0,0,0,0,0,0,0
H2-Oa,21,22,48,29,37,70,20,75,23,14,12,9,43
H2-T24,29,14,15,33,34,71,22,94,29,55,37,34,9
H2-T3,0,0,0,0,0,0,0,0,0,0,0,0,0
Mr1,58,79,28,51,72,130,39,158,44,30,65,33,73
H3f3a,58,64,42,93,98,166,48,115,34,47,47,33,69
H3f3b,1325,833,1074,2865,3044,4155,1117,3411,1088,1331,1109,1194,1200
Hand1,0,0,0,0,0,0,0,0,0,0,0,0,0
Hars,42,35,60,43,51,141,35,111,38,24,43,44,45
Has1,0,0,0,0,1,2,0,0,0,0,0,0,0
Has2,0,1,0,0,1,0,0,0,0,0,1,0,0
Has3,3,1,0,0,0,6,1,3,1,0,4,0,0
Hba-a1,0,7,4,2,4,49,0,20,0,0,15,1,160
Hbb-bh1,0,0,0,0,0,0,0,0,0,0,0,0,0
Hbb-b1,0,5,0,0,5,40,0,17,0,0,13,0,144
Hbb-y,1,1,0,0,0,0,1,2,0,2,1,0,3
Hccs,56,42,39,52,47,135,29,101,28,39,46,21,44
Serpind1,2,0,0,0,0,0,0,0,0,0,0,0,0
Hcfc1,180,74,89,129,198,541,149,482,136,142,160,220,15
Hcls1,266,106,247,337,350,726,243,541,218,247,201,224,87
Hcn2,3,0,4,1,1,5,0,9,2,0,3,0,1
Hcn3,0,0,0,0,0,2,1,8,1,3,1,1,0
Hdac2,68,72,32,59,79,203,43,147,37,46,71,46,67
Hdc,83,65,60,104,60,45,7,18,6,5,5,30,14
Hdgfl1,0,0,0,0,0,0,0,0,0,0,0,0,0
Hdgfrp2,38,19,52,46,65,104,48,118,22,26,35,41,16
Hells,8,5,9,2,4,9,3,12,4,2,11,3,7
Hes1,41,11,32,29,30,117,36,72,36,44,23,40,16
Hes2,0,0,0,1,0,0,0,0,0,0,0,0,0
Hes3,0,0,0,0,0,0,0,0,0,0,0,0,0
Foxn1,0,0,0,0,0,0,0,0,0,0,0,0,0
Foxq1,5,5,17,3,5,9,5,18,5,4,12,6,0
Foxj1,9,6,25,14,12,58,27,55,10,0,16,16,2
Foxd1,0,0,0,0,1,0,0,3,2,0,3,3,0
Mst1,1,0,0,1,0,0,0,2,0,0,2,0,0
Hhex,45,19,19,19,26,305,81,190,76,85,73,56,14
Hiat1,116,108,65,108,134,291,86,241,103,75,135,106,105
Ppap2a,42,56,43,57,38,130,20,120,28,21,65,32,65
Hint1,57,92,37,71,88,145,58,136,47,42,69,49,130
Tfb2m,11,5,3,6,4,16,4,32,7,5,8,4,6
Hlx,21,10,27,14,33,59,21,60,22,20,7,29,3
Hmgn1,92,78,62,117,98,280,60,223,74,77,78,62,73
Hmgb2,13,9,10,34,35,56,15,44,7,22,13,28,8
Hmgb3,2,3,0,1,0,1,0,0,1,0,2,4,1
Hmgcl,35,12,32,59,48,115,37,85,34,35,18,41,35
Hmgcr,62,44,45,78,86,188,58,136,43,42,54,71,34
Hmgcs2,9,6,1,5,13,38,9,51,17,25,31,17,22
Hmx3,0,0,0,0,0,0,0,0,0,0,0,0,0
Hn1,34,22,71,64,96,152,59,126,30,42,39,34,48
Foxa1,0,0,0,0,0,1,0,0,0,0,0,2,0
Foxa3,0,0,0,0,0,0,0,0,0,0,0,0,0
Hnf4a,0,0,0,0,0,0,0,1,0,0,1,0,0
Onecut1,0,0,0,0,0,0,0,0,0,0,0,0,0
Hoxa13,0,0,0,0,0,0,0,0,0,0,0,0,0
Hoxa4,0,0,0,0,0,0,0,0,0,0,0,0,0
Hoxb1,0,0,0,0,0,0,0,0,0,0,0,0,0
Hoxb13,0,0,0,0,0,0,0,0,0,0,0,0,0
Hoxb5,0,0,0,0,0,0,0,0,0,0,0,0,0
Hoxb6,0,0,0,0,0,0,0,0,0,0,0,0,0
Hoxb9,0,0,0,0,0,0,0,0,0,0,0,0,0
Hoxc9,0,0,0,0,0,0,0,0,0,0,0,0,0
Hoxd11,0,0,0,0,0,0,0,0,0,0,0,0,0
Hoxd12,0,0,0,0,0,0,0,0,0,0,0,0,0
Hoxd13,0,0,0,0,0,0,0,0,0,0,0,0,0
Hoxd8,0,0,0,0,0,0,0,0,1,0,0,0,0
Hpd,0,0,0,0,0,0,0,0,0,0,0,1,0
Hpgd,221,143,174,308,260,1569,427,1075,394,457,379,272,484
Map4k1,0,0,3,9,4,15,4,5,0,3,1,0,0
Lipc,2,3,1,2,1,2,0,3,0,3,0,0,0
Hrh1,0,0,0,0,0,0,0,0,0,0,0,0,0
Hrsp12,33,45,17,29,34,83,22,47,10,11,34,18,66
Hsd11b2,1,0,0,0,0,0,0,1,1,0,2,0,3
Hsd17b2,0,0,0,0,0,0,0,0,0,0,0,0,0
Hsd17b3,0,0,0,0,0,0,0,0,0,0,0,0,0
Hsd17b4,129,93,114,137,171,374,140,316,130,103,106,112,111
Hsd3b1,0,0,0,0,0,0,0,0,0,0,0,0,0
Hsd3b5,0,0,0,0,0,0,0,0,0,0,0,0,0
Hsf1,22,16,46,53,51,128,42,109,28,24,38,38,8
Hsf2,25,14,22,37,22,88,17,77,23,21,26,24,8
Dnajb3,0,0,1,0,0,0,0,0,0,1,1,0,0
Hspa4,336,293,273,391,399,918,237,667,257,213,355,196,176
Hsp90ab1,1828,1025,1582,1664,2137,7983,1791,6129,1977,1764,2053,1857,1117
Hspe1,64,29,42,22,42,225,34,140,65,81,79,45,129
Sdc2,58,168,64,118,85,154,50,155,27,4,125,54,97
Hspg2,38,15,92,42,74,128,37,122,15,5,59,79,4
Ndst1,78,56,69,93,107,158,45,126,39,30,56,70,12
Htr1a,0,0,0,0,0,0,0,0,0,0,0,0,0
Htr1d,0,0,0,0,0,0,0,0,0,0,0,1,0
Htr1f,0,0,0,0,0,0,0,0,0,0,0,0,0
Htr2b,4,0,0,0,1,4,1,2,5,1,2,2,0
Htr2c,360,766,313,513,446,1093,277,871,142,3,623,339,357
Htr4,0,0,0,0,0,0,0,0,0,0,0,0,0
Htr5a,0,0,0,0,0,0,0,0,0,0,0,0,0
Htr7,0,0,0,1,1,1,0,0,1,0,0,0,0
Hus1,33,18,16,20,19,54,23,51,15,21,24,14,22
Hyal1,4,8,7,12,13,22,3,21,6,1,17,6,5
Ibsp,0,0,0,0,0,0,0,0,0,0,0,0,0
Icam5,0,1,0,0,1,0,0,1,0,0,0,3,0
Irf8,236,104,328,264,366,1020,370,872,286,316,231,240,129
Id3,16,21,73,63,93,64,26,102,11,15,39,43,58
Idh3g,108,78,128,193,208,361,108,299,96,89,137,85,166
Ido1,0,0,0,0,0,0,0,0,0,0,0,0,1
Idua,62,31,50,65,65,191,54,159,47,70,58,41,24
Irgm1,278,204,138,200,335,165,46,168,36,86,69,71,72
Ifi202b,0,2,0,0,3,0,0,0,0,0,0,0,0
Ifi204,131,70,56,115,126,48,25,60,17,59,16,15,18
Ifi47,211,245,198,214,413,21,10,20,11,13,15,82,31
Ifit1,451,435,238,357,611,21,5,19,12,20,19,33,11
Ifit2,430,297,135,379,619,54,17,35,18,63,26,16,21
Ifna11,0,0,0,0,0,0,0,0,0,0,0,0,0
Ifna7,0,0,0,0,0,0,0,0,0,0,0,0,0
Ifnab,0,0,0,0,0,0,0,0,0,0,0,0,0
Ifngr2,104,59,112,134,152,404,142,347,126,143,112,139,76
Cd79b,17,8,23,16,20,40,14,46,17,20,6,9,25
Igfals,0,0,1,2,0,1,1,0,0,0,1,0,0
Igfbp1,0,0,0,0,2,0,0,0,0,0,0,0,0
Igfbp2,82,255,401,224,199,322,228,392,63,1,196,169,214
Igfbp3,59,18,30,94,107,51,11,58,12,8,64,38,6
Igfbp6,2,0,0,0,7,0,0,2,0,0,0,0,3
Il10ra,788,298,703,942,1022,3211,846,2399,818,986,801,860,383
Il10rb,179,122,127,122,150,501,181,443,154,157,175,119,163
Il12b,15,1,33,12,48,8,1,0,2,1,0,1,1
Il12rb1,1,0,0,0,0,0,0,0,0,1,0,0,2
Il12rb2,11,3,4,3,12,9,4,12,3,2,4,2,1
Il13ra2,0,0,0,0,0,0,0,0,0,0,0,0,0
Il17ra,288,137,262,291,385,700,219,653,179,234,138,260,49
Il18,45,25,22,42,61,96,34,73,42,34,27,22,34
Il1b,398,416,629,611,690,1064,382,883,246,298,143,232,296
Il1r1,234,161,159,198,399,119,32,100,40,27,87,167,62
Il1rap,30,29,17,28,50,71,22,63,17,17,39,20,24
Il2ra,6,4,5,5,5,1,0,4,1,0,5,1,2
Il2rb,10,6,8,17,13,21,4,22,5,3,5,11,1
Il3ra,1,1,2,0,3,2,2,1,0,1,1,0,0
Il5ra,0,0,0,0,0,0,0,0,0,0,0,0,0
Il7r,133,28,47,33,45,103,33,73,42,62,44,35,24
Fabp6,0,0,0,0,0,0,0,0,0,0,0,0,0
Gimap1,8,2,8,9,14,44,7,22,5,10,13,5,6
Lrig1,3,9,12,10,11,22,4,22,2,8,13,10,2
Impact,129,85,65,178,189,482,84,300,91,93,115,118,87
Kpnb1,523,211,294,394,352,1342,350,1057,371,374,414,352,148
Inhba,0,0,0,0,1,1,0,0,0,0,0,0,0
Inhbb,6,2,5,10,9,5,0,1,0,0,1,1,0
Inhbe,0,0,0,0,0,0,0,0,0,0,0,0,0
Inpp1,16,7,5,12,14,36,13,26,10,9,9,13,4
Inpp5b,61,21,16,44,47,162,53,122,36,47,55,46,20
Ins1,0,0,0,0,0,0,0,0,0,0,0,0,0
Eif3e,87,100,51,96,166,267,62,194,46,81,88,49,95
Ipp,13,23,18,17,22,59,10,46,18,19,25,9,24
Irg1,87,99,113,166,136,8,1,14,0,0,1,19,0
Irx3,1,0,0,1,0,0,0,0,0,0,1,1,0
Itga6,311,123,125,244,238,1019,328,814,342,386,352,248,124
Itga7,4,11,4,7,16,16,1,15,4,0,19,17,4
Itgae,15,1,8,8,7,34,9,17,9,6,2,10,9
Itgal,52,37,25,174,43,45,12,40,10,8,7,28,8
Itgav,262,124,137,195,151,570,189,518,181,185,205,178,75
Itgb1bp1,25,21,26,26,31,46,20,56,22,33,27,17,37
Itgb2,411,179,455,475,455,1124,433,942,406,362,298,404,169
Itgb2l,1,1,7,7,4,1,1,0,0,0,4,6,0
Itih1,0,0,0,0,0,0,0,0,0,0,0,0,0
Itih3,0,0,0,0,0,6,0,12,0,1,1,0,0
Stt3a,320,215,239,251,219,760,213,557,198,239,303,213,303
Itm2a,81,126,111,140,289,326,85,289,82,132,453,120,399
Itm2b,2723,1503,2266,2456,2815,6875,2439,5436,2186,2474,2369,1961,2524
Cuzd1,0,3,0,0,0,0,0,2,0,0,0,0,0
Ivl,0,0,0,0,0,0,0,0,0,0,0,0,0
Junb,183,90,662,343,605,579,281,625,165,220,93,354,83
Kcna2,0,1,3,1,1,3,0,6,0,0,1,1,0
Kcna3,2,0,1,8,8,9,2,11,4,3,6,2,1
Kcnb1,3,5,1,8,13,21,3,12,6,2,12,13,0
Kcnc3,1,3,0,3,1,5,2,7,1,0,2,7,0
Kcnd1,19,6,20,17,18,86,23,96,40,38,30,34,9
Kcnj2,84,39,56,67,117,483,92,258,97,103,118,106,66
Kcnj3,0,0,0,0,0,0,0,0,0,0,0,0,0
Kcnj4,0,0,0,0,0,0,0,1,0,0,0,0,0
Kcnj8,8,4,6,2,8,4,0,10,0,0,1,3,1
Kcnj9,2,0,2,2,3,5,2,5,1,0,0,0,0
Kcnk4,0,0,0,0,1,2,0,1,0,0,0,0,0
Kcnu1,0,0,0,0,0,0,0,0,0,0,0,2,0
Kcns1,0,0,0,0,0,3,0,1,0,0,0,0,0
Napsa,15,2,23,9,19,8,8,12,2,5,1,9,8
Kera,0,0,0,0,0,0,0,0,0,0,0,0,0
Khk,11,15,30,38,42,72,37,56,14,24,18,18,17
Kif2a,74,41,37,58,64,149,46,117,48,44,44,48,21
Kif3a,46,34,30,53,28,132,29,97,32,18,61,36,27
Kif3b,127,81,80,123,131,318,67,225,70,70,108,93,33
Kif3c,13,14,32,18,17,65,22,79,26,29,28,29,11
Kif4,4,2,8,7,7,6,1,9,0,3,2,3,1
Kif5b,280,290,209,339,341,754,194,671,221,155,327,218,125
Kif5c,5,10,4,6,7,16,5,19,3,0,5,8,1
Klc1,36,23,46,56,67,141,53,111,33,26,60,43,22
Klc2,14,3,12,25,16,64,20,66,13,20,13,14,0
Klf2,525,159,439,510,499,1138,440,1169,403,461,301,518,98
Klf3,139,41,81,100,114,341,94,300,91,98,102,94,19
Klk1b16,0,0,0,0,0,0,0,0,0,0,0,0,0
Klkb1,4,2,0,0,2,5,2,2,2,0,3,1,1
Klk1b5,0,0,0,0,0,1,0,0,0,0,0,0,0
Klk1b8,0,0,0,0,0,0,0,0,0,0,0,0,0
Serpina3c,0,0,0,0,1,0,0,0,0,0,0,0,0
Klra10,0,0,0,0,0,0,0,0,0,0,0,0,0
Klra5,0,0,0,0,0,0,0,0,0,3,0,0,0
Klra6,0,0,0,0,0,0,0,0,0,0,0,0,0
Kpna1,122,104,79,156,162,404,85,323,109,98,148,89,127
Kpna3,182,119,90,132,143,520,161,377,152,182,189,106,118
Kpna4,225,158,116,251,255,678,128,458,145,169,183,132,90
Kpna6,94,72,67,102,100,327,115,252,79,66,122,76,47
Krt15,0,0,0,0,0,5,0,3,0,0,0,0,0
Krt16,0,0,0,0,0,0,0,0,0,0,0,0,0
Krt19,0,0,0,0,0,0,0,0,0,0,0,0,0
Krt84,0,0,0,0,0,0,0,0,0,0,0,0,0
Krt6a,0,0,0,0,0,0,0,0,0,0,0,0,0
Ktn1,200,111,90,143,147,438,124,398,109,115,197,127,60
L1cam,2,1,1,0,5,8,0,5,1,0,1,4,0
Lag3,215,64,209,199,256,647,304,466,174,242,141,204,41
Lama1,0,1,1,0,0,5,1,4,0,0,3,0,1
Lama2,8,13,6,14,11,21,0,30,2,3,23,12,4
Lamb1,53,104,80,135,87,169,66,184,24,3,100,66,29
Lamb2,38,24,129,63,129,117,48,123,45,39,81,117,23
Lamb3,0,0,0,0,0,0,0,0,0,0,0,0,0
Lamc2,5,4,9,1,11,2,1,0,0,0,1,5,0
Anpep,2,2,0,2,5,15,2,13,1,10,12,1,0
Lbp,95,189,161,235,188,313,103,281,52,4,161,126,101
Lcat,2,1,12,0,5,2,4,3,2,3,8,1,5
Lcn2,1038,1174,1408,1291,3650,5,2,15,11,9,17,501,35
Ldhb,192,327,271,264,385,725,257,595,190,170,332,186,436
Lfng,78,26,150,120,196,170,57,128,45,33,30,57,33
Lgals1,15,53,60,45,79,81,27,95,17,3,46,32,109
Lgals7,0,0,0,0,0,0,0,0,0,0,0,0,0
Lhb,1,0,8,0,1,0,1,3,0,0,1,1,3
Lhx1,1,0,0,0,0,0,0,0,0,1,0,0,0
Lhx5,0,0,0,0,0,0,0,0,0,0,0,0,0
Gzmm,0,7,0,3,1,5,1,6,0,0,2,0,1
Mycl1,125,30,88,65,52,62,31,71,37,48,28,55,6
Sh2b3,118,23,93,127,133,293,98,294,93,113,65,139,13
Lor,0,0,0,0,0,0,0,1,0,0,0,0,0
Lpl,57,39,37,66,52,207,49,134,36,32,47,32,14
Xcl1,6,3,3,6,12,7,1,3,1,0,2,2,12
Lrmp,45,23,29,73,75,124,47,115,39,55,33,46,56
Lrp1,1162,322,1087,969,1187,3711,1324,3293,915,1033,826,1611,108
Lrp5,92,31,100,126,137,371,148,293,100,85,84,136,11
Lrp6,306,239,118,278,298,886,239,679,233,164,349,222,124
Lrrn1,3,10,5,21,2,9,5,13,2,1,11,2,3
Lta4h,60,32,41,70,91,193,63,165,42,51,71,51,57
Ltb4r1,2,0,1,1,2,3,0,2,0,0,0,0,3
Ltbp3,28,42,47,59,54,108,31,114,23,5,58,50,4
Ltc4s,26,20,83,41,70,81,38,74,25,18,30,52,75
Ltf,33,5,45,19,55,10,1,15,4,2,32,25,9
Ltk,0,2,0,1,1,2,0,4,0,0,0,2,1
Lum,2,2,4,17,5,9,0,3,2,0,3,1,16
Alad,7,11,11,9,14,17,12,15,2,4,10,14,2
Blnk,135,53,152,165,165,645,198,441,177,183,147,177,69
Ly6f,0,0,0,0,0,0,0,0,0,0,0,0,0
Epcam,0,0,0,1,2,1,1,1,1,0,1,0,2
Cd180,218,113,177,210,199,1303,275,638,242,327,297,221,160
Ly9,32,32,29,41,35,70,19,61,32,23,17,13,19
Lyl1,32,22,90,49,75,162,78,128,43,50,37,70,20
Tm4sf1,312,434,395,372,899,179,37,155,62,70,154,247,176
Amacr,7,10,2,9,8,23,5,22,5,4,3,4,11
Marcks,991,318,626,603,518,2711,909,2292,963,1040,967,635,296
Smad1,53,33,39,94,103,179,40,127,45,55,54,51,18
Smad4,128,49,80,96,132,292,62,209,84,94,93,89,29
Smad6,3,4,4,5,4,13,8,17,4,1,12,5,0
Mageb3,0,0,0,0,0,0,0,0,0,0,0,0,0
Man2a1,129,67,50,68,69,148,72,163,66,37,85,62,10
Man2b2,142,54,193,135,146,391,205,332,119,119,86,174,49
Mapkapk2,253,103,254,493,472,783,207,486,150,166,141,202,33
Mas1,0,0,0,0,0,2,0,1,0,0,0,0,0
Ascl1,0,0,0,0,0,0,0,1,0,0,0,0,0
Ascl2,0,2,2,0,0,1,2,1,0,1,0,0,0
Masp1,1,0,2,0,4,7,1,9,5,0,1,1,0
Fxyd3,3,0,2,0,0,5,1,2,3,1,0,1,0
Mc1r,0,0,0,0,0,0,0,1,0,0,0,0,0
Mc2r,0,0,0,0,0,0,0,0,0,0,0,0,0
Mc3r,2,0,4,0,5,9,2,6,0,0,6,2,0
Mcl1,1697,722,1017,2056,1949,4003,950,2776,940,1218,881,1195,311
Mcm3,50,17,44,65,59,142,56,132,47,33,26,46,19
Mcm2,6,5,7,14,12,40,9,22,5,3,19,4,3
Mcm4,40,26,52,20,26,58,17,54,16,25,20,24,17
Mcm5,12,5,14,15,18,22,16,29,8,15,6,10,11
Mcm6,32,13,14,33,30,62,25,62,14,16,25,13,34
Mcm7,7,10,6,5,14,8,8,24,12,7,6,9,5
Anapc1,190,87,114,138,150,586,145,407,128,135,216,150,100
Mcpt1,0,0,0,0,0,0,0,0,0,0,0,0,0
Mcpt2,0,0,0,0,0,0,0,0,0,0,0,0,0
Mcpt8,0,0,4,0,0,0,0,0,0,0,0,1,0
Smcp,0,0,0,0,0,0,0,0,0,0,0,0,0
Mdm4,180,96,56,117,162,534,99,374,178,142,140,170,87
Abcc1,93,84,64,109,120,224,74,157,65,51,78,95,43
Meig1,1,2,0,0,1,7,3,6,3,0,2,2,5
Map3k5,115,44,82,94,86,272,78,226,55,68,116,96,21
Meox2,0,0,0,0,0,0,0,0,0,0,0,0,1
Mep1a,0,0,3,0,0,0,0,0,0,0,0,0,0
Mep1b,0,0,0,0,0,0,0,0,0,0,0,0,0
Mertk,1056,325,581,800,860,2999,745,2177,812,964,763,902,311
Mesp1,0,0,0,0,0,0,0,0,0,0,0,0,0
Mesp2,0,0,0,0,0,0,0,0,0,0,0,0,0
Mest,90,138,79,92,71,203,44,146,33,6,111,52,65
Foxc1,11,10,23,12,17,12,2,41,10,8,22,9,9
Foxd2,2,0,0,0,0,1,0,0,3,1,0,0,0
Mfng,64,16,90,78,105,221,85,220,67,93,55,75,42
Sypl2,0,0,0,0,0,0,0,0,0,0,0,0,0
Mgp,268,167,278,208,674,77,64,225,110,71,223,316,302
Mgmt,1,2,3,9,5,9,4,3,3,1,0,2,4
Cxcl9,57,27,55,64,101,6,3,1,2,5,0,4,1
Mme,2,10,3,4,11,25,7,12,2,0,12,4,11
Mmp12,3,4,0,5,0,12,8,7,8,4,4,7,4
Mmp11,6,5,3,1,1,15,2,16,2,4,2,3,2
Mmp13,99,17,30,34,86,12,3,37,2,0,2,6,5
Mmp14,71,27,81,74,73,126,40,140,27,36,36,55,11
Mmp15,22,32,33,40,37,95,23,85,17,6,53,37,9
Mmp8,43,28,52,53,21,3,1,12,0,1,2,27,6
Mnat1,18,9,9,15,22,59,17,41,16,11,14,10,12
Mns1,4,7,0,9,4,22,6,19,2,3,6,6,8
Mdh2,66,89,139,160,142,256,108,223,81,45,109,93,150
Mdh1,268,828,367,503,591,1100,437,940,250,136,594,279,951
Gbp4,155,179,78,131,411,41,7,31,15,9,31,73,14
Mpp1,50,51,49,51,51,154,38,130,49,55,56,50,54
Mpv17,54,30,36,57,64,145,40,140,40,32,45,14,52
Mras,104,25,57,66,85,103,46,137,37,62,39,65,10
Mrc1,198,91,56,85,94,305,128,361,132,76,172,124,128
Mrc2,71,16,74,88,93,205,58,183,69,53,39,60,5
Meis3,27,7,17,32,28,110,27,71,22,23,10,33,6
Msh2,49,30,31,25,41,119,43,83,32,38,51,20,29
Msi1,8,6,10,5,5,16,4,9,3,0,4,5,0
Mt2,146,163,614,335,1416,63,16,40,7,12,8,185,18
Mt4,0,0,0,0,0,0,0,0,0,0,0,0,0
Mtap1b,96,60,51,114,66,228,34,207,37,8,104,72,8
Mtf1,37,46,35,46,59,148,33,129,39,29,57,63,24
Mthfd2,8,10,13,13,23,32,8,22,15,8,9,16,9
Mtnr1a,0,0,0,0,0,0,0,0,0,0,0,0,0
Laptm4a,682,704,553,742,863,1540,513,1388,493,478,678,450,987
Prol1,0,0,0,0,0,0,0,0,0,0,0,0,0
Mug1,0,0,0,0,0,0,0,0,0,0,0,0,0
Mug2,0,0,0,0,0,0,0,0,0,0,0,0,0
Mup4,0,0,0,0,0,0,0,0,0,0,0,0,0
Mup5,0,0,0,0,0,0,0,0,0,0,0,0,0
Mut,80,175,93,146,139,322,79,247,59,34,153,52,175
Mybl1,0,1,0,1,4,1,2,8,1,5,3,0,3
Mybl2,0,0,0,1,1,5,1,2,0,0,0,1,1
Mybpc3,2,1,3,6,13,28,5,18,5,5,3,9,0
Ppp1r15a,615,189,624,689,743,1692,507,1449,419,480,413,640,128
Gadd45b,106,31,128,115,165,133,37,95,21,26,30,64,18
Myf5,0,1,0,0,0,0,0,0,0,0,0,0,0
Myf6,0,0,0,0,0,0,0,0,0,0,0,0,0
Myo7a,131,85,185,175,182,507,147,457,140,119,136,188,40
Myom2,0,0,0,0,0,0,0,0,0,0,0,0,0
Nab1,75,64,46,97,131,191,51,149,42,42,68,59,23
Naga,86,60,113,108,112,254,101,263,88,81,59,87,67
Naip1,0,0,0,2,1,5,3,3,1,0,0,1,1
Nap1l2,0,10,0,2,4,18,2,4,2,0,4,4,4
Nap1l4,104,81,141,135,160,320,105,221,75,77,127,82,96
Nat3,0,0,0,0,0,0,0,0,0,0,0,0,0
Nbl1,4,0,6,9,11,21,7,11,1,5,13,14,0
Nbr1,225,184,196,253,246,711,198,632,221,209,283,182,142
Ncf4,28,11,56,65,60,100,44,93,30,41,23,56,33
Ncoa3,282,85,193,275,306,1017,239,803,263,267,223,311,72
Ndrg1,116,123,181,285,205,109,43,113,52,40,180,90,37
Nedd1,26,20,16,17,31,58,23,70,21,32,31,21,17
Nedd8,51,66,50,76,85,169,52,162,46,42,63,29,136
Nfic,46,29,79,87,92,291,118,223,67,71,70,83,9
Nfkb1,296,118,329,381,376,724,253,582,239,233,155,247,63
Nfkbie,49,13,95,90,88,197,53,112,37,32,22,56,8
Nefm,0,1,0,0,0,0,0,0,0,0,0,0,0
Klk1b3,0,0,0,0,0,0,0,0,0,0,0,0,0
Ngp,95,29,77,57,94,7,3,22,13,6,39,74,11
Nid2,66,52,84,83,78,204,73,173,40,25,78,73,29
Map4k4,375,158,275,495,484,1213,254,811,288,295,316,343,78
Nipsnap1,2,10,8,15,9,12,5,23,3,2,13,5,4
Nkx2-3,0,0,0,0,0,0,0,0,0,0,0,0,0
Nkx2-5,0,0,0,0,0,0,0,0,0,0,0,0,0
Nkx2-9,0,0,0,0,0,0,0,0,0,0,0,0,0
Nlk,68,20,35,42,22,88,38,83,37,32,50,37,15
Nmbr,0,0,0,0,0,0,0,0,0,0,1,0,0
Nme1,32,50,12,49,63,86,24,93,17,19,41,19,74
Nqo1,16,45,12,36,40,64,19,45,8,0,48,13,45
Nmt1,223,163,203,304,360,784,200,542,179,209,210,192,170
Nmt2,27,15,9,13,25,66,8,54,16,14,20,23,11
Mycn,0,2,0,0,2,0,0,1,1,0,0,0,0
Nnt,101,87,98,121,113,331,105,314,108,109,146,93,72
Nog,0,0,0,0,0,0,0,0,0,0,0,0,0
Nos1,16,4,3,2,11,4,3,3,10,4,4,16,0
Nos3,15,6,65,40,39,45,19,94,34,25,41,67,10
Notch1,157,52,221,206,313,362,134,303,77,107,90,173,11
Ints6,57,17,52,55,55,255,29,126,33,33,40,40,12
Notch3,8,6,16,12,41,35,5,41,8,5,29,45,1
Zfml,288,205,117,216,252,731,187,585,255,281,222,257,154
Npas1,0,0,0,0,0,2,0,0,0,0,2,1,0
Npas2,4,6,0,13,7,13,9,7,2,2,7,4,0
Npc1,325,84,158,179,138,755,233,616,252,244,252,204,114
Npdc1,7,12,14,11,20,34,12,26,4,3,7,15,13
Npm1,72,88,53,100,88,210,61,161,67,75,89,44,96
Npm3,1,3,0,3,5,13,0,0,4,1,0,2,8
Nppa,0,0,0,2,0,0,0,0,0,0,2,0,0
Nppb,0,0,0,0,0,0,0,0,0,0,0,0,0
Npr1,16,17,34,34,27,59,19,65,12,5,28,24,2
Ctnnd2,15,1,8,4,8,29,15,27,16,13,10,5,1
Nptx1,2,0,0,3,2,8,3,8,2,0,0,2,0
Npy2r,0,0,0,0,0,0,0,0,0,0,0,0,0
Nrap,1,2,0,3,5,5,1,8,0,0,1,4,0
Nrp1,181,132,167,151,154,719,176,578,181,162,363,161,103
Nrtn,0,0,0,0,0,0,0,0,0,0,0,0,0
Nsd1,338,148,151,216,261,1062,263,739,281,251,300,279,88
Nsf,60,55,44,78,69,181,64,160,49,55,61,53,35
Nsg2,107,229,188,185,161,391,169,335,61,2,203,126,179
Nthl1,1,1,0,1,7,4,4,13,1,0,7,2,4
Ntn1,27,7,26,15,50,14,6,28,15,6,29,28,1
Ntrk2,225,468,230,471,265,788,221,655,101,6,381,204,189
Ntsr2,0,0,0,0,0,4,0,7,0,0,2,0,0
Dusp8,70,17,57,101,105,237,62,173,48,49,30,87,3
Nxn,17,31,55,49,49,71,37,83,23,11,31,44,22
Nxph1,0,0,0,0,0,0,0,0,0,0,0,0,0
Nxph2,0,0,0,0,0,0,0,0,0,0,0,0,0
Oaz1,11,9,13,14,26,47,13,55,13,11,14,14,17
Obp1a,0,0,0,0,0,0,0,0,0,0,0,0,0
Ocln,41,70,24,54,67,177,51,144,45,19,125,41,92
Odf1,0,0,0,0,0,0,0,0,0,0,0,0,0
Sebox,0,1,0,2,0,1,0,0,0,1,2,1,0
Ogn,45,127,56,73,71,108,35,158,16,1,113,36,73
Tnfrsf11b,0,0,0,0,0,1,0,2,0,0,2,0,0
Orc2,47,54,30,31,48,124,31,87,35,44,53,29,24
Slc22a6,0,0,1,0,0,1,0,0,0,0,0,1,1
Orm1,0,3,1,1,4,0,1,0,0,0,0,1,0
Otc,0,0,0,0,0,2,0,0,0,0,0,0,0
Cldn11,1,0,4,0,3,26,0,9,0,0,5,0,4
P2rx1,14,7,15,14,18,35,12,23,4,7,9,9,7
P2ry2,3,2,8,13,15,4,0,6,3,1,2,6,2
Pabpc1,383,173,280,408,379,959,288,718,218,271,229,202,80
Pafah1b2,157,96,73,130,101,333,92,275,113,82,144,88,157
Pafah1b3,5,7,7,14,11,27,13,27,7,5,4,3,13
Pah,0,0,0,0,0,0,0,0,0,0,0,0,0
Cntn3,0,0,0,1,0,3,0,0,0,0,0,0,1
Pax1,0,0,0,0,0,0,0,0,0,0,0,0,0
Pax5,1,0,0,0,0,0,1,0,0,0,0,0,0
Igbp1,77,63,50,92,94,195,69,145,55,49,62,50,98
Pcmt1,59,64,59,73,89,230,60,159,63,49,79,36,77
Pcnt,42,15,36,36,49,123,38,114,46,35,51,51,3
Pcolce,44,90,111,104,113,146,54,138,20,2,85,61,54
Pcp2,0,1,0,0,0,1,1,1,0,0,2,1,0
Pcsk2,11,52,27,49,36,102,17,67,9,0,48,25,21
Pcsk4,0,0,0,0,0,0,0,1,0,1,0,0,0
Pcsk7,45,22,52,47,63,152,43,104,27,35,44,50,21
Cdk18,6,0,4,2,2,10,2,8,3,3,4,2,3
Pctp,9,8,22,11,22,50,15,57,14,23,20,17,13
Pde1b,81,32,76,109,147,310,55,197,64,56,53,120,14
Pde6d,19,13,29,8,17,34,18,65,8,10,24,24,33
Pde8a,11,8,17,14,9,41,13,15,12,4,16,20,2
Pde6b,0,0,0,0,0,1,1,5,0,1,0,0,2
Pdgfa,10,15,20,20,22,69,14,42,14,14,11,17,3
Pdha1,152,163,134,219,223,401,125,336,87,80,179,116,170
Pdha2,0,0,0,0,0,0,0,0,0,0,0,0,0
Padi2,89,33,102,89,68,285,119,295,103,108,99,98,9
Enpp1,13,7,12,14,12,45,15,33,18,18,15,10,7
Pdx1,0,0,0,0,0,0,0,0,0,0,0,0,0
Etv4,1,0,0,0,1,0,0,1,0,0,2,0,0
Pecam1,207,81,207,165,275,327,128,391,149,111,345,202,162
Peg3,42,110,33,87,77,205,53,164,25,1,102,55,46
Pemt,2,2,0,1,0,2,0,1,0,0,2,0,0
Pepd,45,47,78,84,73,146,47,122,44,42,57,38,63
Pet2,0,0,0,0,0,0,0,0,0,0,0,0,0
Pex7,37,24,24,35,35,89,18,70,30,29,19,20,31
Cfp,7,2,9,8,9,7,5,13,4,4,1,11,4
Pfkfb1,2,0,0,0,0,6,0,4,1,0,0,2,2
Pfkfb2,75,61,34,31,46,175,51,157,48,29,70,58,21
Pfkl,63,48,134,78,111,211,97,188,53,53,63,78,61
Pgf,2,0,0,5,5,0,0,2,1,0,2,0,1
Pgk1,26,26,27,25,24,51,30,48,14,15,30,20,48
Abcb4,50,18,36,42,41,193,45,116,58,38,67,31,26
Phka1,44,22,27,48,51,110,30,106,38,31,37,31,17
Pigf,33,23,28,38,27,98,33,79,40,30,40,30,40
Pik3ca,107,68,44,84,83,275,78,231,84,95,125,77,56
Pik3r2,25,5,32,21,32,94,32,82,27,17,34,28,8
Pim1,115,59,132,255,274,213,54,158,48,48,21,70,10
Pip5k1c,54,23,76,93,117,293,97,246,66,79,68,113,11
Pip4k2a,535,174,304,424,413,1423,448,1098,410,503,430,354,227
Pip5k1b,34,76,66,79,70,141,51,129,19,3,91,40,47
Pip5k1a,35,15,34,34,38,100,34,67,21,17,35,20,25
Pira6,0,1,1,3,1,6,1,2,0,0,0,1,0
Pou1f1,0,0,0,0,0,0,0,0,0,0,0,0,0
Pitpna,221,166,177,213,245,521,144,435,159,127,228,147,120
Pitx3,0,0,0,0,0,0,0,0,0,0,0,0,0
Prkaca,54,36,43,63,60,187,88,158,38,32,76,45,23
Prkcb,224,93,95,321,193,606,181,449,212,217,177,148,40
Prkch,53,30,19,82,61,150,27,79,16,54,45,37,9
Prkci,45,28,30,38,44,153,38,99,42,33,57,39,28
Prkd1,5,2,1,5,5,8,0,6,0,2,9,2,0
Prkcq,34,87,46,73,60,191,63,157,19,3,94,43,37
Pkd2,71,60,33,75,62,184,47,197,49,26,112,55,15
Pkia,11,6,8,4,14,15,2,18,4,1,10,11,16
Prl3b1,0,0,0,0,0,0,0,0,0,0,0,0,0
Lypla1,75,84,57,89,110,205,73,200,67,59,94,55,87
Pla2r1,3,3,0,0,1,8,1,10,1,0,2,4,2
Pla2g2c,1,0,2,0,0,0,0,3,0,0,1,0,1
Pla2g4a,149,92,74,143,219,365,98,285,140,134,112,107,117
Serpine1,413,125,456,693,515,833,240,654,242,280,161,433,57
Plat,176,56,198,158,258,70,17,86,38,38,74,101,41
Plau,140,76,126,255,221,1432,347,879,249,322,232,247,145
Plcb3,75,27,56,65,88,201,89,162,40,50,49,69,14
Pld1,230,101,142,198,219,770,200,604,212,279,230,215,77
Pld2,38,14,30,36,67,145,53,134,41,30,53,55,23
Plg,0,0,0,0,0,0,0,0,0,0,0,0,0
Serpinf2,0,0,0,0,4,11,2,7,2,0,1,5,0
Plxna1,19,18,9,30,21,64,28,52,15,4,23,36,4
Plxna2,185,96,106,132,185,65,20,87,37,13,75,105,5
Plxna3,13,5,8,4,9,65,13,33,9,10,8,18,6
Pml,66,26,76,46,87,89,37,85,23,13,32,34,3
Pmp22,368,176,311,439,512,1292,294,779,277,318,283,325,255
Pms2,11,5,7,9,8,36,11,23,11,1,20,11,12
Phox2a,2,0,0,2,0,4,1,1,2,1,0,0,0
Phox2b,0,0,0,0,0,0,0,0,0,0,0,0,0
Ppp1r14b,1,0,11,9,14,19,7,20,7,5,6,10,11
Pnmt,0,0,0,0,0,0,0,0,0,0,0,0,0
Pnn,64,69,61,67,78,208,65,189,60,33,90,90,43
Pola1,17,23,13,6,10,28,17,33,10,4,16,4,17
Pola2,12,2,11,5,16,40,19,33,7,18,13,17,11
Pold2,8,2,12,8,13,19,10,16,10,11,9,7,5
Pomc,0,0,0,0,0,6,0,1,0,0,1,0,1
Por,40,34,87,63,97,145,52,90,13,24,42,47,11
Pou3f2,0,0,0,1,0,3,0,3,1,0,0,0,1
Pou3f3,0,0,0,0,0,1,0,3,2,0,0,0,0
Pou3f4,0,0,0,0,0,0,0,0,0,0,0,0,0
Ppargc1a,21,43,24,36,29,48,18,45,19,0,43,25,15
Ppfibp2,41,69,52,66,76,190,59,128,32,35,80,67,38
Ctsa,757,359,1066,919,1165,2415,917,1952,712,779,747,775,579
Ppia,2,0,4,4,6,14,1,3,1,1,0,0,1
Ppic,14,9,2,8,15,18,4,22,3,3,11,10,13
Ppl,2,0,0,2,0,4,0,5,2,1,1,5,1
Ppm1a,69,55,44,96,115,253,86,180,55,63,69,64,43
Ppox,38,11,44,47,82,160,44,103,31,23,45,49,15
Ppp3ca,99,40,43,119,97,362,96,230,93,108,106,69,35
Ppp3cb,129,78,77,134,148,361,104,253,108,87,113,120,82
Ppp3cc,15,11,12,19,15,34,9,28,12,3,19,7,7
Inpp5k,92,45,88,95,97,210,74,178,63,69,87,66,49
Ppt1,402,266,248,311,356,894,294,752,283,277,309,254,265
Ppy,0,0,0,0,0,0,0,0,0,0,0,0,0
Ppyr1,0,0,0,0,0,0,0,0,0,0,0,0,0
Prg2,0,0,0,1,1,0,0,2,0,0,0,3,0
Prim1,7,4,3,11,9,21,2,15,9,9,8,4,12
Prim2,12,10,5,18,25,42,14,30,11,13,13,8,18
Prkar1b,10,1,2,9,6,30,2,14,6,3,5,3,6
Prkar2a,44,33,23,56,45,167,44,114,43,44,73,63,20
Prkcsh,75,46,128,97,114,225,99,224,57,79,83,73,50
Prkg2,0,0,0,0,0,0,0,0,0,0,0,0,0
Map2k1,150,86,108,144,192,508,174,431,149,206,160,133,76
Map2k3,98,59,130,195,271,268,69,178,51,60,43,94,21
Dnajc3,326,312,205,360,339,890,254,862,248,180,458,250,261
Prm2,0,0,0,0,0,0,0,0,0,0,0,0,0
Prop1,0,0,0,0,0,0,0,0,0,0,0,0,0
Prox1,12,4,8,25,20,98,12,64,20,29,8,28,2
Prph2,0,0,0,0,0,1,0,0,0,0,0,0,0
Prss12,0,0,0,0,0,0,0,0,0,0,1,0,0
Klk8,10,10,33,36,39,66,21,64,19,34,13,29,21
Tmprss15,0,0,0,0,0,0,0,0,0,0,0,0,0
Npepps,104,109,85,138,122,421,127,307,119,95,150,112,47
Psen1,194,72,137,157,153,417,162,379,119,164,149,127,87
Psma2,97,76,72,103,123,198,77,181,64,63,91,44,149
Psmb4,77,97,108,147,194,271,95,186,48,54,85,75,155
Psmb6,35,48,83,89,141,164,69,140,40,40,41,31,132
Psmc1,70,43,56,79,90,165,60,145,45,58,65,51,42
Psmc3,80,102,130,141,160,275,132,276,90,67,107,77,133
Psmc3ip,5,2,0,4,7,12,3,6,5,3,1,7,4
Psmc5,77,67,61,97,131,189,68,148,64,36,78,62,128
Psmd4,42,50,90,88,101,149,59,170,44,48,70,62,74
Pipox,0,3,0,0,0,0,1,2,1,0,1,0,0
Bpifa2e,0,0,0,0,0,0,0,0,0,0,0,0,0
Pspn,0,0,0,0,0,0,0,1,0,0,1,0,1
Rhox6,0,0,0,0,0,0,0,0,0,0,0,0,0
Ptch1,20,17,10,36,41,60,17,57,16,12,41,28,7
Ptch2,0,0,0,1,0,0,1,0,0,0,0,1,0
Ptdss1,95,54,73,82,77,235,60,190,69,83,108,62,74
Pten,519,184,230,349,317,722,174,669,276,329,262,309,83
Pter,17,12,19,7,19,33,3,33,7,7,14,9,8
Ptgdr,0,1,0,0,0,0,0,0,0,0,0,0,1
Ptgds,104,186,171,274,292,434,202,424,54,11,215,159,366
Ptger2,2,0,2,2,1,4,0,1,3,0,0,0,1
Ptgir,2,0,5,1,4,2,0,0,0,0,1,1,0
Ptgis,14,8,25,10,17,14,6,22,6,1,10,12,7
Ptgs1,926,352,722,793,868,2124,636,1683,617,678,572,580,382
Pthlh,1,1,3,3,3,4,2,6,1,1,2,0,2
Twf1,83,69,50,111,103,206,61,168,65,46,87,57,78
Ptma,148,76,120,154,187,371,103,284,104,99,116,111,115
Ptn,23,24,40,42,84,76,15,68,17,22,57,27,67
Ptpn14,73,43,74,53,93,127,36,127,31,38,91,73,8
Ptpn20,0,0,0,0,0,1,0,0,0,0,0,0,0
Ptpn22,6,4,10,7,5,25,7,16,3,5,9,6,7
Ptprg,110,84,79,92,136,184,46,169,61,61,176,124,28
Ptprj,549,172,243,458,371,821,218,654,263,330,220,259,54
Ptprk,45,89,40,70,66,127,18,92,20,4,75,48,29
Ptprm,129,58,113,128,131,282,101,294,93,79,169,128,35
Ptprn,0,1,0,0,3,0,0,1,1,0,0,0,0
Ptrf,59,27,55,54,57,106,47,152,48,35,148,74,19
Ptx3,7,4,1,4,6,0,0,0,0,0,0,0,0
Igdcc3,0,0,0,0,0,0,0,1,0,1,0,0,0
Pura,14,4,2,12,20,15,10,25,11,4,14,11,11
Abcd3,131,113,89,166,134,373,137,368,109,93,177,124,117
Abcd4,20,12,10,24,31,47,14,31,10,14,13,15,4
Pxmp2,1,0,1,0,1,1,1,3,0,1,0,0,1
Pex5,29,13,39,45,38,135,37,97,30,29,32,45,19
Rab1,404,347,338,512,491,1328,306,839,304,287,389,269,292
Rab11b,75,38,76,84,82,201,46,155,54,45,69,67,22
Rab24,32,18,29,46,51,154,44,123,41,20,44,40,32
Rab4a,9,4,14,13,6,29,6,25,11,9,12,7,17
Rab7,41,25,69,62,41,145,30,82,32,17,30,42,23
Map4k2,36,14,55,46,57,171,46,161,53,30,48,78,12
Rac1,555,310,512,641,614,1604,523,1275,481,470,561,462,352
Rac2,90,43,176,168,157,237,91,198,56,85,52,98,60
Rad21,220,142,149,200,175,549,171,467,159,171,236,155,113
Rad23a,25,14,53,52,48,111,46,94,25,38,43,40,16
Rad23b,162,119,119,168,200,415,124,310,102,125,157,92,76
Rad50,41,20,23,58,32,133,33,80,19,41,43,28,24
Rad51ap1,3,0,0,3,0,4,1,6,1,8,2,0,4
Rad51l1,1,2,0,2,0,5,1,4,2,0,2,1,2
Raet1a,0,0,0,0,1,0,0,0,0,0,0,0,0
Raet1b,0,0,0,0,1,0,0,0,0,0,0,0,0
Raet1c,0,0,0,0,0,0,0,0,0,0,0,0,0
Rag1,0,0,0,0,1,0,0,0,0,0,0,0,0
Rag2,0,0,0,0,0,0,0,0,0,0,0,0,0
Aldh1a2,0,0,0,0,0,4,0,0,0,1,0,0,0
Rapsn,2,2,2,7,9,7,0,3,2,0,3,5,8
Rasa3,123,65,107,130,120,443,146,321,124,154,131,151,54
Rasd1,14,6,22,40,42,19,5,13,8,16,23,35,6
Rasgrf2,20,3,23,15,12,40,14,23,14,15,17,10,8
Rasl2-9-ps,3,1,1,3,0,8,7,5,1,1,2,0,2
Rb1,154,72,86,129,103,413,128,354,113,130,123,111,62
Rbbp4,227,138,147,175,229,643,198,512,171,231,202,149,175
Rbbp7,81,69,61,120,104,262,75,195,58,63,119,58,90
Rbm4,13,20,12,7,23,45,15,28,4,5,9,17,18
Rbp2,0,3,0,0,1,5,1,3,0,0,0,0,1
Rbpjl,0,0,0,0,0,3,0,1,0,0,1,0,1
Rcn1,22,38,19,45,41,88,27,56,18,9,28,28,22
Rcvrn,0,0,0,0,0,0,0,0,0,0,0,0,0
Rdh16,0,0,0,0,0,0,0,0,0,0,0,0,0
Reg1,0,0,0,0,0,0,0,0,0,0,0,0,0
Reg2,0,0,0,0,0,0,0,0,0,0,0,0,0
Rela,178,44,265,325,355,500,168,395,104,127,79,204,35
Relb,49,18,56,109,139,148,37,96,13,33,19,41,9
Rem1,0,0,0,0,1,0,0,0,0,0,2,0,0
Reps1,65,27,43,47,48,189,41,144,45,37,42,35,16
Resp18,0,0,0,0,0,2,0,0,0,0,0,0,0
Rex2,0,0,0,0,0,0,0,0,0,0,0,0,0
Bex1,0,0,0,0,0,0,2,3,0,0,0,0,0
Rfng,13,5,13,19,15,45,24,35,17,23,6,21,2
Trim27,61,23,40,73,66,148,45,112,45,53,48,42,12
Rfx1,12,1,5,16,19,62,15,28,28,13,7,16,2
Rfx2,3,9,13,9,8,18,8,12,1,3,13,4,6
Slc50a1,35,22,38,45,60,132,39,95,36,26,41,36,48
Rgl2,104,38,163,119,144,444,158,422,143,130,108,207,30
Rgs2,1321,620,773,1545,1448,5579,1428,4106,1392,1604,1452,1025,1861
Rgs4,11,10,7,17,62,43,4,42,11,17,84,38,25
Rgs5,44,66,53,65,136,125,13,154,18,28,140,88,31
Rit2,0,0,0,0,0,5,0,2,2,0,0,0,1
Ring1,13,13,8,23,24,61,26,48,18,19,14,29,3
Ripk1,142,88,113,205,274,335,76,244,82,108,82,86,53
Rit1,23,16,29,30,50,105,36,105,24,40,44,13,47
Rock1,169,103,73,140,163,390,112,372,132,147,165,147,39
Rock2,345,179,184,248,217,932,231,802,328,288,274,269,84
Rom1,2,17,23,9,14,20,10,20,6,2,7,4,16
Mst1r,0,0,0,0,0,1,3,0,1,0,2,0,0
Rpia,16,6,5,13,15,63,12,41,21,9,9,11,11
Rpl12,8,3,11,5,11,17,5,16,5,0,5,4,7
Rpl22,103,111,99,142,140,243,68,205,65,86,106,53,165
Rpl26,47,63,51,78,119,158,54,140,61,52,61,44,122
Rpl28,4,0,4,0,1,3,4,3,0,1,0,0,1
Rpl29,1,3,30,13,38,22,12,35,5,10,7,9,36
Rpl37a,2,5,2,6,3,21,0,9,2,3,6,2,9
Polr1c,25,26,26,36,52,68,31,48,26,30,30,15,39
Polr1b,23,12,7,17,27,57,16,59,18,20,27,17,4
Polr1d,56,32,32,41,60,113,39,98,28,29,36,26,59
Polr1a,74,90,96,104,103,300,102,248,63,49,91,88,28
Polr2a,327,87,165,346,216,1024,312,818,270,341,241,306,26
Polr2c,12,7,5,11,17,21,9,32,5,3,8,6,9
Rps15,44,60,164,113,244,162,87,186,54,35,53,94,274
Rps17,25,39,33,48,58,91,29,69,42,15,37,38,93
Rps29,0,1,0,0,2,5,0,6,0,2,0,1,3
Rps4x,195,231,150,249,328,613,215,495,207,199,165,163,379
Rps5,140,132,236,221,394,404,193,371,151,132,116,134,504
Rps6ka1,178,58,388,266,306,976,380,905,263,321,228,335,95
Rps8,18,21,14,28,62,52,9,45,10,17,18,21,43
Trim30a,369,310,225,271,444,390,151,383,138,259,137,169,142
Rptn,0,0,0,0,0,0,0,0,0,0,0,0,0
Rras,16,15,23,27,53,44,15,44,13,22,20,21,21
Rrh,7,24,6,8,3,15,4,14,3,0,7,1,15
Rrm1,35,41,28,46,38,92,36,95,36,34,48,31,24
Rrm2,3,1,3,4,4,9,0,16,0,2,2,4,4
Rsu1,91,93,107,111,172,236,74,196,91,62,128,71,95
Ryr1,1,0,0,0,0,0,0,3,1,1,0,0,0
S100a10,22,15,7,24,46,32,18,18,16,5,6,13,21
S100a13,12,12,32,20,33,47,15,47,17,18,29,15,45
S100a9,433,370,262,359,338,90,10,72,57,34,81,228,141
S100b,2,1,7,4,1,28,2,28,0,1,1,0,5
Prrx2,1,0,0,0,0,0,0,0,0,0,0,0,0
Saa1,1,2,0,0,1,0,0,0,0,0,0,0,0
Sag,1,0,0,2,2,1,3,2,0,2,2,3,0
Sap18,56,29,29,31,48,79,33,78,24,27,33,21,26
Sar1a,206,178,164,248,255,543,122,404,131,143,182,131,167
Sat1,523,277,361,780,851,2038,464,1402,502,568,420,499,568
Nkx1-2,0,0,0,0,0,0,0,0,0,0,0,0,0
Serpinb3a,0,0,0,0,0,0,0,0,0,0,0,0,0
Scd1,67,112,43,108,52,198,74,165,27,1,114,53,47
Scd2,288,432,289,392,270,1250,375,929,214,122,631,280,302
Scg2,0,0,0,0,0,0,0,0,0,0,0,0,0
Clec11a,0,0,0,0,0,0,0,0,0,0,0,0,0
Stmn3,1,0,0,0,0,2,0,2,0,0,0,0,0
Scn7a,0,0,0,10,0,7,2,4,1,0,0,0,0
Scrg1,0,0,0,1,0,1,0,2,0,0,0,2,1
Ccl22,19,3,33,22,42,9,9,6,1,1,0,5,0
Ccl25,0,4,6,9,6,6,4,10,1,0,3,11,7
Ccl6,153,72,90,113,143,292,101,178,85,86,77,90,119
Cxcl2,122,54,106,160,184,106,42,130,23,16,23,69,13
Cxcl5,1,1,0,7,2,4,0,0,0,0,0,1,0
Cx3cl1,113,56,149,117,159,60,15,57,13,3,28,88,5
Sdf2,87,79,77,75,91,163,80,191,45,47,77,46,151
Sfrp2,0,2,0,0,1,0,0,5,0,0,1,0,0
Nptn,367,494,279,419,365,1212,338,857,279,311,492,315,430
Sec23a,73,93,65,102,86,213,53,180,50,52,119,59,89
Exoc4,121,135,89,162,137,322,82,294,54,83,136,98,71
Glg1,136,91,70,114,123,371,107,285,120,98,138,109,22
Selenbp1,5,0,10,7,10,29,14,20,3,8,6,3,9
Selplg,1837,884,3456,1807,2803,4744,2332,5058,1807,2082,1383,2024,1194
Sema3a,0,0,0,0,0,0,0,0,0,0,0,0,0
Sema5a,10,3,0,6,2,11,1,30,3,0,13,9,0
Sepp1,2764,1911,2375,2793,3276,8877,3117,7503,3001,3372,3192,2211,2781
Sepw1,14,23,28,29,64,74,22,64,9,8,23,26,59
Map2k4,110,83,75,92,85,247,61,200,75,82,111,73,56
Sftpd,0,0,0,0,0,0,0,0,0,0,0,0,0
Scg5,9,30,11,12,20,38,25,33,5,1,30,11,26
Sgpl1,406,176,238,420,429,1346,371,993,345,381,355,279,249
Sh3bp1,67,13,75,73,80,219,97,225,74,72,53,87,2
Shc3,0,0,0,4,0,0,0,1,0,0,0,0,0
Shfm1,51,57,29,54,90,106,52,117,29,24,48,38,143
Shh,0,0,0,0,0,0,0,0,0,0,0,0,0
Shmt1,6,5,0,1,11,16,3,17,6,4,3,19,1
Siah1a,30,19,27,37,39,87,28,69,24,29,27,19,9
Siah1b,2,2,0,5,4,15,0,6,1,3,5,2,5
Siah2,67,19,50,78,51,129,28,118,40,25,26,32,10
St3gal1,169,79,139,119,197,106,14,77,32,12,40,99,11
St3gal4,23,16,12,40,23,58,10,56,13,15,16,26,8
St3gal2,66,32,61,55,68,248,85,187,61,79,70,72,18
St6galnac2,22,57,59,58,53,64,24,90,25,11,55,39,30
St8sia2,0,1,0,1,0,2,0,0,0,0,0,0,0
St8sia3,0,0,0,0,0,1,0,2,0,0,0,0,0
St8sia4,26,14,9,13,23,85,22,83,55,36,81,28,36
Ptk6,0,0,0,0,0,0,0,0,0,0,0,0,0
Stil,0,3,0,1,0,10,0,11,3,5,4,5,0
Tra2b,160,120,93,278,297,517,112,328,125,154,109,106,109
Six1,2,0,0,1,0,1,0,1,1,1,3,0,0
Vps4b,216,98,105,144,152,401,94,271,127,137,140,96,79
Clpb,25,29,26,29,25,72,37,63,23,17,28,24,12
Sla,748,294,436,490,655,956,280,795,342,405,335,344,245
Slbp,48,30,45,59,62,148,35,107,32,43,52,43,39
Slc12a2,614,775,431,757,581,1869,494,1353,359,233,840,484,244
Slc12a4,69,74,130,125,111,248,76,188,30,15,107,92,54
Slc16a1,47,58,46,61,67,245,41,219,31,42,109,36,93
Slc16a2,177,230,172,236,182,548,181,493,75,13,313,176,71
Slc1a1,11,21,15,26,63,5,2,9,1,1,18,16,5
Slc1a6,0,0,0,0,0,0,0,1,0,0,0,0,0
Slc1a5,5,2,6,16,16,41,9,25,5,1,9,4,4
Slc22a12,0,0,0,0,0,4,0,0,0,0,0,0,0
Slc2a4,0,0,5,2,5,7,0,5,0,1,0,0,1
Slc3a1,10,11,4,12,10,17,10,36,3,8,18,5,12
Slc4a1ap,37,21,24,29,37,86,38,81,33,40,36,20,23
Slc4a2,165,252,342,291,273,632,282,521,99,42,289,217,82
Slc4a3,2,5,11,13,8,15,6,11,1,0,3,7,3
Hltf,162,71,65,122,155,384,126,297,133,166,106,115,71
Smarcc1,70,38,30,73,43,216,66,170,46,58,74,49,19
Ighmbp2,11,0,16,15,18,13,8,28,8,10,6,10,3
Smpd2,18,9,24,43,15,79,21,51,14,12,25,28,17
Sms,3,12,6,16,11,38,4,19,9,3,19,8,9
Sstr1,0,0,0,0,1,0,0,0,0,0,0,0,0
Sstr3,0,0,0,0,0,0,0,0,0,0,0,0,0
Sstr4,0,0,0,0,0,1,0,0,2,0,0,0,0
Ssty1,0,0,0,0,0,0,0,0,0,0,0,0,0
Snn,304,114,193,238,209,676,238,492,183,226,223,176,125
Snrnp70,138,61,117,99,143,393,101,268,109,78,112,135,37
Snrpb,73,39,93,91,104,160,73,171,45,63,46,71,79
Snrpd1,19,12,15,28,37,41,12,40,12,6,19,14,25
Snrpe,10,19,1,19,24,21,11,24,11,12,18,7,26
Snta1,40,10,93,62,83,138,69,144,50,54,44,68,23
Sntb2,43,58,14,56,59,72,15,69,15,8,32,40,18
Soat1,86,82,78,85,53,207,69,214,88,70,123,78,49
Sos1,80,41,46,82,55,214,60,181,56,91,74,59,20
Sox11,0,0,0,0,1,5,1,4,0,0,1,0,1
Sox15,2,1,1,3,0,1,1,0,0,0,0,0,1
Sox18,3,0,2,1,1,8,2,19,4,9,12,5,4
Sox3,0,0,0,0,0,0,0,0,0,0,0,0,0
Sox4,32,13,30,25,24,166,50,121,40,48,24,50,16
Sparc,3524,1480,3715,3049,3344,9440,3405,8127,2901,3363,3060,2770,1578
Serpina1a,0,0,0,0,0,0,0,0,0,0,0,0,0
Serpina1b,0,0,0,0,0,0,0,0,0,0,0,0,0
Serpina1c,0,0,0,0,0,0,0,0,0,0,0,0,0
Serpina1d,0,0,2,0,0,0,0,0,0,0,0,0,0
Serpina1e,0,0,0,0,0,0,0,0,0,0,0,0,0
Serpini1,3,13,20,6,20,11,2,17,5,3,11,13,7
Serpina3g,101,55,44,103,176,8,0,9,1,0,1,71,1
Serpina3n,26,19,38,51,44,3,2,3,0,0,0,11,0
Serpina3m,0,0,0,1,0,0,0,0,0,0,0,0,0
Serpine2,514,239,359,339,426,1270,398,971,281,427,365,321,338
Serpinb9,138,157,122,128,324,96,29,83,31,34,66,111,70
Serpinb5,0,0,0,0,0,1,0,0,0,0,0,0,0
Spink3,0,0,0,0,0,0,0,0,0,0,0,0,0
Strbp,30,52,18,38,48,106,50,113,31,21,60,34,35
Sprr1a,0,0,0,0,0,0,0,0,0,0,0,0,0
Sprr1b,0,0,0,0,0,0,0,0,0,0,0,0,0
Sephs2,39,11,11,21,19,60,24,29,23,25,24,17,11
Spt1,0,0,0,0,0,0,0,1,0,0,0,0,0
Mucl1,0,0,0,0,0,0,0,0,0,0,0,0,0
Sptlc1,61,57,52,83,75,167,68,108,48,44,73,39,78
Sqle,13,31,9,40,22,66,22,50,6,2,29,17,21
Srm,15,6,31,24,20,41,19,41,12,8,13,15,6
Srp14,38,79,36,84,86,128,58,135,49,27,60,36,139
Srpk2,127,83,79,93,96,341,82,275,82,104,121,103,52
Srprb,47,40,81,66,70,130,49,142,66,51,54,40,49
Ss18,110,57,97,120,103,372,103,270,89,95,115,91,72
Zfp143,51,20,34,27,32,164,36,88,30,41,41,42,32
Stag1,162,78,89,168,137,533,107,335,150,136,149,99,94
Stat6,223,80,230,258,311,805,235,730,204,193,224,222,104
Stc1,17,17,20,29,34,0,1,4,2,3,7,5,4
Sult2a2,0,0,0,0,0,0,0,0,0,0,0,0,0
Stim1,92,62,80,118,89,215,82,198,63,54,118,66,24
Stk10,116,30,110,103,98,423,126,278,115,113,112,120,34
Slk,230,160,145,225,241,630,155,467,129,128,195,190,56
Wnt8a,0,0,0,0,0,0,0,0,0,0,0,0,0
Stra8,0,0,0,0,0,0,0,0,0,0,0,0,0
Stx4a,45,28,37,72,93,175,75,162,50,50,58,54,38
Supt4h1,13,10,14,16,18,50,10,31,9,19,7,12,34
Supt6h,159,117,134,262,224,526,162,382,146,104,201,180,31
Surf6,40,15,32,21,31,59,14,58,14,11,12,16,10
Svs4,0,0,0,0,0,0,0,0,0,0,0,0,0
Svs5,0,0,0,0,0,0,0,0,0,0,0,0,0
Swap70,131,50,125,134,177,403,101,218,77,64,108,99,48
Syngr1,42,27,45,63,112,154,75,121,44,33,31,46,78
Syngr2,181,104,293,223,285,441,206,417,156,178,146,234,86
Syt1,0,0,2,3,4,2,6,12,0,0,4,3,1
Syt2,0,0,0,0,0,0,0,0,4,0,0,0,0
Syt4,0,0,0,0,0,0,0,1,0,0,1,0,0
Tac1,0,0,0,0,0,1,0,0,0,0,0,0,0
Tacr1,0,0,0,0,0,0,0,0,0,0,0,0,0
Tacr2,0,0,0,0,0,0,0,0,0,0,0,0,0
Taf6,34,22,62,30,52,112,48,131,37,25,53,36,29
Map3k7,104,48,69,117,133,310,79,239,68,78,117,101,51
Tal2,0,3,0,0,2,0,0,0,0,0,0,1,0
Tarbp2,2,5,4,4,9,10,5,9,2,1,4,4,9
Slc6a6,282,112,236,314,280,991,236,812,259,274,541,287,88
Tbca,15,16,5,23,23,41,16,49,25,16,16,7,34
Tbr1,3,0,0,0,0,1,0,0,0,0,0,0,0
Tbx15,1,0,9,6,6,5,3,8,6,0,6,2,0
Tbx2,1,0,4,0,3,1,2,6,0,2,1,7,1
Tbxa2r,0,0,0,0,0,4,0,0,0,0,1,0,1
Tcea2,5,1,2,8,4,16,9,17,6,1,7,10,7
Hnf1a,0,0,0,2,0,0,0,0,0,0,0,0,0
Tcf15,0,0,0,0,0,0,0,2,1,0,0,0,0
Zfp354a,4,5,6,6,5,21,7,13,10,8,3,4,2
Hnf1b,0,0,0,0,0,0,0,0,0,0,0,0,0
Vps72,12,7,36,19,20,50,18,53,19,23,13,22,9
Tcl1,0,0,0,0,0,0,0,0,0,0,0,0,0
Acat2,14,6,15,11,10,23,6,16,8,16,17,8,6
Tcp10a,0,0,0,0,0,0,0,0,0,0,0,0,0
Tcp10c,0,0,0,2,0,0,0,1,0,0,0,0,0
Dynlt1b,0,0,0,0,0,1,0,0,0,0,0,0,0
Phlda1,30,3,21,21,26,57,22,25,11,14,12,22,0
Tecta,0,0,0,0,0,0,0,1,1,0,1,0,0
Tectb,0,0,0,0,0,0,0,0,0,0,0,0,0
Inmt,1,1,0,1,0,1,1,6,0,0,0,0,5
Adad1,0,0,0,0,0,0,0,0,0,0,0,0,0
Tep1,85,40,78,114,115,322,91,230,80,90,76,107,25
Terf1,39,11,6,15,30,69,17,66,19,15,34,23,15
Terf2,56,34,38,53,59,185,47,121,46,66,51,40,20
Tert,1,2,0,0,0,4,1,5,1,0,3,0,0
Prss39,0,0,0,2,0,0,0,0,0,0,0,0,0
Prss40,0,0,0,0,0,0,0,0,0,0,0,0,0
Tex261,41,23,52,52,49,138,58,145,34,40,52,39,39
Ppp2r5d,62,18,44,38,74,149,59,144,50,47,47,37,17
Tex9,11,19,1,10,12,44,8,32,5,2,8,15,15
Tfam,45,26,30,43,36,105,34,83,40,27,27,14,41
Tfdp1,21,18,14,20,13,36,13,45,13,10,17,19,9
Tff1,0,0,0,0,0,0,0,0,0,0,0,0,0
Tff2,0,0,0,0,0,0,0,0,0,0,0,0,0
Tfpi2,9,13,3,5,20,0,0,0,1,0,0,1,1
Tgfb1i1,2,3,11,4,17,14,2,13,2,2,10,7,5
Tsc22d1,282,290,276,327,529,358,105,389,113,112,314,213,142
Tgfb2,58,107,74,119,81,236,56,205,33,1,145,60,49
Tgfb3,5,3,17,11,14,6,3,15,0,2,10,4,1
Tgfbi,81,34,62,85,65,198,77,184,69,68,79,99,43
Tgfbr1,3782,1426,1585,2282,2314,8221,2379,6771,3055,3519,2743,2368,1661
Tgfbr2,639,234,538,629,673,1698,513,1277,513,582,630,506,193
Tgif1,167,79,177,274,274,672,110,417,139,140,125,182,67
Tgm2,398,206,600,516,1030,521,204,538,190,202,200,446,85
Tgm3,0,1,0,3,0,1,0,0,0,0,0,0,1
Ift88,32,24,9,15,49,70,16,48,19,18,34,18,19
Thbd,38,26,32,41,73,104,27,145,34,25,98,63,35
Thrsp,16,7,12,29,20,74,40,53,16,29,13,12,33
Thy1,1,0,2,1,8,6,0,5,1,0,0,0,1
Tial1,172,64,114,133,123,471,138,351,121,151,150,114,56
Tjp1,807,257,378,548,573,1926,396,1449,606,618,719,515,181
Tk1,3,0,3,3,5,9,2,9,2,3,0,9,2
Tkt,83,89,186,157,159,350,150,286,79,97,131,130,140
Tll1,11,12,3,9,34,7,6,16,1,1,4,11,0
Tlx2,0,0,0,0,0,0,0,0,0,0,0,1,0
Tnnc1,0,0,0,1,0,0,0,2,0,0,0,0,0
Tnnc2,0,0,0,0,0,0,0,0,0,0,0,0,0
Tnfaip2,213,55,282,216,180,166,42,93,51,30,26,77,13
Tnfaip6,2,2,2,7,5,4,0,0,0,0,0,1,0
Tnfrsf11a,143,46,73,155,129,302,98,237,101,88,119,133,25
Tnfrsf18,1,0,2,4,7,1,1,1,1,0,3,2,0
Tnfrsf8,0,0,0,0,0,0,0,0,0,0,0,0,0
Pglyrp1,31,19,91,35,146,11,4,30,6,7,16,23,36
Tnfsf8,0,3,0,0,1,1,0,5,1,5,1,1,0
Tnfsf9,33,14,31,6,9,13,6,14,3,3,6,14,4
Tnni2,5,2,5,5,14,14,3,9,3,5,2,2,5
Tnp1,0,0,0,0,0,0,0,0,0,0,0,0,0
Top1,280,194,129,226,238,652,122,487,119,181,173,190,64
Top2b,230,147,92,171,164,614,191,522,170,154,187,134,72
Top3a,34,18,25,29,28,98,31,67,27,34,29,43,5
Tpbpa,0,0,0,0,0,0,0,0,0,0,0,0,0
Tpd52l1,10,21,37,24,36,32,23,53,2,1,30,13,44
Tpi1,72,116,131,117,159,276,106,215,60,48,135,85,166
Tpm2,11,12,32,15,52,27,2,19,7,9,28,18,8
Tpo,0,0,0,0,0,0,0,0,0,0,0,0,0
Tpp2,246,160,148,275,342,615,161,436,154,169,176,142,89
Tpst2,100,38,159,97,155,261,114,202,79,94,49,98,48
Traf1,18,4,30,18,19,14,3,8,2,0,0,8,4
Traf2,22,14,27,53,44,130,40,83,32,32,28,32,11
Traf4,4,2,6,11,7,19,3,19,2,2,6,3,1
Traf6,137,48,85,95,135,245,64,190,54,88,69,61,30
Tnfsf10,92,80,46,87,238,58,14,34,22,21,36,49,21
Tob1,36,31,38,58,46,152,47,135,34,37,86,40,28
Trpc5,2,0,0,0,0,0,0,0,1,0,0,0,0
Tpt1,16,6,7,9,12,21,5,14,12,7,13,18,10
Ctr9,69,38,52,57,66,202,57,138,44,58,48,53,30
Tspyl1,84,55,62,81,67,231,70,185,89,68,80,33,51
Phlda2,0,0,0,0,0,0,0,0,0,0,0,0,0
Tssk1,0,0,0,0,0,0,0,0,0,0,0,0,0
Tssk2,0,0,0,0,0,0,0,0,0,0,0,0,0
Rpl13a,82,51,106,104,165,186,78,213,47,63,68,74,145
Psmd3,46,24,81,57,96,141,49,124,28,55,42,29,24
Tsx,0,1,0,0,0,0,1,0,0,0,0,0,0
Ttc3,108,130,85,127,117,388,112,313,87,56,190,123,89
Ttf1,34,20,29,34,34,132,28,118,24,34,48,39,24
Tgoln1,579,637,453,769,723,1550,538,1402,412,395,731,446,562
Tgoln2,290,327,234,389,381,774,246,694,199,181,350,227,304
Ttk,1,0,1,4,0,0,1,2,1,2,1,0,0
Tuba3a,0,0,0,0,0,0,0,0,0,0,0,0,0
Tuba4a,28,25,18,38,45,84,33,93,19,9,34,14,33
Tuba1c,40,49,61,116,110,149,37,115,21,41,53,26,44
Tuba3b,0,0,0,0,0,0,0,0,0,0,0,0,0
Tubb2a,43,26,34,122,128,219,68,183,49,82,44,46,57
Tubb4a,2,0,7,2,7,36,1,20,3,2,9,1,3
Tnfsf4,0,0,0,0,0,0,0,0,0,0,0,0,0
Zrsr2,30,13,19,46,45,101,23,70,19,25,26,32,12
Ube2e3,46,51,51,81,73,197,59,146,44,29,73,53,55
Ube2e1,53,43,31,71,51,135,52,121,43,57,57,29,59
Ube2l3,89,75,91,90,102,250,70,229,63,84,77,86,64
Ube2b,175,149,154,189,218,479,138,329,135,135,170,120,178
Sumo1,47,60,33,65,78,84,52,101,40,29,38,31,75
Ubr1,141,100,78,131,151,446,89,299,117,81,157,112,93
Usp10,48,14,35,38,57,134,43,105,41,39,40,48,20
Ucp1,2,1,0,1,0,3,2,0,1,2,0,0,0
Ucp3,1,0,0,0,1,0,0,1,0,0,0,0,1
Ugdh,45,62,45,42,55,154,49,126,47,38,67,55,51
Ugt2b5,0,0,0,0,0,0,0,0,0,0,0,0,0
Ulk1,49,33,49,75,62,162,65,138,41,46,32,72,5
Umod,0,0,0,0,0,0,0,0,0,0,0,0,0
Umps,35,20,31,33,39,131,32,92,50,41,43,35,38
Unc5c,2,0,0,0,1,4,0,1,0,0,1,0,1
Nr1h2,28,17,56,38,83,102,29,98,24,40,18,49,12
Uox,0,0,0,0,0,3,0,3,0,0,0,0,0
Prap1,0,0,0,0,0,0,0,0,0,0,0,0,0
Upk2,0,0,0,0,0,0,0,0,0,0,0,0,0
Urod,29,43,37,37,54,93,34,78,17,32,43,25,48
Uros,15,8,13,30,19,49,6,30,11,13,17,21,13
Usf1,25,10,46,47,45,116,39,105,36,30,28,49,28
Usp9x,370,352,137,337,342,1015,253,736,255,253,381,246,200
Utf1,0,0,0,0,0,0,0,0,0,0,0,0,0
Kdm6a,159,98,58,137,125,473,115,331,110,143,136,112,56
Uty,1,0,0,0,1,2,0,8,0,0,0,0,0
Vmn2r123,0,0,0,0,0,0,0,0,0,0,0,0,0
Vmn2r89,0,0,0,0,0,0,0,0,0,0,0,0,0
Vmn2r37,0,0,0,0,0,0,0,0,0,0,0,0,0
Vmn2r30,0,0,0,0,0,0,0,0,0,0,0,0,0
Vmn2r42,0,0,0,0,0,0,0,0,0,0,0,0,0
Vamp2,82,30,50,82,87,184,43,148,45,33,46,74,15
Vamp3,191,118,144,372,332,627,149,443,145,143,163,170,192
Vasp,204,54,288,299,318,619,167,452,125,156,137,174,49
Vav2,78,20,51,105,93,356,113,346,96,108,91,104,13
Vax1,0,0,0,0,0,1,0,1,0,0,0,0,0
Vcl,277,207,311,221,335,151,46,192,68,42,117,171,26
Vdr,2,2,0,1,3,0,0,0,1,1,1,3,0
Vegfc,2,0,6,5,3,14,7,19,6,8,9,3,4
Vhl,73,51,31,72,61,196,82,183,67,79,73,42,75
Slc32a1,0,0,2,0,0,1,0,0,0,0,0,0,0
Vil1,0,0,0,2,1,0,0,3,0,0,3,1,0
Ezr,147,270,252,293,267,497,149,401,79,19,234,178,114
Vipr2,0,0,0,0,0,2,0,2,2,1,0,0,0
Slc27a5,0,0,0,0,0,1,0,0,0,0,0,0,0
Nrsn1,0,0,0,0,0,0,0,0,0,0,0,0,0
Vpreb3,0,0,0,0,0,0,0,0,0,0,0,0,0
Was,89,18,84,119,89,265,88,250,69,95,80,88,16
Wee1,18,14,10,30,28,80,9,53,17,15,8,13,5
Zmat3,19,8,14,16,11,52,20,54,16,11,28,20,6
Wnt10a,0,0,0,0,0,0,0,0,0,0,0,0,0
Wnt11,1,0,0,0,0,1,0,0,0,0,2,2,0
Wnt2b,2,0,0,3,1,2,0,2,1,0,0,1,0
Wnt3,0,0,0,0,0,0,0,0,0,0,0,0,0
Wnt3a,0,0,0,0,0,0,0,0,0,0,0,0,0
Wnt4,0,0,0,0,0,1,1,2,1,0,0,0,0
Wnt5a,3,4,5,6,5,13,8,7,1,8,5,0,1
Wnt5b,4,6,5,4,8,5,0,5,1,0,2,5,3
Wnt6,0,0,0,0,0,0,0,0,0,0,0,0,0
Wnt7a,0,0,0,0,0,0,0,1,0,0,0,0,0
Gm4836,0,0,0,0,0,0,0,0,0,0,0,0,0
Atrx,352,306,150,249,298,1017,238,742,253,233,363,344,98
Xpc,11,18,19,34,37,77,33,61,22,21,25,18,23
Xrcc1,18,5,30,28,18,56,28,53,16,19,21,18,6
Xrcc5,34,52,23,45,55,99,23,62,17,33,53,19,38
Ywhae,537,394,377,630,628,1352,416,1174,405,381,485,347,412
Yy1,115,54,75,118,94,303,88,269,82,134,88,92,19
Plagl1,25,30,35,62,55,71,28,98,13,0,42,36,21
Zap70,0,0,0,0,2,2,0,1,1,3,0,1,0
Zbtb17,12,7,45,31,29,45,17,45,19,6,6,22,8
Zfp101,7,3,9,7,3,19,6,21,7,7,9,5,5
Rnf103,100,50,73,81,63,265,84,195,95,83,99,72,40
Zfp105,17,7,22,11,25,35,23,30,9,16,8,17,6
Trim25,114,66,64,106,140,226,55,186,61,40,69,72,30
Zfp161,19,12,10,14,15,67,18,55,12,16,25,23,13
Rnf112,0,0,0,0,0,3,0,1,0,0,0,0,0
Zfand5,910,421,449,659,855,1932,365,1275,415,434,376,510,212
Zfp37,21,13,19,15,14,33,8,40,10,13,17,3,11
Zbtb7b,22,9,55,36,39,119,52,95,31,37,23,42,4
Zfp92,0,0,0,0,0,1,0,0,0,0,0,0,0
Zfpm1,11,2,7,6,7,45,15,35,6,16,9,4,0
Zfy1,0,0,0,0,0,0,0,0,0,0,0,0,0
Zfy2,0,0,0,0,0,0,0,0,0,0,0,0,0
Zic1,19,27,25,23,23,44,9,43,3,0,21,24,9
Zic2,9,16,10,18,21,52,10,61,6,4,42,20,2
Zic3,7,14,14,10,10,24,1,12,5,3,30,3,2
Zic4,6,6,8,11,4,21,5,19,3,0,7,8,1
Zik1,5,13,4,7,9,20,8,17,9,14,12,13,10
Slc30a1,112,42,78,98,92,226,46,136,56,56,136,78,24
Zp1,1,0,0,0,0,0,0,0,1,0,0,2,0
Zp3r,0,0,0,0,0,0,0,0,0,0,0,0,0
Aanat,0,0,0,0,0,0,0,0,0,0,0,2,0
Abcb7,69,97,74,94,91,280,60,208,65,69,107,79,90
Abcg1,80,46,83,79,72,302,124,235,81,97,88,73,25
Abl2,555,210,298,656,870,680,132,505,192,204,151,231,30
Abpa,0,0,0,0,0,0,0,0,0,0,0,0,0
Accn2,1,2,7,2,5,4,4,1,0,1,1,2,0
Ache,2,1,8,1,7,28,5,17,6,7,3,9,3
Chrnb1,3,6,9,3,11,16,1,5,3,5,6,3,2
Chrnb2,0,2,2,0,2,7,0,0,1,0,0,0,0
Chrne,0,0,0,0,0,0,0,0,0,0,0,0,0
Chrng,0,0,0,0,0,0,0,0,0,0,0,0,0
Adipoq,0,0,0,0,0,0,0,0,0,0,0,0,0
Acta1,0,0,0,0,0,0,0,0,0,0,0,0,0
Actc1,0,0,0,0,0,0,0,0,0,0,0,0,0
Actg1,53,30,50,94,76,174,57,101,34,36,34,55,28
Actg2,0,0,0,0,1,2,0,3,0,0,3,0,0
Actl7a,0,0,0,0,0,0,0,0,0,0,0,0,0
Acvrl1,53,24,122,85,105,146,43,175,58,57,93,58,43
Adam17,321,167,195,243,261,806,293,663,223,273,270,231,215
Adam19,3,0,3,5,2,11,6,11,0,2,3,5,0
Adam3,5,6,7,8,10,25,10,22,8,7,9,3,7
Adam4,0,0,5,0,0,7,2,3,2,0,0,2,1
Adamts1,1275,638,988,1162,1587,4819,882,2738,884,756,785,1406,264
Adcy1,0,0,0,1,1,3,0,0,0,0,0,1,0
Adcy8,13,2,1,3,1,17,0,9,14,5,0,7,1
Adcy9,43,8,14,26,27,68,21,50,21,15,41,36,3
Adh7,0,0,0,0,0,0,0,0,0,0,2,0,0
Adm,11,8,12,10,17,25,5,9,1,2,2,3,7
Adnp,290,116,139,206,175,776,191,556,200,189,231,220,59
Adora2a,1,1,4,3,7,1,0,0,0,1,0,4,0
Adora3,73,48,82,52,76,280,113,246,75,146,92,60,112
Parp2,47,29,25,41,47,165,42,101,39,38,43,57,30
Adra2b,0,0,0,0,0,3,0,1,0,0,0,0,0
Adsl,19,17,41,48,46,96,25,93,15,16,36,21,34
Avil,1,0,0,1,2,0,1,1,0,0,0,0,0
Aebp1,6,12,19,16,13,87,16,52,4,1,17,24,3
Crisp1,0,0,0,0,0,0,0,0,0,0,0,0,0
Crisp3,0,0,0,0,0,0,0,0,0,0,0,0,0
Angpt1,5,0,6,4,6,1,2,9,4,7,7,12,8
Angpt4,0,0,0,0,0,0,0,0,0,0,0,1,0
Agtrap,38,38,35,51,41,116,58,97,30,28,55,38,21
Ahnak,402,286,217,317,507,429,102,522,211,126,484,385,88
Ahrr,0,1,1,2,2,11,1,3,2,3,0,0,0
Aicda,0,0,0,0,0,2,0,0,0,0,0,0,0
Aire,0,0,0,0,0,0,0,0,0,0,0,0,0
Akap3,0,0,0,0,0,0,0,0,0,0,0,0,0
Alb,7,0,4,1,0,2,1,3,1,5,0,0,1
Alcam,9,6,6,5,3,25,2,11,8,5,6,0,2
Aldh2,83,109,200,140,136,248,86,206,36,14,115,83,62
Aldoc,2,10,1,49,16,42,12,61,4,0,12,2,14
Akr1b3,3,4,2,7,5,11,10,6,6,1,0,2,5
Alox12b,0,0,0,0,0,0,0,0,0,0,0,0,0
Alox15,0,0,0,0,0,0,0,0,0,0,0,0,0
Alox8,0,0,0,0,0,1,0,2,0,0,0,0,0
Alox5ap,222,102,196,237,312,589,202,502,212,184,142,175,271
Ambn,0,0,0,0,0,0,0,0,0,0,0,0,0
Amd1,39,31,21,36,49,139,33,87,36,35,40,39,60
Ampd3,50,30,42,48,59,128,33,128,28,39,29,43,7
Bin1,363,134,461,492,437,1723,618,1322,483,449,385,481,209
Ankfy1,307,144,167,244,323,848,226,684,248,241,279,210,98
Anp32a,121,80,80,132,146,385,133,353,130,119,156,95,166
Anxa5,84,99,106,121,137,219,50,168,44,27,114,67,118
Aoc3,3,1,15,13,14,2,1,16,4,12,22,8,3
Aox1,25,55,20,34,37,96,24,72,14,1,44,31,26
Ap1g1,324,224,203,277,293,834,194,593,194,190,253,223,122
Ap2m1,30,40,22,44,44,107,47,88,38,27,42,20,31
Ap3b1,157,107,137,200,164,479,153,385,122,135,151,111,89
Ap3s1,6,13,1,9,16,40,17,29,7,11,11,7,22
Ap3s2,49,29,34,42,46,115,37,92,26,33,43,36,35
Apbb1,9,16,29,23,31,57,20,52,6,6,19,17,19
Apex1,77,42,64,56,82,116,42,95,31,50,37,31,58
Xiap,276,172,121,229,226,727,214,561,206,207,298,216,127
Cd5l,0,0,3,0,4,1,0,5,0,2,0,2,0
Apobec2,5,2,1,1,15,16,5,6,2,2,1,5,4
Apoc2,1,0,0,0,2,1,0,1,0,1,0,2,3
Apoe,382,412,668,988,706,1361,726,1515,412,137,484,489,648
Nr2f2,12,18,8,15,15,52,12,57,13,3,34,23,12
Aprt,4,13,27,17,24,33,11,35,5,12,10,10,18
Aqp2,0,0,0,0,0,0,0,0,0,0,0,0,0
Aqp4,4,3,3,21,1,64,6,55,6,0,4,1,9
Aqp5,0,0,0,0,0,0,0,0,0,0,0,0,0
Aqr,89,41,44,74,79,235,70,228,60,72,89,78,50
Araf,52,18,55,61,86,158,46,118,34,30,73,57,64
Areg,0,0,0,2,0,0,0,1,0,0,0,0,0
Arg2,3,3,7,6,8,14,3,4,1,1,4,5,0
Arhgap5,603,389,269,438,366,1840,394,1210,497,638,530,428,320
Arhgap6,1,2,2,4,4,6,2,6,3,1,3,1,0
Rnd2,0,0,2,2,5,6,3,7,1,0,1,1,1
Art1,0,0,0,0,0,0,0,0,0,0,0,0,0
Artn,0,0,0,0,0,3,0,0,1,0,0,0,0
Arsb,637,283,530,560,427,1954,623,1577,535,623,573,555,160
Arsa,38,25,54,50,66,122,36,110,31,42,44,49,21
Asgr1,0,0,0,1,2,0,0,0,0,0,0,0,2
Atf4,464,212,439,812,951,1422,337,945,340,368,284,371,205
Neurod6,0,0,0,0,1,0,0,1,0,0,0,0,0
Neurog2,0,0,0,0,0,0,0,0,0,0,0,0,0
Neurog3,0,0,0,0,0,0,0,0,0,0,0,0,0
Atox1,46,67,69,66,157,165,80,128,41,25,67,51,210
Atp1b1,340,590,392,591,472,917,330,1022,166,7,631,305,366
Atp4b,0,1,0,0,0,0,0,0,0,0,0,0,0
Atp5f1,85,146,106,109,162,302,91,217,73,54,110,68,168
Atp10a,41,21,44,56,63,45,24,79,43,39,144,51,22
Atp6v0c,15,28,40,23,56,59,18,49,11,8,12,34,21
Atrn,87,47,51,58,62,203,51,177,55,69,85,42,22
Akr1b7,1,0,0,0,1,1,0,0,0,0,0,2,0
Axin1,42,30,39,69,71,179,55,148,30,52,54,55,14
Azi1,3,1,17,10,10,20,8,14,8,5,1,6,2
B2m,2666,1769,1949,3003,3768,5662,2155,4578,1995,3058,1650,1565,3129
Bche,6,0,11,6,16,28,3,15,5,5,24,14,22
Bckdk,22,10,50,37,55,101,50,85,19,33,33,32,29
Bcl10,117,38,97,173,182,338,79,271,88,86,64,96,43
Bcl2a1a,22,18,19,27,25,22,6,24,15,5,10,3,12
Bcl2l1,113,60,144,123,163,256,84,221,62,90,109,91,41
Bcl6,95,34,84,191,224,588,112,305,70,122,52,144,32
Bcl7b,21,18,65,52,73,82,34,72,30,19,23,33,24
Bcl7c,1,0,2,1,2,2,3,0,0,3,0,2,0
Bdkrb2,0,0,0,0,0,1,0,0,0,0,0,0,0
Bet1,30,34,45,31,41,77,25,74,23,38,44,25,66
Bex2,2,8,4,7,5,5,2,8,0,0,2,2,7
Bfsp1,0,0,0,0,0,1,0,1,0,0,1,0,0
Glb1,99,79,118,66,92,261,131,256,66,72,85,83,75
Bicd1,4,12,1,5,3,22,3,16,3,3,8,6,8
Bcl2l11,66,20,44,62,56,189,38,156,58,64,41,42,12
Bmp10,0,0,0,0,3,0,0,0,0,0,0,0,0
Bmp15,0,0,0,0,0,2,0,3,0,0,0,0,0
Bmpr1a,112,131,63,113,102,374,98,284,76,50,136,69,92
Bmx,13,3,8,9,14,4,10,25,5,3,29,15,18
Bnip3l,167,137,87,155,186,354,114,293,135,107,157,91,139
Bst1,4,3,3,9,8,4,0,1,0,1,1,1,3
Brca1,3,4,3,1,2,7,2,7,1,6,2,4,6
Brs3,0,0,0,0,0,0,0,0,0,0,0,0,1
Chic1,21,79,18,49,31,89,30,81,31,0,60,29,40
Bsg,657,1459,1188,998,1232,2230,827,2178,500,274,1472,751,1430
Klf5,0,0,0,0,1,0,0,0,0,0,0,2,0
Btg3,3,3,1,3,2,11,2,5,4,2,6,4,0
Bub1b,3,4,3,14,9,22,3,16,3,5,7,4,5
Bub3,56,49,55,47,60,184,65,151,49,45,56,41,114
Tspo,16,17,38,29,59,33,17,41,6,3,11,18,49
Serping1,6,7,22,17,24,8,3,15,2,5,16,16,4
C1qb,2357,1152,3402,2923,4398,5339,2751,5324,2121,2499,1390,1835,1947
C3ar1,578,328,394,979,864,2360,480,1450,496,727,419,451,476
C4b,9,14,7,14,21,26,9,21,5,30,11,15,6
Cacna1e,0,0,0,5,0,2,1,2,4,0,6,2,0
Cacna2d3,0,13,2,2,1,22,4,10,0,0,3,3,0
Cacybp,60,98,35,86,72,257,66,237,90,59,106,59,124
Pdia4,204,185,201,165,199,569,182,560,150,152,297,145,254
Calb1,0,0,0,0,0,10,0,4,1,0,0,0,1
S100g,0,0,0,0,0,0,0,0,0,0,0,0,0
Calm1,408,439,387,693,632,1259,381,1192,377,359,604,346,537
Aspm,8,0,0,1,8,13,5,24,6,8,0,6,0
Camk4,11,23,14,14,15,48,8,22,5,0,14,16,7
Capn2,51,41,52,54,63,106,47,118,33,29,85,68,40
Capns1,133,107,194,192,262,423,169,383,100,98,166,138,112
Capn7,76,57,49,92,99,292,63,208,60,73,96,54,55
Capza1,72,54,56,61,90,222,54,160,54,53,65,37,46
Car11,0,1,0,2,4,2,4,4,0,0,6,7,1
Car2,96,320,214,262,277,459,120,457,69,3,297,130,324
Car6,0,0,0,0,0,0,0,0,0,0,0,0,0
Cat,111,106,123,143,143,348,108,321,78,93,171,91,109
Cask,100,67,51,89,80,396,114,307,114,97,112,89,87
Casp1,63,59,47,77,115,194,42,138,67,80,42,43,65
Casp12,8,8,14,16,20,13,5,20,9,12,8,5,8
Casp14,0,0,0,0,0,0,0,0,0,0,0,0,0
Casp3,60,41,42,54,69,126,28,93,36,47,40,34,25
Casp6,19,13,11,23,25,45,23,44,16,13,29,27,31
Casp8,219,126,146,191,222,715,188,528,184,245,197,175,164
Casq1,2,0,0,0,0,0,0,3,0,1,1,1,0
Casq2,1,5,3,1,5,4,0,4,3,0,9,6,6
Cast,75,59,35,99,115,169,40,158,42,40,104,46,36
Ctnna1,208,233,225,297,318,649,185,589,153,94,319,220,202
Cbfa2t2,60,20,29,46,41,176,37,105,47,47,52,29,6
Rb1cc1,141,80,63,94,79,317,76,242,81,91,99,81,51
Cckar,0,0,0,0,0,0,0,0,0,0,0,0,0
Ccna2,13,23,12,13,15,24,7,42,8,21,13,21,21
Ccnd2,134,157,137,147,170,292,93,294,62,17,225,114,74
Ccng1,212,269,150,260,248,393,134,430,127,111,202,127,136
Ccnk,55,9,38,59,49,148,40,98,41,35,30,34,9
Ccnt1,28,21,26,40,56,81,25,62,19,23,27,23,15
Ccrn4l,139,84,146,96,151,51,16,38,8,8,12,110,4
Cct4,208,200,118,244,260,526,152,558,157,166,215,133,219
Cct6a,172,142,163,220,239,451,145,438,123,156,188,119,183
Cct6b,0,0,0,0,2,3,0,3,2,0,2,2,0
Cct8,203,202,159,216,254,646,167,500,214,171,215,179,252
Cd14,739,555,1137,1248,2149,985,420,903,283,373,237,474,300
Ctla4,0,0,0,0,0,2,0,2,0,0,0,0,0
Cd19,1,0,0,0,0,3,0,1,0,0,0,3,0
Cd24a,24,25,28,70,24,142,14,99,36,14,56,29,43
Cd2ap,266,170,153,235,222,770,153,554,197,200,303,198,103
Entpd1,1256,656,915,922,1250,2751,889,2598,1119,1188,1008,759,641
Entpd2,1,1,2,1,0,1,0,1,0,0,0,0,0
Cd3g,1,1,0,0,3,1,0,1,0,0,0,1,0
Cd44,37,35,29,116,60,53,16,41,11,6,11,27,8
Cd68,343,175,527,400,518,1148,406,940,316,292,298,340,231
Cd80,26,18,15,23,28,79,30,61,21,30,23,18,30
Cd83,1480,803,1470,2893,2858,6989,1407,3523,1166,1575,997,1301,870
Cd8b1,0,0,0,0,0,0,0,0,0,0,1,0,0
Cdc25c,1,0,0,1,2,3,1,5,0,0,0,2,1
Cdc42,925,804,694,1041,1065,2384,719,1947,721,853,812,587,981
Cdh10,0,0,0,0,0,2,0,1,0,0,0,0,0
Cdh11,1,3,3,4,6,4,7,6,1,1,7,0,7
Cdh4,0,0,0,0,0,4,0,8,0,2,1,1,0
Cdh5,156,96,172,134,268,104,46,150,32,35,132,128,26
Cdh9,0,0,0,0,0,0,0,0,0,0,0,0,0
Cdk4,43,16,45,66,84,151,53,145,41,53,69,43,61
Cdk5r1,39,13,38,19,31,151,51,90,51,40,32,32,16
Cdk5r2,0,0,0,0,0,0,0,0,0,0,0,0,0
Cdk6,25,9,17,31,33,56,7,43,13,13,17,26,3
Cdk7,33,36,32,36,40,81,35,68,31,21,53,28,39
Cdkn1b,61,37,35,47,63,203,43,160,61,50,59,58,49
Cdkn2d,0,0,0,0,0,0,0,0,0,0,0,0,0
Ift81,15,43,16,30,31,49,25,57,8,7,25,27,34
Cdx1,0,0,0,0,0,0,0,0,0,0,0,0,0
Cebpb,77,15,69,60,52,65,34,67,24,42,19,50,7
Cebpg,129,83,102,110,146,391,121,361,152,143,155,144,71
Celsr1,8,7,6,12,12,45,10,28,2,0,7,10,1
Cer1,0,0,0,0,0,0,0,1,0,0,0,0,0
Cfh,1639,934,955,1263,1580,3702,1140,3023,1320,1423,1371,1124,1072
Cga,0,0,0,0,0,0,0,0,0,0,0,0,0
Ch25h,62,65,141,56,150,15,5,15,3,2,4,87,14
Chat,0,0,0,0,0,0,0,0,0,0,0,0,0
Chi3l3,30,14,40,24,52,6,0,10,3,2,13,32,13
Cideb,0,1,6,3,9,2,3,4,2,0,4,0,7
Cish,22,15,55,39,56,23,6,21,8,2,10,10,6
Socs1,2,1,2,3,2,1,4,2,1,1,0,3,0
Ckmt1,4,11,0,8,0,6,3,3,0,0,3,1,3
Coro1a,140,76,319,274,322,585,321,522,200,189,133,230,226
Clca1,0,3,0,1,2,0,0,1,0,2,0,0,1
Clcn2,5,2,2,7,8,19,5,9,3,2,1,10,0
Cldn3,0,0,0,4,0,4,0,0,0,0,0,1,3
Cldn4,0,0,0,0,0,0,0,0,0,0,0,0,0
Clgn,6,4,5,3,5,27,6,17,8,8,7,5,2
Tpp1,457,375,448,459,466,1222,424,1050,409,375,497,359,223
Cmas,30,31,42,34,48,110,37,99,45,70,49,20,28
Cxcr2,12,5,5,10,11,6,3,4,1,1,0,20,4
Cxcr3,1,0,0,0,1,4,0,7,0,1,5,0,1
Cxcr4,10,10,8,18,5,62,25,43,29,9,15,22,21
Ccr1,51,19,27,36,38,99,38,71,32,27,25,68,63
Ccr3,4,0,2,2,4,6,3,11,4,6,7,3,3
Ccr2,8,8,12,14,13,27,16,50,20,14,13,25,30
Ccr4,0,0,0,0,0,0,0,0,0,0,0,0,0
Ccr5,586,390,422,413,592,1994,622,1470,683,776,781,502,863
Cnga3,0,0,0,0,0,0,0,0,0,0,0,0,0
Cnih2,0,0,2,1,0,2,0,1,0,0,0,3,0
Camp,15,3,12,9,31,0,1,6,5,3,6,10,10
Cnn1,1,0,8,1,8,0,1,0,2,0,6,4,3
Cnr2,39,13,22,16,16,60,13,62,23,30,13,29,11
Col10a1,2,0,4,0,0,1,1,2,0,0,3,2,0
Col11a2,0,0,3,0,3,1,0,7,2,0,3,3,1
Col15a1,90,17,83,95,89,199,81,172,46,56,43,66,8
Col3a1,6,0,1,9,2,16,1,34,1,3,7,9,0
Col4a1,246,56,386,295,452,137,34,218,54,44,140,223,15
Col4a2,107,47,195,141,260,91,23,147,30,18,109,131,8
Col6a1,0,2,0,7,1,3,1,9,0,0,3,1,1
Col9a3,56,121,137,125,135,269,107,277,37,0,102,108,44
Colq,0,1,0,0,0,0,0,0,0,0,0,0,0
Copa,436,281,309,357,417,1177,393,916,311,310,383,339,278
Cops2,187,268,137,234,245,517,139,411,151,126,193,127,242
Coq7,13,28,12,12,18,36,11,15,7,3,24,9,25
Cox4i1,93,214,224,248,379,399,179,442,119,67,182,151,554
Cox5b,4,11,0,11,9,17,3,9,10,2,6,7,14
Cox6a2,1,0,1,0,0,1,1,4,0,1,0,1,0
Cox7a1,1,8,4,12,3,6,4,8,0,0,4,7,4
Cox7a2,71,126,66,93,113,172,72,176,41,32,90,65,228
Cplx2,2,9,2,10,3,14,7,22,1,1,9,8,1
Cpt1b,5,4,8,6,15,31,7,12,2,1,8,9,6
Cpt2,35,24,25,34,41,96,28,61,16,19,48,41,35
Cradd,14,10,15,15,27,49,9,28,11,17,12,8,4
Igf2bp1,0,0,0,0,0,0,0,0,0,0,0,0,0
Creb1,193,101,106,175,181,576,171,477,169,188,210,194,118
Crhr2,7,17,20,23,18,51,12,33,2,0,16,12,1
Dpysl2,87,24,39,61,68,236,88,185,86,129,73,84,40
Pcdha7,5,15,11,8,3,17,6,7,0,0,9,2,2
Pcdha5,5,15,11,8,3,17,6,7,0,0,9,2,2
Pcdha11,5,15,11,8,3,17,6,7,0,0,9,2,2
Pcdha10,5,15,11,8,3,17,6,7,0,0,9,2,2
Gpr44,7,2,6,12,7,22,6,10,1,6,3,11,1
Cry2,12,10,16,15,19,72,7,37,10,6,11,26,7
Cryab,27,45,70,50,85,99,41,108,17,3,66,41,64
Cryba1,0,0,0,0,0,0,0,0,0,0,0,0,0
Crygs,0,0,0,4,0,0,0,0,0,0,0,0,0
Cryz,21,23,26,29,31,52,25,62,8,20,23,21,36
Csf2ra,31,7,31,39,45,80,35,59,28,27,23,30,8
Csn2,0,0,0,0,0,0,0,0,0,0,0,0,0
Csn1s2b,0,0,0,0,0,0,0,0,0,0,0,0,0
Csnk2a2,44,21,16,35,55,93,40,75,37,37,43,38,4
Csnk2b,45,33,70,60,67,164,52,114,34,32,49,63,50
Cst3,6467,4262,8326,9252,11997,19792,8206,15008,6783,7410,5354,5346,12521
Cst7,13,4,0,14,15,13,2,9,6,11,1,3,6
Cst8,0,0,0,0,0,0,0,0,0,0,0,0,0
Cst9,0,0,0,0,0,0,0,0,0,0,0,0,0
Ctbp2,83,51,71,105,93,260,88,226,71,53,96,81,36
Ctsc,557,376,384,600,530,1313,474,1104,490,491,482,426,519
Ctsd,8685,4303,9332,8243,9505,20363,9370,19177,7241,7527,6551,6353,4819
Ctsl,1203,935,908,1359,1701,3354,1097,2718,967,1069,933,840,1410
Ctsw,1,1,5,0,6,12,1,10,1,1,2,3,3
Cx3cr1,5018,1536,3518,3281,3238,14648,5051,13431,4948,5407,5015,3946,2103
Cyct,0,0,0,0,0,0,0,0,0,0,0,0,0
Cyp11b2,0,0,0,0,0,0,0,0,0,0,0,0,0
Cyp1a2,0,0,0,0,0,0,0,0,0,0,0,0,0
Cyp1b1,47,10,36,23,23,5,1,10,5,4,20,8,6
Cyp21a1,0,0,0,0,0,0,0,0,0,0,0,0,0
Cyp24a1,0,0,0,0,0,0,0,0,0,0,0,0,0
Cyp2a4,0,0,0,0,0,0,0,0,0,0,0,0,0
Cyp2b10,0,0,0,0,0,0,0,0,0,0,0,0,0
Cyp2b9,0,0,0,0,0,0,0,0,0,0,0,0,0
Cyp2c37,0,0,0,0,0,0,0,0,0,0,0,0,0
Cyp2c38,0,0,0,0,0,0,0,0,0,0,0,0,0
Cyp2c39,0,0,0,0,0,0,0,0,0,0,0,0,0
Cyp2c40,0,0,0,0,0,0,0,0,0,0,0,0,0
Cyp2d10,0,0,0,0,0,0,0,0,0,0,0,0,0
Cyp2d9,0,0,0,0,0,0,0,0,0,0,0,0,0
Cyp2j5,0,0,0,0,0,0,0,0,0,0,0,0,0
Cyp2j6,8,33,19,14,15,36,6,31,2,1,29,5,34
Cyp27b1,0,0,0,0,0,1,0,2,0,0,0,0,0
Cyp46a1,0,3,3,1,1,5,1,7,1,0,3,5,0
Cyp4a10,0,0,0,0,0,0,0,0,0,0,0,0,0
Cyp8b1,0,0,0,1,0,2,0,0,0,0,0,0,1
Cd55,36,97,37,54,52,95,30,74,11,3,46,29,45
Dag1,88,54,75,67,74,249,76,206,70,45,135,95,18
Dao,0,0,0,0,0,0,0,1,0,0,0,0,0
Dapk2,0,0,0,1,1,0,0,0,0,0,3,0,0
Slc6a3,0,0,0,0,0,0,0,0,0,0,0,0,0
Dazl,1,8,1,0,0,1,1,1,0,0,1,1,2
Dbt,60,74,38,54,61,113,58,108,28,40,56,47,64
Eci1,22,30,26,41,29,56,27,55,6,13,19,12,28
Asap1,131,35,58,103,84,355,66,213,91,81,97,81,17
Ddt,8,7,10,15,22,28,6,35,8,2,13,7,36
Ddx3x,2031,1527,1259,2877,2908,7191,1525,5029,1642,1827,1971,1679,1477
Defa4,0,0,0,0,0,0,0,0,0,0,0,0,0
Des,3,1,11,2,14,4,0,6,1,1,4,6,3
Darc,224,311,435,183,814,9,1,1,1,4,2,183,7
Dgat1,26,15,44,28,41,89,25,85,22,27,31,33,9
Dgcr6,6,8,11,17,19,23,8,22,4,5,11,15,10
Dhfr,4,9,9,4,8,22,10,13,3,8,13,4,6
Dio2,0,2,0,0,0,2,0,2,3,0,1,1,0
Dkk1,0,0,0,0,0,0,0,0,0,0,0,0,0
Dlk1,0,1,0,0,0,5,1,1,0,0,0,0,0
Dlx1,0,0,0,0,0,1,0,0,0,0,0,0,0
Dlx2,0,0,0,0,0,0,0,0,0,0,0,0,0
Dlx3,0,0,0,0,0,0,0,1,0,0,0,0,0
Dlx5,0,0,0,0,0,0,0,0,0,0,0,0,0
Dmwd,0,3,7,7,11,11,12,23,3,2,8,24,2
Dmc1,0,1,2,1,2,0,0,1,3,0,1,2,2
Dnahc11,38,43,9,40,27,116,18,73,10,2,36,27,14
Dnase2a,78,32,103,90,128,222,111,192,66,76,59,57,27
Dnm1,0,0,0,0,1,1,0,0,0,0,0,0,0
Trdmt1,10,16,13,10,15,43,4,29,11,13,9,11,12
Doc2a,16,4,18,20,13,37,17,41,8,12,12,9,4
Dok1,37,12,47,30,25,99,46,88,13,41,33,29,10
Dok2,2,1,4,2,4,6,2,3,1,0,4,2,1
Dpm1,38,24,13,22,30,101,31,68,29,26,27,28,33
Dpm2,20,18,26,19,34,71,19,49,27,13,21,15,25
Dpp4,6,3,4,10,3,20,1,2,6,3,3,0,5
Drd1a,1,0,0,0,0,0,0,1,0,1,0,1,0
Drd2,0,0,0,0,0,0,0,0,0,0,0,0,0
Drp2,0,0,0,0,0,2,0,4,0,0,0,0,0
Dsg1a,0,0,0,0,0,0,0,0,0,0,0,0,0
Dspp,0,0,0,0,0,0,0,0,0,0,0,0,0
Adam18,1,1,3,1,0,0,0,0,0,0,0,0,1
Adam26a,0,0,0,0,0,0,0,0,0,0,0,0,0
Adam24,0,0,0,0,0,0,0,0,0,0,0,0,0
Prl8a2,0,0,0,0,0,0,0,0,0,0,0,0,0
Usp17l5,0,0,0,0,0,0,0,0,0,0,0,0,0
Dusp2,75,12,97,54,78,112,33,74,26,31,17,39,11
Dvl1,25,10,38,32,48,101,50,102,28,33,31,46,16
E2f3,117,26,61,72,80,192,57,132,49,56,59,65,15
Lefty1,9,6,6,6,7,24,4,14,3,5,3,4,3
Ebf2,0,0,0,0,0,1,0,0,0,0,0,0,0
Sparcl1,158,157,237,210,487,463,56,368,133,136,662,223,249
Opn3,1,3,1,2,4,10,0,6,0,0,0,0,0
Edar,0,2,4,0,4,2,1,4,1,0,0,1,1
S1pr3,4,6,6,21,38,17,2,12,1,5,15,16,9
S1pr4,5,2,2,3,6,10,5,15,2,10,1,4,2
Edn1,74,34,65,43,67,169,36,131,55,62,96,88,33
Eef1a1,2016,1974,1724,2945,3368,5874,1755,4949,1554,1666,2014,1502,2478
Efna1,0,0,3,4,0,21,4,16,2,3,12,0,10
Efna3,0,0,0,0,0,0,0,0,1,1,2,1,1
Efna5,5,7,5,8,3,13,3,13,2,2,5,3,1
Efnb1,26,5,24,16,31,75,32,81,24,19,18,22,6
Efnb2,67,16,27,54,54,129,19,89,23,24,38,41,4
Efs,12,13,22,25,18,43,15,36,11,0,18,19,8
Klk1b22,0,0,0,0,0,0,0,0,0,0,0,0,0
Egfbp2,0,0,0,0,0,0,0,0,0,0,0,0,0
Klk1b9,0,0,0,0,0,0,0,0,0,0,0,0,0
Rhbdf1,11,3,26,12,22,35,12,37,9,7,10,15,3
Egr2,222,85,170,193,275,715,164,414,135,168,156,196,32
Ehd1,82,32,162,172,118,68,12,65,20,17,21,48,10
Eif1a,184,195,122,301,369,298,64,192,60,73,96,108,84
Eif2ak3,74,23,31,49,61,188,67,169,54,67,48,45,28
Eif3a,424,283,225,480,533,1268,247,960,264,252,365,338,197
Eif4ebp2,51,8,43,42,30,112,29,106,36,42,55,42,0
Pou6f1,23,13,24,32,39,103,15,58,15,23,25,18,5
Emp1,127,96,103,143,252,54,18,90,33,22,64,69,31
Emr1,626,342,361,626,433,1500,503,1170,541,567,442,333,495
Emx1,0,0,0,2,2,0,0,0,0,0,0,1,0
Emx2,1,2,1,2,1,1,0,6,0,0,0,1,0
En1,0,0,0,0,0,0,0,0,0,0,0,0,0
En2,0,1,0,0,0,0,0,0,0,0,0,0,0
Epas1,310,163,307,346,449,525,172,583,218,129,613,397,56
Epha2,119,39,133,150,173,497,111,299,75,108,55,168,21
Epha3,0,2,0,0,1,1,0,4,0,0,0,1,1
Epha7,0,6,0,1,2,7,2,8,1,0,3,0,0
Ephb2,1,0,0,0,1,1,0,2,0,0,0,0,0
Ephb3,11,1,13,9,10,41,11,30,5,11,7,10,0
Ephx1,74,205,167,183,177,304,101,292,66,38,182,96,203
Epn1,97,18,112,111,128,297,130,285,99,91,73,129,15
Epn2,35,37,31,64,54,174,40,121,47,37,90,50,25
Epor,2,0,5,0,0,7,3,1,0,0,3,1,1
Nr2f6,10,2,9,16,8,33,7,33,7,6,9,7,9
Nr2f1,0,0,2,0,3,9,1,5,2,0,7,5,0
Erbb3,1,1,2,0,2,1,0,0,0,0,3,5,0
Erbb4,4,25,5,19,4,41,7,27,3,0,17,11,2
Erf,78,30,93,167,144,354,101,258,68,99,51,89,20
Samd9l,190,144,90,153,290,71,20,59,29,31,38,50,36
Esr2,0,0,0,0,0,3,0,1,0,0,0,0,0
Khdrbs3,61,27,66,44,52,142,48,132,48,47,44,44,18
Ext1,41,20,45,50,81,74,26,98,26,32,29,42,16
Ext2,54,17,54,47,49,101,55,105,41,35,44,44,16
Eya1,0,0,0,2,0,3,0,5,1,0,0,0,1
Eya2,0,0,0,1,0,4,0,4,0,0,1,0,0
Eya3,56,46,33,38,44,119,47,142,51,46,47,38,34
Eya4,61,22,21,36,29,108,20,85,23,49,35,20,25
F2r,6,0,6,16,6,17,1,9,2,3,15,8,1
F2rl2,0,0,0,0,0,0,0,2,0,0,0,0,0
F3,18,16,30,30,27,49,5,24,5,9,10,3,9
Faah,3,0,4,8,2,6,1,7,1,0,4,3,3
Fabp3,0,1,0,0,0,4,5,2,0,0,1,2,1
Fadd,21,11,7,10,14,42,14,37,9,4,12,9,8
Fbln1,17,16,27,22,23,29,10,23,0,1,16,17,5
Fbn2,1,0,0,0,0,0,0,0,0,0,1,0,0
Fbrs,45,36,78,106,103,309,98,263,61,66,62,104,7
Fcer1a,0,0,0,0,0,1,0,0,0,0,0,0,0
Fcer1g,566,337,431,626,769,1171,443,966,420,472,324,313,694
Fcgr1,334,206,330,298,361,927,347,909,309,397,307,245,358
Fcgr3,1692,1216,1428,1505,2463,2807,1220,2930,1300,1472,986,830,1313
Fcgrt,54,36,119,73,123,167,75,181,59,54,60,72,70
Fcnb,0,0,0,0,3,0,0,1,0,0,0,0,0
Fdft1,79,67,45,62,90,196,68,188,53,75,87,56,68
Fem1a,48,10,31,33,40,99,34,94,41,29,39,43,7
Fem1b,90,80,41,93,90,258,72,199,74,55,113,60,30
Fes,114,24,169,157,170,447,190,384,116,111,89,183,30
Lgr5,0,0,0,0,0,0,1,1,2,0,0,3,0
Fgf11,2,0,0,0,0,7,0,0,1,0,0,1,0
Fgf12,1,0,0,0,0,0,0,0,0,0,0,0,0
Fgf13,12,2,2,17,16,46,6,29,17,10,6,7,7
Fgf4,0,0,0,0,0,0,0,0,0,0,0,0,0
Fgf5,0,0,0,0,0,1,0,0,0,0,0,0,0
Fgf6,0,0,0,0,0,0,0,0,0,0,0,0,0
Fgfr2,36,85,37,65,43,143,33,105,11,0,59,37,18
Fgr,20,13,38,30,31,25,6,9,6,9,5,21,7
Fh1,43,61,36,78,85,141,44,116,22,20,84,53,78
Fhit,5,3,1,3,12,22,2,15,8,11,3,10,18
Fhl2,0,0,0,0,0,4,0,1,0,1,0,1,0
Fhl3,23,3,59,26,29,42,16,34,21,16,12,24,6
Fhl4,1,0,2,2,0,4,0,2,0,0,0,0,1
Il4i1,5,1,20,9,18,15,8,12,3,3,4,12,3
Figf,0,1,2,0,1,3,1,1,0,1,1,0,3
Ctgf,87,27,74,31,68,19,8,39,6,8,31,22,6
Fjx1,0,0,1,0,1,4,0,6,0,0,0,0,0
Fkbp4,55,34,80,64,92,205,94,235,79,74,96,57,81
Fkbp5,864,254,514,667,832,221,105,271,174,214,108,373,30
Fkbp7,28,11,10,15,29,58,23,63,14,13,24,7,27
Foxf2,6,3,5,4,3,10,3,15,11,3,21,5,0
Foxs1,1,0,1,2,3,1,0,0,0,0,0,1,1
Flna,340,207,370,351,577,852,234,791,229,208,441,471,92
Flt1,274,186,258,275,464,403,83,380,206,157,597,332,76
Fmo1,9,7,14,9,18,26,8,32,20,9,20,3,17
Fn1,607,220,553,552,816,399,123,618,248,163,575,734,46
Fos,3117,944,3196,3182,3264,6401,2370,6923,1846,1988,2128,2851,871
Fosl1,4,1,5,12,13,8,3,1,0,3,1,2,0
Fpgs,9,6,18,7,27,28,21,32,3,14,12,10,6
Fth1,1640,1014,1570,2401,2276,4067,1112,3188,961,1055,1150,1019,1050
Ftl1,259,117,418,658,749,1360,418,1041,291,357,205,403,380
Aktip,69,87,60,79,56,201,57,167,53,23,144,40,89
Fut4,7,0,3,3,2,11,3,12,1,1,5,2,0
Fut9,0,0,0,8,0,5,0,8,4,0,1,0,0
Fv1,4,2,3,1,1,15,0,12,2,2,4,5,8
Fzd9,0,0,0,1,0,1,1,3,0,0,0,0,2
Xrcc6,18,14,19,20,26,57,25,32,13,8,21,14,17
Gabra1,0,0,0,0,0,0,0,0,0,0,0,0,0
Gabra4,8,22,3,11,11,23,4,21,7,0,19,7,4
Gabrg1,2,6,1,7,5,3,1,6,0,0,8,0,4
Galr2,0,0,0,0,0,0,0,1,0,0,0,0,0
Gamt,2,0,5,1,3,9,5,6,1,2,7,2,4
Gart,47,33,47,43,51,118,32,121,33,46,37,63,23
Gast,0,0,0,0,0,0,0,0,0,0,0,1,0
Gata6,0,1,1,0,4,0,0,0,2,0,2,1,0
Gbp2,533,441,276,576,1345,60,18,56,21,22,43,232,34
Rabac1,34,65,72,70,109,137,54,132,23,34,49,49,138
Gbx2,0,0,0,0,0,0,0,0,0,0,0,0,0
Gdap2,96,40,44,77,84,186,36,122,45,57,59,50,74
Mrps33,5,14,3,13,7,10,7,16,2,4,5,3,19
Gdf11,1,14,3,14,3,11,4,18,0,0,6,2,3
Gdi1,233,112,146,255,257,630,187,462,154,143,211,217,129
Gdnf,0,0,0,0,0,0,0,1,1,0,0,0,0
Gem,303,192,277,401,479,1503,292,717,289,274,185,371,182
Gfap,0,0,4,105,0,16,2,25,0,1,3,1,0
Gfra1,2,0,0,0,0,4,0,2,0,0,0,0,0
Gfra3,0,0,0,0,0,0,0,0,0,0,0,0,0
Ggh,96,208,95,102,139,291,90,231,61,60,148,77,175
Ggps1,47,42,25,47,54,128,29,97,39,27,38,33,42
Ggta1,212,60,125,148,121,426,132,340,120,183,120,107,97
Ghr,13,25,14,26,20,38,2,39,6,0,32,17,9
Tsc22d3,642,203,425,862,667,763,331,1041,409,507,407,482,325
Gpr83,0,0,0,0,0,0,0,0,1,0,0,0,0
Gja1,46,54,59,101,163,58,4,67,2,2,15,14,11
Gja10,0,0,0,0,0,1,0,0,0,0,0,0,0
Gjd2,0,0,0,0,0,0,0,0,0,0,0,0,0
Gjb5,0,0,0,0,0,0,0,0,0,0,0,0,0
Gck,2,0,1,0,1,0,1,0,2,0,0,0,0
Gykl1,1,0,0,0,0,0,0,0,0,0,0,0,0
Gk2,0,0,0,0,0,0,0,0,0,0,0,0,0
Gclc,84,57,67,95,70,433,99,294,102,91,92,79,47
Gli1,0,1,0,2,2,2,1,3,0,1,0,0,2
Glra4,1,0,0,0,0,0,0,0,0,0,0,0,0
Glrb,3,8,5,6,7,15,4,12,3,2,13,7,2
Gm2a,178,142,237,199,199,497,175,413,118,135,203,152,136
Gna11,11,9,33,27,27,61,35,73,11,14,27,25,15
Gna12,54,23,97,94,99,292,88,228,90,78,79,104,21
Gna13,475,204,263,672,696,1248,281,923,305,322,301,352,138
Gna15,80,22,105,74,80,404,145,344,119,140,102,105,45
Gnai1,16,48,12,38,21,63,20,61,12,3,46,12,23
Gnai3,253,238,184,290,304,594,169,443,154,193,171,185,149
Gnal,10,13,20,16,8,34,14,47,9,9,14,4,5
Gnao1,0,0,4,8,0,10,3,13,3,0,5,1,2
Gnaz,0,0,0,0,0,2,2,3,0,0,1,0,0
Gngt1,0,0,0,0,0,0,0,0,0,0,0,0,0
Gng3,6,2,0,8,6,13,2,10,2,14,5,2,3
Gng4,3,0,3,0,0,1,0,3,1,0,0,1,0
Gng5,7,13,7,10,18,29,3,12,10,7,9,8,25
Gng8,0,0,3,0,0,0,0,0,0,0,0,0,0
Gnmt,0,4,1,5,1,5,0,5,0,0,0,0,6
Gnpat,67,42,67,63,79,238,67,160,78,52,75,74,60
Gnrhr,0,0,0,0,0,0,0,0,0,0,0,0,0
Got1,37,79,70,96,98,202,45,153,35,18,81,55,61
Got2,25,30,27,31,49,94,24,109,17,14,43,29,27
Gp1ba,3,0,0,2,5,15,0,10,1,2,1,0,1
Pdpn,38,66,30,43,47,57,11,40,7,0,34,24,36
Emb,156,396,210,346,261,534,133,488,76,1,300,145,361
Gpaa1,23,10,62,29,54,84,43,61,20,33,18,32,9
Ednra,5,3,7,6,11,7,0,7,1,1,7,7,2
S1pr2,7,1,10,14,18,21,3,17,6,9,6,6,1
Lpar1,1,1,0,4,1,14,1,8,0,0,3,0,3
Gpr50,0,0,0,0,0,2,0,2,0,0,0,0,0
Nmur1,0,0,0,0,0,0,0,0,1,0,0,0,0
Npbwr1,0,0,0,0,0,0,0,0,0,0,0,0,0
Gpx5,0,0,0,0,0,0,0,0,0,0,0,0,0
Gsr,42,17,26,31,26,76,24,60,16,12,18,19,18
Grb10,21,44,14,24,38,75,19,70,14,1,59,15,24
Grb7,1,1,0,0,0,2,3,1,2,0,1,1,4
Aes,28,56,133,91,85,192,85,163,45,28,80,57,27
Grik1,0,0,0,0,0,0,0,1,0,0,0,0,0
Grin2c,0,0,0,0,0,1,1,0,0,0,2,1,0
Gsc,0,0,0,0,0,0,0,0,0,0,0,0,0
Gsg2,8,5,2,2,4,11,5,11,5,7,3,3,7
Gsta4,32,113,21,66,64,175,63,156,17,9,106,28,160
Gstm1,5,8,15,30,20,44,10,40,10,3,13,12,8
Gstm3,0,0,0,0,0,0,0,0,0,0,0,0,0
Gstm5,16,80,33,63,41,101,43,99,23,9,59,27,98
Gstt2,1,4,4,7,14,15,8,15,1,2,3,10,18
Gsto1,26,12,16,20,27,70,12,44,12,18,9,23,14
Gstz1,17,28,17,34,35,81,15,43,12,10,14,23,15
Gtf2h4,11,11,9,13,7,28,8,24,12,5,10,8,7
Gusb,281,106,228,269,269,683,245,529,212,226,198,218,108
Gypa,0,0,0,0,0,0,0,0,0,0,0,0,0
Gzma,25,11,10,18,19,22,1,22,4,4,4,2,22
Gzmc,14,2,4,22,21,8,0,3,2,0,0,1,6
Gzmd,0,0,0,0,0,0,0,0,0,0,0,0,0
Gzme,0,0,0,0,0,0,0,0,0,0,0,0,0
Gzmf,0,0,0,0,0,0,0,0,0,0,0,0,0
Gzmg,0,0,0,0,0,0,0,0,0,0,0,0,0
Hist1h1t,1,0,0,0,0,0,0,0,0,0,0,0,0
H2-Aa,226,126,224,248,228,377,240,461,233,57,139,176,534
H2-D1,482,239,689,773,1072,1390,469,1036,334,514,319,511,260
H2-Ea-ps,0,0,0,0,0,0,0,0,0,0,0,0,0
H2-Eb1,140,61,179,177,141,259,186,371,124,37,84,138,272
H2-Ke2,9,4,10,13,10,30,4,23,12,8,17,11,31
H2-DMa,49,26,88,59,89,173,81,178,60,62,45,57,69
H2-DMb1,49,30,85,47,58,158,52,159,44,57,45,29,85
H2-DMb2,6,0,0,3,5,14,5,13,1,3,8,9,3
H2-Ob,78,24,46,53,38,131,52,101,52,43,31,40,40
H2-Q10,1,0,3,3,3,0,0,1,2,2,0,1,0
H2-Q2,0,0,5,0,0,1,0,0,0,0,0,0,0
H2-Q7,16,10,21,8,35,23,6,7,5,10,8,13,11
H2-T10,5,0,5,9,9,5,7,1,1,2,2,0,0
H2-T22,38,27,33,51,108,78,33,77,25,24,28,18,33
H2-T23,87,48,111,123,147,216,89,208,74,70,80,70,89
H2-T9,38,26,33,51,107,77,33,77,25,24,28,18,33
Hal,0,0,0,0,0,0,0,0,0,0,0,0,0
Hand2,0,0,0,0,0,0,0,0,0,0,0,0,0
Hao1,0,0,0,1,0,0,0,0,0,0,0,0,0
Hap1,7,7,0,4,4,11,3,12,4,3,9,5,0
Hba-x,0,0,0,0,0,0,0,0,0,0,0,0,0
Hcn1,0,0,0,0,0,0,0,0,0,0,0,0,0
Hdac3,59,42,53,94,71,152,45,126,46,34,81,46,58
Htt,152,88,83,127,137,446,145,356,115,98,142,142,28
Hbegf,55,30,86,103,99,107,23,72,18,28,37,54,12
Hemt1,0,0,0,0,0,0,0,0,0,0,0,0,0
Herc2,806,276,335,524,534,2211,556,1662,571,671,668,701,207
Hes5,0,0,0,0,0,0,0,2,0,0,0,0,0
Hesx1,0,0,0,0,1,0,1,0,1,0,0,0,0
Hexa,664,257,616,602,592,1741,695,1537,597,579,549,475,405
Hexb,11266,5301,7769,8320,9401,24569,8725,21107,9037,9744,8058,6336,7435
Hey1,7,5,1,8,9,34,5,34,10,5,19,5,7
Hfe,139,101,114,139,151,321,118,276,105,129,101,102,110
Foxd3,0,0,0,0,0,0,0,0,0,0,0,0,0
Foxf1a,3,0,2,1,3,1,0,0,0,0,0,0,1
Hgf,4,13,1,5,13,9,2,18,7,4,7,2,0
Hif1a,415,367,407,502,584,1086,236,709,237,266,334,272,186
Hipk1,442,196,290,400,425,1000,208,790,266,313,357,333,81
Hira,44,13,31,44,31,139,36,117,53,36,42,28,12
H2afx,5,1,8,4,5,11,9,18,5,3,4,3,3
Hivep2,112,59,41,109,117,127,21,108,24,12,42,83,8
Hmgb1,25,25,20,28,33,104,35,98,43,22,34,14,36
Hmox1,721,285,684,339,658,2577,540,1372,524,513,342,685,257
Nr4a1,277,98,496,514,573,1963,479,1332,357,523,318,717,85
Hmx1,0,0,0,0,0,0,0,0,0,0,0,0,0
Foxa2,0,0,0,0,0,0,0,0,0,0,0,0,0
Hoxa11,0,0,0,0,0,0,0,0,0,0,0,0,0
Hoxa2,0,0,0,0,0,0,0,0,0,0,0,0,0
Hoxa3,0,0,0,0,0,0,0,0,0,0,0,0,0
Hoxa5,0,0,0,0,0,0,0,0,0,0,0,0,0
Hoxa6,0,0,0,0,0,0,0,0,0,0,0,0,0
Hoxa7,0,0,0,0,0,0,0,0,0,0,0,0,0
Hoxa9,0,0,0,0,0,0,0,0,0,0,0,0,0
Hoxb4,0,5,0,1,0,2,0,0,1,0,0,0,0
Hoxb7,0,0,0,0,0,0,0,0,0,0,0,0,0
Hoxb8,0,0,0,0,0,0,0,0,0,0,0,0,0
Hoxc10,0,0,0,0,0,0,0,0,0,0,0,0,0
Hoxc12,0,0,0,0,0,0,0,0,0,0,0,0,0
Hoxc13,0,0,0,0,0,0,0,0,0,0,0,0,0
Hoxc6,0,0,0,0,0,0,0,0,0,0,0,0,0
Hoxc8,0,0,0,0,0,0,0,0,0,0,0,0,0
Hoxd3,1,0,0,0,0,0,0,0,0,0,0,0,0
Hoxd4,0,0,0,0,0,0,0,0,0,0,0,0,0
Agfg1,90,51,69,75,114,192,57,164,83,76,78,76,49
Hrc,0,0,0,0,1,5,0,1,0,0,3,7,1
Hs3st1,33,23,36,19,27,32,15,39,6,4,12,32,22
Hsd17b7,8,11,10,7,10,17,4,17,5,2,10,5,5
Hspd1,169,89,108,80,109,665,114,446,174,127,159,154,122
Hspa1b,1070,252,564,76,212,3640,944,2343,1099,1165,748,670,146
Hspa1a,1077,277,600,126,301,3892,1021,2578,1187,1213,769,731,177
Hsp90aa1,562,407,301,264,397,2464,415,1497,558,508,403,515,370
Hspa9,242,199,202,297,303,658,196,587,162,163,270,177,169
Htr1b,2,0,0,0,0,1,0,2,0,0,0,0,0
Htr5b,1,0,0,0,0,4,0,4,1,0,0,0,0
Slc6a4,2,0,0,0,1,1,0,0,0,0,0,0,0
Elavl1,100,46,63,83,78,260,69,228,68,89,81,87,34
Elavl3,0,0,0,0,0,5,0,4,0,0,0,1,0
Hyal2,9,16,14,10,14,24,21,33,7,9,14,20,8
Iapp,0,0,0,0,0,0,0,0,0,0,0,0,0
Ica1,5,3,3,8,7,11,10,9,2,3,8,2,5
Icam1,1028,530,2003,1624,2323,1429,456,999,305,434,203,924,96
Icam2,20,6,28,16,52,13,10,27,8,6,28,9,28
Id1,14,15,30,51,54,47,25,55,11,27,24,26,41
Id2,523,333,522,613,1115,1487,356,967,336,361,283,430,412
Idh1,54,106,52,71,78,197,53,186,54,65,90,46,65
Ids,321,254,222,366,283,874,265,751,230,173,407,230,169
Ier2,133,65,275,201,325,293,117,321,84,103,88,140,80
Ier5,843,256,715,720,786,2253,586,1628,572,654,488,650,148
Ifit3,364,390,219,348,828,56,15,27,9,34,14,26,34
Ifna2,0,0,0,0,0,0,0,0,0,0,0,0,0
Ifna4,0,0,0,0,0,0,0,0,0,0,0,0,0
Ifna5,0,0,0,0,0,0,0,0,0,0,0,0,0
Ifna9,0,0,0,0,0,0,0,0,0,0,0,0,0
Ifnar1,182,64,100,148,187,438,124,384,128,112,190,145,57
Ifnar2,157,83,141,154,183,405,146,359,126,128,136,100,120
Ifnb1,4,2,1,1,4,12,5,16,0,3,2,0,2
Ifngr1,739,287,572,465,538,1325,518,1342,540,671,472,463,381
Igf1r,127,83,84,134,142,371,84,295,79,82,169,141,22
Igf2,685,1205,1013,1120,718,2033,811,2033,342,12,1374,712,190
Igf2r,57,85,50,82,73,216,50,200,36,3,147,56,30
Cyr61,28,25,52,107,71,101,46,146,53,18,104,95,41
Igfbp4,47,16,80,29,43,108,28,106,25,40,52,38,24
Igfbp5,28,33,21,67,17,96,14,82,11,1,43,30,10
Il18bp,17,18,3,14,18,16,6,8,7,6,5,9,9
Ihh,0,0,0,0,0,0,0,3,0,0,0,0,0
Ikbkb,96,49,71,107,122,242,87,258,91,96,118,128,59
Il11ra2,0,0,0,0,0,0,0,0,0,0,0,0,0
Il16,114,46,95,60,59,355,160,338,133,183,130,104,77
Il17a,0,0,0,0,0,0,0,0,0,0,0,0,0
Il18rap,6,0,0,3,4,4,2,1,1,2,3,10,2
Il1a,965,800,1235,2258,2628,6056,1074,2915,833,1523,627,955,683
Il1r2,14,35,16,35,30,16,4,10,9,0,4,15,4
Il6ra,421,91,235,283,309,775,323,883,286,337,281,303,45
Il6st,446,328,300,448,624,1494,329,869,283,316,431,500,206
Inha,2,0,1,3,1,1,0,0,0,0,0,0,0
Inhbc,0,0,0,0,0,0,0,0,0,0,0,0,0
Insr,200,125,119,168,189,388,88,298,107,93,158,162,30
Invs,44,10,24,37,34,96,38,93,47,49,38,31,24
Irs1,15,49,15,29,22,41,11,34,6,1,15,22,8
Irs3,1,2,0,0,0,1,0,3,1,0,0,4,0
Irs4,0,0,0,1,0,0,0,0,0,0,0,0,0
Irx1,0,0,0,0,0,0,0,0,0,0,0,0,0
Irx2,0,0,0,0,0,0,0,0,0,0,0,0,0
Itga2b,2,1,1,2,2,6,0,6,1,1,2,1,0
Itga4,26,14,10,50,42,57,28,49,29,3,32,29,10
Itga5,88,52,142,168,238,425,100,289,67,71,54,152,8
Itgb1,654,440,413,507,617,1302,440,1163,446,422,686,367,342
Eif6,24,20,43,42,47,61,23,62,24,24,23,33,33
Cd47,65,70,44,98,102,145,43,122,64,58,60,58,41
Itih2,0,0,0,1,0,0,0,0,0,0,0,0,0
Itk,7,1,0,1,4,1,0,2,0,0,0,1,0
Itln1,0,0,0,0,0,0,0,0,0,0,0,0,0
Itpr1,348,510,224,427,390,1014,313,919,207,33,631,403,176
Itpr2,211,71,140,204,234,516,145,480,203,199,161,180,64
Itsn1,30,22,24,58,34,69,24,94,26,18,47,33,6
Jag2,7,3,20,11,17,48,10,40,8,15,17,23,2
Jub,6,6,9,12,7,39,4,33,11,9,13,13,2
Jun,2451,565,1998,2040,2138,6049,2013,5358,1768,1817,1563,2295,463
Jund,133,43,193,246,209,447,155,361,147,144,105,173,32
Jup,49,14,88,65,84,247,73,198,47,62,59,89,12
Kap,0,0,0,0,0,0,0,0,0,0,0,0,0
Kcna1,0,0,0,0,2,4,0,6,0,0,4,0,0
Kcna7,0,0,1,2,0,5,7,3,0,0,1,3,0
Kcnab1,8,0,6,7,12,10,1,10,4,0,22,5,3
Kcnab2,3,4,7,7,6,13,4,7,2,2,6,3,3
Kcnab3,6,1,8,8,9,6,5,13,2,0,2,0,0
Kcnh3,0,0,0,0,0,0,0,0,0,0,0,0,0
Kcnj12,1,0,3,2,1,0,0,1,0,0,4,0,0
Kcnj16,0,1,0,1,2,10,3,5,0,0,2,2,1
Kcnj5,0,0,0,0,0,0,0,0,0,0,0,0,0
Kcnk2,0,2,2,0,0,6,0,3,0,0,5,2,0
Kcnk3,1,0,1,0,6,3,0,0,1,0,1,2,0
Kcnk7,0,2,0,0,0,3,2,2,2,1,1,1,1
Kcnma1,14,9,7,18,25,41,10,22,14,13,11,13,4
Kdr,48,26,34,47,71,290,52,213,57,34,239,46,36
Khsrp,70,19,39,44,57,185,84,129,60,66,41,67,1
Kif11,6,4,6,29,11,44,9,47,15,11,8,11,5
Kif12,0,0,0,0,0,0,0,0,0,0,0,0,0
Kif13a,83,49,38,86,94,262,97,207,72,74,71,100,16
Kif15,5,0,2,10,0,23,5,12,7,9,3,12,3
Kif7,0,0,0,2,1,2,1,4,1,0,1,3,0
Kifap3,53,36,17,42,34,121,37,83,50,19,63,31,38
Kifc2,9,1,2,6,10,8,5,10,4,0,3,8,2
Uhmk1,47,32,24,23,40,117,33,89,20,37,47,40,14
Fabp5,1,2,8,0,5,12,1,9,0,0,2,2,4
Klf12,58,34,30,29,38,129,30,96,31,21,55,62,13
Klf4,755,206,573,1162,820,1426,462,1553,389,508,371,617,90
Klf9,25,43,31,61,36,60,21,67,14,15,38,32,6
Klk1b11,0,0,0,0,0,0,0,0,0,0,0,0,0
Klk1b21,0,0,0,0,0,0,0,0,0,0,0,0,0
Klk1b24,0,0,0,0,0,0,0,0,0,0,0,0,0
Klk1b26,0,0,0,0,0,0,0,0,0,0,0,0,0
Klra12,1,1,0,1,1,2,2,2,0,0,0,1,2
Klra4,2,0,0,0,2,0,2,0,1,1,0,0,6
Klra9,2,0,4,0,3,0,3,2,1,0,0,0,1
Klrd1,10,7,3,12,21,15,7,23,11,3,17,7,9
Kpna2,4,3,2,1,6,11,6,6,2,2,1,2,1
Sspn,7,2,6,18,10,27,7,17,3,10,18,7,3
Hivep3,35,10,29,43,36,93,28,58,32,30,22,48,2
Mafb,562,149,411,307,352,1806,632,1450,560,763,473,652,109
Krt31,0,0,0,0,0,0,0,0,0,0,0,0,0
Krt10,0,1,0,0,4,4,0,1,1,0,1,0,3
Krt12,0,0,0,0,0,0,0,0,0,0,0,0,0
Krt13,0,0,0,0,0,0,0,0,0,0,0,0,0
Krt17,0,0,0,0,0,0,0,0,0,0,0,0,0
Krt18,14,61,56,47,50,75,22,81,10,2,39,22,52
Krt27,0,0,0,0,0,0,0,0,0,0,0,0,0
Krt86,0,0,0,0,0,0,0,0,0,0,0,0,0
Krt6b,0,0,0,0,0,0,0,0,0,0,0,0,0
Krtap12-1,0,0,0,0,0,0,0,0,0,0,0,0,0
Krtap13,0,0,0,0,0,0,0,0,0,0,0,0,0
Krtap6-1,0,0,0,0,0,0,0,0,0,0,0,0,0
Krtap6-2,0,0,0,0,0,0,0,0,0,0,0,0,0
Krtap8-1,0,0,0,0,0,0,0,1,0,0,0,0,0
Krtap8-2,0,0,0,0,0,0,0,0,0,0,0,0,0
Aff3,1,6,3,7,2,18,2,8,5,0,13,2,1
Lalba,0,0,0,0,0,1,0,3,0,1,0,0,0
Lama3,35,14,22,14,27,29,6,42,11,13,55,38,8
Lama4,21,13,17,17,38,25,3,31,8,5,17,26,7
Lamc1,73,43,82,75,116,138,35,134,42,47,85,72,12
Lamp1,877,508,815,983,849,2465,807,2194,732,809,833,646,545
Lamp2,1105,1127,665,1272,1246,2622,858,2222,775,853,1054,697,1222
Laptm5,2148,573,2653,2112,2182,6076,2519,5472,1940,2271,1537,2022,427
Large,126,50,65,88,59,214,81,196,73,103,92,86,12
Lasp1,214,69,144,202,224,862,268,631,236,203,191,230,65
Lats1,117,85,52,113,89,280,77,218,76,68,108,98,35
Lbx1,0,0,0,2,0,0,0,0,0,0,0,0,0
Lbx2,0,0,0,1,1,2,2,4,1,1,1,4,1
Lcn3,0,0,0,0,0,0,0,0,0,0,0,0,0
Lcn4,0,0,0,0,0,0,0,0,0,0,0,0,0
Lcp2,460,206,425,489,563,1029,312,846,316,334,267,327,107
Ldb1,99,42,112,104,121,382,144,284,94,122,80,146,22
Ldlr,22,13,28,37,27,42,17,33,8,5,11,25,7
Lect1,2,0,4,35,0,28,1,21,0,0,0,0,0
Lect2,0,0,0,0,0,0,0,0,0,0,0,0,0
Lef1,4,3,9,10,10,19,7,15,7,4,17,10,3
Lgals4,2,0,5,3,4,17,1,8,3,4,1,5,2
Lgals6,1,0,5,3,4,17,1,8,1,4,0,5,2
Lhx2,0,0,0,0,0,1,0,0,0,0,0,0,0
Lhx4,0,0,0,0,0,0,0,0,0,0,0,0,0
Lhx8,0,0,0,0,0,0,0,0,0,0,0,0,0
Lig3,68,28,61,58,41,150,42,107,37,36,44,43,33
Limk1,35,11,30,35,51,108,30,111,32,32,31,46,11
Lipe,41,14,94,65,107,121,53,101,39,41,37,66,25
Lipg,13,5,16,12,9,2,0,0,1,0,0,5,0
Lmnb1,54,44,41,66,72,87,13,55,16,10,15,32,9
Lmnb2,4,5,3,8,13,40,12,26,4,11,4,16,3
Psmb8,46,35,50,85,115,128,74,122,40,68,36,62,82
Lmx1b,0,0,0,0,0,0,0,0,0,0,0,2,0
Loxl1,7,9,7,8,3,14,4,15,0,0,4,3,1
Anxa1,38,14,25,23,60,19,5,30,6,2,15,25,29
Zbtb7a,47,12,45,75,80,158,56,128,47,53,50,55,5
Lrrn2,5,9,14,10,10,25,15,14,5,0,9,7,4
Lrrn3,1,0,0,2,1,5,0,1,1,0,12,0,7
Lst1,16,11,21,53,35,73,28,54,23,43,16,32,74
Ltbr,37,31,80,71,73,144,63,165,66,31,39,67,18
Ly6a,324,289,285,294,877,130,65,241,130,123,280,267,369
Muc13,0,0,0,0,0,0,0,0,0,1,0,0,0
Cd93,118,72,114,98,118,134,44,170,52,34,147,133,44
Ly6d,0,0,0,0,1,1,0,0,0,0,1,0,0
Ly86,885,675,678,1092,1270,2106,779,1774,826,1059,642,646,948
Ncr1,0,3,1,3,2,8,0,1,0,0,0,0,4
Lyst,164,90,46,137,66,453,94,319,75,122,145,139,52
M6pr,309,208,250,350,395,754,248,553,234,236,290,191,232
Mab21l1,0,2,0,0,1,1,1,3,2,0,0,3,0
Mxd1,90,73,90,87,90,133,46,93,27,39,38,80,10
Mad1l1,13,8,25,18,26,43,21,47,14,10,16,11,9
Mxd4,14,15,33,32,38,37,21,70,19,12,28,18,9
Smad2,111,62,66,111,100,330,100,264,89,78,103,98,80
Maff,62,34,99,143,178,251,34,98,39,28,34,52,6
Mafg,34,12,31,41,53,94,44,73,33,29,31,50,14
Mafk,69,38,104,143,200,205,57,137,67,47,43,78,7
Magoh,24,14,22,56,66,112,34,76,29,24,25,24,54
Ccndbp1,36,49,35,50,57,132,45,118,34,42,55,40,55
Man1a2,259,168,154,201,187,702,180,640,171,225,228,188,91
Man2b1,585,227,723,434,521,1762,662,1525,553,715,530,640,210
Mapkapk5,55,18,35,41,61,118,49,118,29,29,37,33,8
Marco,0,0,0,1,0,0,0,0,0,0,0,0,0
Matk,14,5,26,26,38,68,23,50,21,13,10,28,8
Matn1,2,0,0,0,0,0,0,1,0,0,0,0,0
Matn3,0,0,0,0,0,0,0,0,0,0,0,1,0
Matr3,340,300,190,434,432,904,225,719,244,302,306,237,235
Maz,68,16,40,63,54,213,71,177,53,69,53,69,7
Mbd2,62,60,48,69,63,141,45,132,54,29,55,45,21
Mbd4,8,4,0,9,8,19,10,21,6,10,8,8,4
Mbl1,0,0,0,0,0,0,0,0,0,0,0,0,0
Mbl2,0,0,0,0,0,0,0,0,0,0,0,0,0
Cd46,3,0,0,0,1,4,2,5,0,2,0,0,0
Mcpt4,0,0,0,0,0,0,0,0,0,0,1,0,0
Cma1,0,0,0,0,0,0,0,3,0,0,2,1,0
Tpsb2,0,0,0,0,0,0,0,0,0,0,0,0,0
Mcpt9,0,0,0,0,0,0,0,0,0,0,0,0,0
Mdm2,120,136,116,166,197,374,102,308,99,87,147,113,90
Mea1,9,17,15,19,37,51,19,66,13,4,26,19,32
Mecp2,131,80,74,99,109,320,75,215,82,49,139,84,33
Melk,2,0,0,0,1,3,1,3,1,5,0,2,0
Meox1,2,3,0,9,10,3,0,2,1,0,3,5,0
Mgat3,6,10,9,5,4,17,10,11,5,1,10,10,2
Mid1,161,135,97,54,84,419,87,286,118,94,61,116,13
Mif,6,8,4,14,22,16,21,17,7,4,14,9,20
Minpp1,46,34,44,42,41,102,32,81,27,23,33,28,19
Bhlha15,2,0,1,0,0,1,0,0,3,0,1,1,0
Mllt10,86,47,36,102,81,269,63,210,82,77,90,74,35
Mllt4,40,46,36,42,42,99,28,101,44,38,51,34,19
Marcksl1,224,101,305,360,353,562,139,341,95,172,89,149,20
Mmp24,11,1,10,12,9,16,8,22,9,7,11,8,8
Mmp3,0,0,0,0,0,0,0,0,0,0,0,0,0
Mmp7,0,0,0,0,0,0,0,0,0,0,0,0,0
Ndst2,56,27,35,42,55,166,48,145,51,42,50,47,25
Mnt,42,13,47,84,107,196,59,99,50,50,36,60,7
Grap2,5,0,1,5,0,7,1,3,1,0,0,0,0
Morc1,0,0,0,0,0,0,0,0,0,0,0,0,0
Psmd7,70,66,58,84,122,207,46,156,41,74,61,53,67
Cd200,162,165,141,204,402,67,13,63,19,12,78,106,30
Mpdz,36,56,10,46,54,112,20,86,27,3,74,39,18
Mpeg1,2884,1323,1599,2222,2153,7551,2354,5873,2496,2958,2241,1777,1541
Mpg,11,10,13,12,12,26,16,15,9,7,6,8,9
Mpo,1,0,4,0,4,0,0,0,0,0,1,0,0
Mrvi1,14,3,13,8,26,17,1,12,4,4,29,24,4
Msc,0,0,0,0,0,0,0,0,0,0,0,0,0
Cited2,197,67,156,162,134,414,95,303,108,135,130,108,32
Msh3,14,12,12,25,12,56,11,39,18,11,20,14,13
Msh6,54,35,37,53,29,144,32,109,49,32,50,52,33
Sik1,37,43,78,132,118,116,43,130,48,36,49,79,17
Msn,859,504,732,994,1114,2076,626,1659,637,631,677,697,359
Mstn,0,0,0,0,0,0,0,0,0,0,0,0,0
Msx1,12,30,11,46,12,106,40,91,9,1,76,30,13
Msx3,0,0,0,0,0,0,0,0,0,0,0,0,0
Mtcp1,4,3,4,4,5,19,2,17,3,5,10,3,9
Muc5ac,0,0,0,0,0,0,0,0,0,0,0,0,0
Mx1,166,92,48,113,174,26,11,28,4,28,9,20,4
Mycs,0,0,0,0,0,0,0,0,0,0,0,0,0
Myd88,175,73,194,166,244,205,55,180,69,79,58,77,43
Myh4,0,0,0,0,0,0,0,0,0,0,0,0,0
Myl4,2,2,3,2,2,4,1,3,1,0,3,1,5
Myl3,0,0,0,0,0,0,0,0,0,0,0,0,0
Myl6,66,68,79,123,175,212,74,175,42,23,106,70,185
Myl2,9,2,6,4,9,12,5,14,5,3,1,7,8
Myo5a,95,62,55,99,62,235,86,232,51,48,90,74,22
Myoc,0,0,8,5,0,0,0,9,0,0,0,0,0
Myod1,0,0,0,0,0,0,0,0,0,0,0,0,0
Myom1,16,9,13,18,39,54,11,29,14,12,28,27,4
Naip5,189,67,125,136,159,555,139,421,134,181,127,164,64
Naip6,104,40,64,92,105,439,64,285,76,110,76,111,34
Ncf1,758,296,796,788,946,1434,514,1251,494,576,381,524,233
Ncf2,104,74,136,173,225,479,141,341,108,129,103,129,80
Nck1,79,62,31,58,91,156,50,134,57,55,61,46,53
Nck2,0,5,2,2,4,13,3,17,0,0,7,5,2
Ncl,516,372,334,619,729,1211,304,991,315,315,398,341,258
Ncoa1,70,42,43,74,70,260,60,166,69,67,75,84,22
Ndn,4,8,8,11,6,11,2,22,1,0,11,3,5
Ndp,0,0,0,0,0,0,0,1,0,0,0,0,0
Ndufa2,6,32,49,33,59,58,29,42,20,15,27,25,137
Ndufa4,127,303,150,171,206,382,134,354,89,39,226,110,441
Ndufs4,42,67,44,41,70,124,36,83,23,42,67,29,94
Ndufs6,10,18,11,18,24,43,13,31,8,6,14,11,54
Nedd4,312,555,287,560,463,1120,250,931,176,50,728,333,359
Nek2,0,2,3,4,11,3,3,9,2,1,2,2,1
Neu1,54,27,67,58,103,202,85,145,51,54,44,64,30
Neurod1,0,0,0,0,0,6,0,1,0,0,0,0,0
Neurod2,0,0,0,0,0,0,0,0,0,0,0,0,0
Neurog1,0,0,0,0,0,0,0,0,0,0,0,0,0
Nf1,183,109,73,129,102,406,105,381,108,140,151,141,29
Nf2,95,60,71,153,135,308,108,267,93,81,130,103,10
Nfatc2ip,9,5,9,19,12,47,13,27,7,8,28,19,5
Nfatc3,120,54,53,67,101,314,105,254,112,110,144,86,42
Nfe2l2,440,273,316,395,500,1116,259,783,254,280,287,319,215
Nfe2l3,8,0,4,0,2,2,1,2,0,0,0,0,3
Nefh,0,14,4,6,0,16,9,19,1,0,5,6,1
Nfkbia,861,409,1082,818,1171,1599,449,1131,377,500,378,709,329
Nfkbib,25,15,35,53,76,108,24,76,24,24,14,48,14
Nfkbil1,4,1,11,2,15,11,5,12,4,4,1,9,3
Nefl,0,0,0,0,0,0,0,0,0,0,0,0,0
Nfs1,43,32,13,37,30,73,31,70,28,23,24,37,31
Nfyb,67,36,48,58,75,123,29,88,30,35,38,40,40
Klk1b4,0,0,0,0,0,0,0,0,0,0,0,0,0
Nhlh1,0,0,0,0,0,0,0,0,0,0,0,0,0
Nid1,13,4,26,20,34,44,6,63,9,2,52,23,2
Nktr,228,136,119,192,299,758,167,551,189,215,188,310,75
Nkx2-2,0,0,0,0,0,0,0,0,0,0,0,0,0
Nkx2-6,0,0,0,0,0,0,0,0,0,0,0,0,0
Nkx3-1,0,0,0,2,0,0,0,0,0,0,0,0,0
Mrpl40,18,11,23,16,13,52,18,37,17,12,13,12,42
Nnat,4,3,5,3,0,83,4,55,5,6,1,1,7
Nnmt,0,0,2,0,0,0,0,0,0,0,0,0,0
Rrp1,102,65,106,141,195,313,98,257,68,75,120,121,61
Cox4nb,21,22,34,33,36,111,28,82,25,24,59,30,30
Nos2,12,0,14,6,11,3,2,3,1,0,6,6,1
Notch2,314,127,212,248,235,873,249,605,172,183,270,314,63
Notch4,118,21,138,115,169,73,37,96,35,43,32,68,2
Nppc,0,0,0,0,0,0,0,1,0,0,0,0,0
Npy1r,1,15,13,9,21,15,3,8,3,2,22,10,3
Npy6r,0,0,0,0,0,0,0,0,0,0,0,0,0
Nras,113,87,92,121,121,315,90,251,96,73,107,76,82
Nsdhl,13,38,23,30,31,80,27,59,19,19,36,26,19
Nsg1,7,7,6,6,4,17,6,22,0,0,3,7,3
Nsmaf,101,52,57,105,135,330,75,252,76,77,83,75,67
Ntan1,38,30,30,47,54,109,29,83,13,26,50,18,42
Ntn3,1,0,0,0,1,4,0,2,1,2,5,1,0
Numbl,6,1,6,7,2,5,4,6,2,1,2,6,2
Gpr143,0,0,0,0,0,0,0,0,0,0,1,0,0
Oaz2-ps,36,45,50,72,42,157,48,111,35,14,55,49,37
Oc90,1,0,0,1,4,1,1,0,0,0,2,2,2
Ogdh,232,222,285,364,279,752,268,700,165,111,389,284,120
Ogg1,13,6,5,13,16,23,13,28,9,8,10,12,6
Oit3,0,0,0,0,1,3,0,0,0,0,0,0,0
Olfr242,0,0,0,0,0,0,0,0,0,0,0,0,0
Olfr263,0,0,0,0,0,0,0,0,0,0,0,0,0
Olfr49,0,0,0,0,0,0,0,0,0,0,0,0,0
Olfr56,21,15,6,12,44,3,2,1,2,0,1,6,0
Olfr58,0,0,0,0,0,0,0,0,0,0,0,0,0
Omp,0,0,0,0,0,0,0,0,0,0,0,0,0
Oprl1,0,0,0,0,0,1,0,0,0,0,0,0,0
Sigmar1,25,8,32,14,12,72,21,85,22,29,17,21,19
Orc1,0,0,0,0,1,0,0,2,0,0,0,1,0
Orm2,0,1,0,2,0,4,0,5,4,0,0,0,0
Sqstm1,412,232,565,1045,930,1695,475,1173,318,346,317,399,187
Osmr,144,147,138,115,293,26,8,44,14,21,44,153,20
Hspa4l,23,60,30,51,51,141,34,119,28,15,70,38,39
Otp,0,0,0,0,0,0,0,0,0,0,0,0,0
Ott,0,0,0,0,0,0,0,0,0,0,0,0,0
Otx1,1,1,3,5,1,12,2,3,1,0,3,0,0
P2rx4,56,23,46,57,45,139,43,114,52,57,31,58,34
P2rx7,264,116,189,215,201,775,216,621,243,215,199,212,70
Rpsa,21,17,87,51,152,75,49,90,29,29,18,40,79
P4ha1,370,213,293,288,302,1040,378,991,419,393,450,262,332
P4hb,548,342,549,576,687,1802,592,1347,458,464,531,437,384
Pabpc2,0,0,0,0,0,0,0,0,0,0,0,0,0
Prdx1,162,248,138,215,270,457,167,371,114,114,203,93,365
Pak1,116,40,71,116,114,370,122,318,128,122,104,90,69
Reg3b,0,0,0,0,0,0,0,0,0,0,0,0,0
Pax2,0,0,0,0,0,0,0,0,0,0,0,0,0
Pax7,0,0,0,0,0,0,0,1,0,0,0,0,0
Pax8,0,0,0,2,0,0,0,6,0,0,0,0,0
Pax9,0,0,0,0,1,0,0,0,0,0,0,0,0
Pck1,0,0,0,0,0,0,0,0,0,0,0,0,0
Pcna,49,26,31,54,72,146,41,107,36,36,56,38,63
Pcsk6,0,1,0,0,0,9,0,11,0,0,3,1,0
Cdk16,39,11,46,48,40,159,43,142,48,63,58,52,6
Pdcd11,49,26,42,49,52,155,43,159,49,44,50,60,12
Pde3b,1102,305,554,815,667,2546,636,1704,763,812,669,665,150
Pdgfb,166,51,310,295,478,1299,288,661,179,244,163,297,37
Padi1,0,0,0,0,0,0,0,0,0,0,0,0,1
Padi3,0,1,0,0,0,0,0,0,2,0,0,0,0
Padi4,3,0,4,1,1,0,0,1,0,0,1,2,0
Pdpk1,125,82,84,113,112,385,77,318,92,92,111,119,46
Pea15a,193,125,211,296,309,692,219,585,171,177,247,167,119
Per2,9,11,6,29,18,44,8,13,5,11,11,16,4
Per3,16,6,6,16,13,51,10,26,15,10,15,22,0
Pex11a,5,7,8,6,8,12,2,11,1,1,12,7,6
Pex11b,36,29,34,31,37,104,26,90,15,36,28,26,49
Pfdn2,23,16,8,51,50,66,20,68,26,27,24,33,29
Pfn1,198,88,220,299,281,670,196,553,164,189,163,179,179
Prf1,6,1,8,6,8,4,0,10,0,2,1,2,0
Cdk14,35,40,26,44,47,136,28,75,33,25,52,47,22
Abcb1b,50,18,30,46,46,122,45,76,38,44,33,32,18
Abcb1a,135,87,141,117,267,262,68,239,111,139,378,156,164
Phex,0,0,0,0,0,0,0,1,0,0,0,0,0
Phkg1,5,2,7,0,1,20,5,5,3,3,4,0,6
Piga,23,9,9,12,20,48,7,29,7,14,13,10,12
Pigr,0,0,0,0,0,0,0,0,0,0,0,0,0
Pik3c2a,185,172,106,194,244,483,94,353,130,100,191,149,115
Pik3c2g,0,0,0,0,0,0,1,0,0,0,0,0,0
Pikfyve,134,143,70,125,112,401,91,285,91,70,127,122,71
Pira1,5,0,0,5,2,1,0,0,0,0,0,2,0
Pira11,5,0,0,5,2,1,0,0,0,0,0,2,0
Pira2,6,0,0,0,0,1,0,0,0,0,0,2,0
Lilra6,0,1,0,3,0,6,0,1,2,1,0,0,0
Pira4,8,0,0,4,1,1,0,0,0,0,0,2,0
Pira7,8,0,0,4,1,1,0,0,0,0,0,2,0
Lilrb3,33,20,19,77,39,54,22,38,17,18,13,27,4
Pitx1,0,0,0,0,0,0,0,0,0,0,0,0,0
Pkm2,191,315,386,366,476,801,293,700,153,103,301,246,329
Prkacb,134,75,106,114,107,386,122,326,85,135,143,106,60
Prkca,153,44,56,105,91,351,72,237,94,102,104,67,27
Prkcc,4,0,1,0,4,5,1,5,0,0,2,2,0
Prkcd,309,127,313,372,380,1384,365,1076,358,371,353,450,141
Prkce,55,21,30,73,72,111,32,94,48,34,38,31,3
Pkdrej,1,0,0,1,2,0,0,0,0,0,0,0,0
Pla2g1b,0,0,0,0,0,0,0,0,0,0,0,0,0
Pla2g2d,2,0,0,0,0,1,2,3,0,0,1,0,0
Papola,249,179,168,234,241,790,212,634,210,239,316,195,167
Plaur,60,17,105,132,183,67,12,43,13,10,14,68,5
Pld3,84,57,203,135,128,272,126,282,100,77,89,115,66
Prl2c3,0,0,0,0,0,0,0,0,0,0,0,0,0
Pa2g4,59,55,53,79,69,178,55,163,74,72,68,42,66
Prl7d1,0,0,0,0,0,0,0,0,0,0,0,0,0
Plod1,237,74,276,195,264,503,212,467,154,189,176,167,75
Plp1,14,20,37,0,7,447,6,130,8,11,201,22,84
Ccl21a,0,0,0,0,0,0,0,0,0,0,0,0,0
Pltp,124,155,330,226,321,576,160,436,101,68,268,186,121
Bpifa1,0,0,0,0,0,0,0,0,0,0,0,0,0
Prrx1,4,0,4,2,1,10,4,19,0,0,5,5,1
Pnliprp2,0,0,0,0,0,0,0,0,0,0,0,0,0
4-Sep,5,10,15,9,8,41,9,34,3,1,25,7,10
Polb,17,24,16,28,37,84,24,57,29,21,37,24,39
Pold1,4,0,15,11,12,23,8,10,3,4,6,2,7
Pole2,0,0,2,4,2,10,4,14,5,1,0,3,8
Pon1,9,20,3,2,4,11,5,16,1,0,4,4,13
Cnot7,91,82,46,76,99,269,53,208,68,65,84,67,80
Pou2af1,1,0,0,1,0,0,0,2,0,0,0,0,0
Pou2f1,72,16,29,33,53,254,60,175,71,49,59,72,24
Pou2f3,0,0,0,2,5,0,0,2,0,2,3,1,0
Pou3f1,0,0,0,0,0,0,1,1,0,0,1,0,0
Pou4f1,0,0,0,0,0,0,0,0,0,0,0,0,0
Ppard,29,8,59,47,69,129,57,81,18,20,27,48,5
Ppef1,0,0,0,0,0,0,0,0,0,0,0,1,0
Ppef2,2,1,0,0,1,4,4,4,2,0,1,0,2
Ppib,193,163,193,233,279,484,210,459,157,178,215,118,280
Lgals3bp,192,135,331,227,248,437,171,390,111,240,144,164,95
Gsbs,0,0,0,0,0,0,0,0,0,0,0,0,0
Ppp5c,73,38,102,101,152,242,67,181,54,57,72,53,25
Srgn,575,413,539,840,1195,686,241,483,197,320,180,347,314
Prkar2b,1,3,3,8,4,22,2,12,6,3,5,7,1
Prkdc,70,57,35,50,69,237,32,146,59,83,65,69,34
Mapk11,0,1,0,4,4,2,2,2,1,5,4,6,1
Eif2ak2,143,111,57,116,161,197,54,142,44,66,61,71,29
Prl4a1,0,0,0,0,0,0,0,0,0,0,0,0,0
Prl6a1,0,0,0,0,0,0,0,0,0,0,0,0,0
Prl8a6,0,0,0,0,0,0,0,0,0,0,0,0,0
Prl7a2,0,0,0,0,0,0,0,0,0,0,0,0,0
Prlr,802,1648,572,1031,804,1667,564,1585,307,3,1176,639,447
Prnp,89,131,92,150,100,212,51,203,37,4,120,75,83
Procr,10,5,19,4,21,18,3,14,4,2,8,6,7
Prodh,11,27,17,19,21,36,14,30,11,2,19,27,12
Pros1,481,245,298,333,374,1049,332,886,407,422,365,319,320
Prh1,0,0,0,0,0,0,0,0,0,0,0,0,0
Lgmn,2962,1468,3374,2805,3236,8481,3273,7564,2816,3171,2562,2296,2204
St14,21,1,39,17,24,25,18,34,11,7,4,19,2
Prtn3,0,0,0,1,0,0,0,0,0,0,0,0,0
Psap,3364,2229,4032,4046,3564,9139,3660,8161,2739,2715,3163,3201,1993
Psma3,19,29,16,27,31,56,18,53,16,15,28,16,35
Psmb1,86,73,97,102,124,211,103,193,49,86,90,72,159
Psmb5,5,16,28,36,29,29,13,50,15,11,7,8,40
Psmb7,100,107,66,107,145,249,82,207,73,68,108,53,171
Psmc2,127,139,138,163,198,359,113,309,100,95,140,86,158
Psme1,106,75,100,82,131,183,71,170,63,63,80,44,62
Psme2,9,6,1,10,6,14,2,10,3,2,3,5,4
Psme3,96,65,62,94,115,230,74,174,67,67,89,57,50
Pstpip1,4,2,8,11,13,12,3,8,7,1,3,4,1
Ptcra,0,0,0,0,0,0,0,0,0,0,0,0,0
Ptger3,11,3,9,5,5,11,1,6,4,4,3,2,0
Ptgfrn,47,47,44,66,48,145,53,117,36,28,65,81,18
Ptgs2,1062,793,1039,644,1428,337,106,255,60,94,96,686,78
Ptp4a1,38,29,20,43,72,121,23,87,29,33,37,43,42
Ptpn1,341,177,477,518,740,563,242,518,172,213,132,286,37
Ptpn12,88,60,64,106,141,192,45,142,50,44,57,83,27
Ptpn13,6,13,8,25,25,47,14,45,3,0,23,10,6
Ptpn18,14,8,19,17,30,51,26,40,13,24,8,21,26
Ptpn3,3,9,2,6,1,9,3,10,1,1,8,0,6
Ptpre,120,39,57,83,116,486,143,377,149,130,97,129,78
Ptprf,17,37,43,43,41,112,29,78,13,0,49,33,9
Ptprn2,0,1,0,0,1,1,0,3,0,0,0,0,0
Ptprs,57,18,59,56,80,173,63,150,39,53,16,109,8
Pts,62,42,30,48,64,116,39,71,26,20,43,28,57
Purb,323,140,179,272,296,786,189,621,239,223,322,276,74
Pxn,183,67,187,226,217,497,174,477,160,133,126,184,31
Pygm,16,43,50,63,44,81,29,93,10,4,46,29,32
Rab19,0,0,0,0,4,2,4,5,2,0,0,0,3
Rab20,58,23,76,61,107,178,23,100,32,32,27,38,37
Rab33a,0,0,0,0,0,0,0,2,0,0,0,0,0
Rad51l3,17,13,16,25,22,86,25,72,39,12,29,30,16
Rad9,37,21,59,56,69,109,64,114,25,29,37,36,40
Ranbp2,564,456,267,568,686,1411,289,872,359,333,374,329,207
Rasgrp2,4,0,14,3,7,8,5,9,5,6,12,6,6
Rarb,1,2,0,0,1,2,0,4,1,2,3,0,2
Rasgrf1,0,0,1,0,0,0,1,0,0,0,0,0,0
Rasgrp1,9,5,0,10,8,11,2,7,0,0,3,3,2
Rbbp6,183,71,73,207,168,521,130,394,150,142,119,180,27
Rbl1,46,23,9,34,52,131,37,130,42,44,48,42,21
Rbl2,109,65,48,107,61,235,78,245,80,62,122,84,49
Rbm6,102,39,48,75,89,242,86,212,61,66,88,96,41
Rbp1,26,71,77,97,109,122,54,140,19,0,78,55,213
Pitpnm2,3,13,16,9,11,39,12,41,1,3,21,28,1
Rfc1,65,35,31,60,70,199,61,166,49,58,81,43,32
Reg3a,0,0,0,0,0,0,0,0,0,0,0,0,0
Reg3g,0,0,0,0,0,0,0,0,0,0,0,0,0
Reln,0,0,0,0,0,8,0,3,0,0,1,0,0
Dpf2,80,40,58,77,81,204,63,164,62,62,68,67,33
Rest,15,5,9,21,30,91,15,43,15,25,24,28,6
Rev3l,66,100,9,48,62,210,44,130,37,36,68,86,34
Rfx3,52,52,31,59,68,230,37,144,40,42,86,83,40
Rgs16,44,49,94,52,74,31,9,39,3,5,5,66,2
Rhag,0,0,0,0,1,0,0,0,0,0,1,0,0
Rhd,0,0,0,0,0,1,0,1,0,0,0,0,0
Rln1,0,0,0,0,0,0,0,0,0,0,0,0,0
Xpr1,203,162,151,200,173,506,130,406,143,142,254,143,107
C80913,46,25,24,47,33,106,18,92,29,38,41,26,29
Rnaseh1,8,2,11,10,21,23,15,16,12,16,17,12,8
Rlim,262,157,112,284,334,676,139,477,163,193,184,183,129
Rnf2,188,123,150,309,315,721,128,492,142,199,160,138,119
Rnf4,130,105,109,188,203,417,93,317,94,108,119,99,96
Rnf7,86,114,71,106,113,229,100,193,60,46,100,62,169
Trim10,0,0,0,0,0,0,0,0,0,0,0,0,0
Rorc,5,3,5,3,4,12,4,13,0,0,7,1,4
Ros1,0,0,0,0,0,0,0,0,0,0,0,0,0
Rpa2,13,5,7,7,8,30,13,24,9,9,12,5,11
Rph3a,0,0,0,0,0,0,0,1,0,0,1,0,0
Rpl10a,4,4,11,10,13,21,4,22,6,0,4,7,4
Mrpl23,1,0,0,0,3,2,0,0,0,0,0,0,0
Rpl6,16,13,42,38,55,51,39,51,17,17,12,24,41
Rpl7,125,115,76,99,197,287,116,262,87,83,104,76,157
Rpl9,6,4,4,8,12,17,4,15,6,8,3,4,4
Polr2j,12,11,9,22,25,38,20,49,11,11,19,13,33
Sub1,195,125,116,258,258,461,133,319,120,140,131,101,199
Rps12,11,4,7,21,21,41,5,17,8,5,5,11,12
Rps18,48,44,54,72,101,124,60,121,51,34,39,36,106
Rps24,102,96,79,106,135,218,64,171,59,97,105,53,136
Rps6ka2,22,14,22,21,34,89,19,75,11,3,38,29,11
Rps7,2,2,3,0,1,3,1,4,0,0,2,0,6
Rs1,1,13,6,16,5,20,11,17,3,0,8,5,1
Dhrs3,92,44,129,77,80,299,135,305,132,106,119,81,98
Ruvbl2,10,9,20,29,25,49,31,50,14,21,19,22,12
Rxra,70,38,73,93,128,208,91,253,74,69,73,116,20
Uimc1,71,44,54,70,53,210,59,139,74,75,69,55,48
Ncor1,270,121,128,301,221,927,246,743,239,231,257,231,64
S100a3,0,0,0,0,0,0,0,0,0,0,0,0,0
S100a4,9,5,13,15,10,16,5,10,10,7,8,19,19
S100a5,0,0,0,0,0,0,0,0,0,0,0,0,0
S100a6,12,10,9,16,16,13,4,16,2,3,1,12,21
Saa2,0,0,0,0,0,0,0,0,0,0,0,0,0
Saa3,46,59,60,55,64,0,0,1,1,0,0,11,0
Saa4,0,0,0,0,0,0,0,0,0,0,0,0,0
Khdrbs1,139,75,70,140,158,391,122,298,103,116,124,90,27
Apcs,0,0,0,0,0,0,0,0,0,0,0,0,0
Sars,42,57,77,62,82,205,74,156,52,57,73,59,81
Scn1b,22,9,30,26,27,79,18,56,20,30,18,19,8
Scnn1a,0,0,4,4,6,12,3,3,1,0,0,0,0
Scnn1b,0,0,0,0,0,1,0,0,0,0,0,0,0
Scnn1g,0,0,0,0,0,0,0,2,0,0,1,0,0
Scp2,71,86,47,91,82,175,71,137,49,36,69,54,74
Ccl11,7,22,6,6,9,1,0,0,0,0,2,6,0
Ccl12,216,125,140,138,285,216,64,122,40,124,37,68,94
Ccl17,13,7,12,7,14,2,0,3,3,0,0,1,1
Ccl2,129,72,104,102,138,361,87,178,66,108,91,92,163
Clcn4-2,217,118,143,208,239,610,199,471,186,189,197,192,126
Ccl21b,0,0,0,0,0,0,0,0,0,0,0,0,0
Ccl3,922,642,908,1229,1976,3317,886,2071,653,868,646,763,926
Ccl9,422,213,340,412,575,628,220,428,188,238,223,229,254
Cxcl15,0,0,0,0,0,0,0,0,0,0,0,0,0
Serpinf1,64,41,73,71,78,166,58,180,58,63,53,52,51
Sdf4,213,191,228,236,292,595,233,510,158,177,299,163,222
Sec22b,63,57,54,53,76,177,39,136,36,61,62,30,60
Sele,162,142,446,348,584,6,1,15,3,2,0,203,4
Sema3e,0,3,2,4,7,6,2,2,1,0,3,9,2
Sema3f,18,10,25,31,15,32,21,38,9,3,15,17,3
Sema6c,1,1,4,0,3,7,2,6,2,2,2,1,0
Sema7a,86,62,163,130,240,84,32,148,48,41,123,167,30
Serf1,4,1,1,0,5,5,1,4,2,1,5,3,6
Serf2,89,77,103,101,114,312,90,198,62,39,87,82,67
Sfpi1,105,26,139,180,178,378,130,307,96,115,76,127,53
Frzb,0,0,0,1,0,2,0,0,0,0,1,0,0
Srsf2,301,152,187,312,385,784,192,569,152,206,202,222,82
Sftpc,0,0,0,0,0,0,0,0,0,0,0,0,0
Sgk1,2145,877,1607,1752,1830,8195,2023,5282,1990,2486,2312,2537,1490
Sh2d1a,0,0,0,1,0,0,0,0,0,0,0,0,0
Sorbs3,30,28,33,39,54,100,29,90,18,11,39,37,7
Shbg,0,0,0,0,0,0,0,0,0,0,0,0,0
Shc1,63,31,47,69,82,180,57,131,64,56,56,53,33
Shcbp1,2,1,0,3,1,0,0,5,0,2,1,0,0
St6galnac1,0,0,0,0,0,0,0,0,0,0,0,0,0
St6galnac3,8,4,5,10,21,8,7,15,15,4,18,11,8
St6galnac4,61,34,100,71,85,248,92,224,82,81,69,53,50
St8sia1,1,0,0,1,0,16,1,6,2,1,0,3,0
Sim1,0,0,0,0,0,0,0,0,0,0,0,0,0
Sim2,0,0,0,0,0,0,0,0,0,0,0,0,0
Six2,0,0,0,0,0,0,0,0,0,0,0,0,0
Six4,4,1,2,2,5,8,1,3,0,0,2,1,0
Six5,1,1,2,3,4,9,2,10,3,1,2,4,1
Six6,0,0,0,0,0,0,0,1,0,0,0,0,0
Skil,1413,690,818,2213,2521,5029,899,2896,982,1143,828,1184,603
Slc10a2,0,0,0,0,0,0,0,0,0,0,0,0,0
Slc12a7,66,45,82,77,156,168,40,128,39,29,72,73,14
Slc16a7,48,20,21,47,40,122,33,85,38,51,31,27,18
Slc34a1,0,0,0,0,0,0,0,0,0,0,0,0,0
Slc20a2,34,37,60,56,63,116,39,110,15,4,61,28,39
Slc22a3,0,0,0,0,0,0,0,0,0,0,0,0,0
Slc22a5,52,40,43,55,38,111,38,97,30,25,58,39,19
Slc23a1,0,1,0,0,0,2,2,2,0,0,0,0,0
Slc25a17,89,49,62,102,97,177,76,174,49,60,86,49,121
Slc2a1,319,205,674,406,634,472,194,570,239,238,445,355,320
Slc2a3,60,15,45,54,58,67,9,44,20,13,9,31,3
Slc34a2,0,0,0,0,0,0,0,0,0,0,0,0,0
Slc7a5,68,32,82,91,80,257,68,216,72,104,146,76,16
Slc7a7,183,89,133,165,152,369,135,322,134,112,109,135,90
Slfn1,11,8,20,15,20,4,0,1,0,0,4,4,1
Slfn2,276,213,241,225,332,127,32,142,29,81,42,54,59
Slfn3,17,14,12,22,49,5,0,2,3,2,3,4,3
Slfn4,197,179,76,224,177,15,1,2,2,1,1,23,1
Slit3,3,6,6,4,0,15,1,3,0,1,4,7,0
C4a,1,0,4,0,2,1,1,0,0,1,0,0,0
Slpi,4,7,16,8,14,5,0,3,1,0,3,7,2
Snai2,1,0,0,1,2,2,0,4,0,1,1,0,0
Smarca2,243,178,157,250,244,722,191,548,175,189,252,282,89
Kdm5d,0,0,0,0,0,0,0,2,1,0,0,0,0
Smn1,9,8,14,19,13,33,20,39,16,13,17,12,10
Smpd1,62,93,132,128,106,206,125,208,53,41,110,81,103
Smr3a,0,0,0,0,0,0,0,0,0,0,0,0,0
Ncor2,74,23,98,82,90,284,96,246,67,90,62,168,14
Siglec1,14,2,10,20,10,20,16,45,8,7,12,14,1
Snai1,0,2,1,0,0,3,0,3,1,0,0,0,0
Snap25,0,0,1,0,1,0,0,3,0,0,0,0,0
Sncg,0,5,6,5,7,10,3,11,3,1,11,1,16
Snrpc,7,0,13,6,7,11,2,6,1,5,4,6,3
Sod1,32,67,48,53,67,136,44,113,34,24,60,53,104
Sod3,9,23,44,37,25,45,38,70,9,0,44,26,17
Sorl1,79,19,71,85,66,118,38,134,51,59,33,63,5
Sox10,0,0,0,0,0,3,0,8,0,0,1,0,0
Sox12,1,0,0,0,2,12,3,6,3,2,3,1,0
Sox13,8,1,11,17,13,28,28,37,8,12,24,18,6
Sox14,0,0,0,0,0,0,0,0,0,0,0,0,0
Sox17,4,1,2,1,10,21,6,24,11,10,27,6,3
Sox2,4,3,14,8,7,22,1,15,1,0,7,1,1
Sox7,11,6,13,26,25,30,5,21,6,4,19,17,2
Sox8,1,0,0,0,0,1,1,3,1,1,1,1,0
Sox9,13,29,16,45,23,57,13,44,3,3,16,25,2
Spa17,2,14,6,9,9,24,9,18,2,0,6,9,12
Serpinb9b,1,0,0,0,0,1,0,0,0,0,0,0,1
Serpinb6b,43,57,64,29,68,19,9,16,4,5,15,27,10
Serpinb9g,0,0,0,0,0,0,0,0,0,0,0,0,0
Serpinb9e,0,0,0,0,0,0,0,0,0,0,0,0,0
Serpina3k,0,0,0,0,0,0,0,0,0,0,0,0,0
Serpinb8,17,6,8,8,8,26,11,28,7,1,10,5,11
Serpinb9d,0,0,0,0,0,0,0,0,0,0,0,0,0
Spic,9,2,1,44,5,8,2,1,1,2,0,2,0
Spin1,71,48,52,68,63,186,57,167,46,36,115,42,47
Spink4,0,0,0,0,0,1,0,0,0,0,0,0,0
Spint2,33,109,69,87,85,184,75,141,27,2,105,37,104
Spna1,0,0,0,0,1,0,0,0,0,0,0,0,0
Sprr2a1,0,0,0,0,0,0,0,0,0,0,0,0,0
Sprr2b,0,0,0,0,0,0,0,0,0,0,0,0,0
Sprr2d,0,0,0,0,0,0,0,0,0,0,0,0,0
Sprr2e,0,0,0,0,0,0,0,0,0,0,0,0,0
Sprr2f,0,0,0,0,0,0,0,0,0,0,0,0,0
Sprr2h,0,0,0,0,0,0,0,0,0,0,0,0,0
Sprr2i,0,0,0,0,0,0,0,0,0,0,0,0,0
Sprr2k,0,0,0,0,0,0,0,0,0,0,0,0,0
Sptlc2,204,163,160,214,271,419,102,287,95,120,161,127,111
Srebf1,40,34,77,61,61,115,55,109,15,16,36,48,11
Srms,1,0,0,0,1,3,0,1,1,0,4,0,0
Nhp2l1,19,10,19,40,46,59,25,46,15,15,21,17,25
Znrf4,0,0,0,0,0,0,0,0,0,0,0,0,0
Stat3,492,224,428,675,1012,958,208,638,232,242,196,400,63
Stat4,2,3,4,5,8,6,0,0,0,0,1,1,2
Stat5b,67,42,57,75,93,214,75,185,72,51,66,86,19
Stc2,0,0,0,0,1,0,0,0,0,1,1,0,0
Stk16,35,27,32,36,38,106,37,94,22,28,40,29,25
Plk4,1,0,1,3,8,14,3,12,4,2,9,4,5
Aurkb,1,0,0,2,2,1,1,4,4,1,6,1,0
Bhlhe40,62,36,80,203,181,135,21,98,31,34,63,77,22
Strap,135,78,77,133,178,351,97,236,100,107,102,94,75
Stxbp2,45,43,62,76,83,197,68,136,46,37,57,85,28
Stxbp3a,92,91,48,74,89,234,74,169,55,58,97,53,80
Stxbp4,44,102,42,59,49,186,48,116,24,14,94,55,33
Sucla2,134,145,72,115,131,310,96,243,60,49,143,97,133
Suclg2,44,29,25,42,67,102,27,47,22,23,47,25,18
Eif1,215,100,141,301,299,495,125,416,124,143,139,141,108
Gm3258,1,0,0,0,0,0,0,0,0,0,0,0,3
Abcc8,0,0,1,0,1,1,0,0,0,0,0,0,0
Surf4,271,167,278,292,355,669,284,656,193,231,239,207,183
Med22,109,35,71,91,140,259,88,225,72,68,90,77,57
Suv39h1,23,3,11,25,14,61,12,30,15,17,12,8,5
Vamp7,33,61,37,41,68,99,38,112,37,21,55,23,48
Sycp1,0,0,0,0,0,0,0,0,0,0,0,0,0
Sycp3,5,3,3,3,3,22,3,15,1,1,9,6,1
Sdc1,3,3,1,4,8,7,3,9,1,1,6,7,2
Sdc3,64,9,52,52,81,141,63,134,36,98,55,57,6
Sdc4,245,117,221,200,209,268,71,201,65,55,77,95,39
Syngr3,0,0,0,0,0,2,3,0,1,0,0,0,0
Tal1,79,19,52,56,72,306,79,213,82,85,89,69,13
Taldo1,37,27,98,92,147,173,70,137,46,63,41,54,92
Tap2,39,26,85,56,105,164,52,123,36,53,39,65,30
Tbx3,15,6,7,13,13,14,0,12,4,2,18,19,0
Tbx4,0,0,0,0,0,0,0,1,0,0,1,0,0
Tbx5,0,0,0,0,0,0,0,0,0,0,0,0,0
Tbx6,0,1,1,2,4,16,1,7,8,0,0,3,6
Tbxas1,244,101,229,223,258,600,214,566,188,235,157,195,171
Tcap,1,0,0,0,0,1,0,0,1,0,2,0,0
Tcea3,3,10,13,14,8,17,11,23,7,0,5,8,7
Skp1a,177,200,140,203,250,478,159,428,111,100,191,128,320
Tcf12,128,116,79,141,151,411,83,311,102,113,217,104,86
Tcf21,0,0,1,1,0,0,0,0,0,0,0,0,0
Zeb1,136,80,56,105,152,261,44,140,46,70,85,64,44
Ubtf,99,37,73,107,98,313,75,221,97,83,99,89,42
Tcp10b,0,0,0,0,0,0,0,0,0,0,0,0,0
Tcte3,0,0,0,0,0,0,0,0,0,0,0,0,0
Tdg,4,0,7,5,7,13,7,11,3,4,9,7,6
Tdgf1,0,0,0,0,0,0,0,0,0,0,0,0,0
Prdx2,37,82,79,94,96,155,68,181,39,31,73,49,157
Sry,0,0,0,0,0,0,0,0,0,0,0,0,0
Tead2,3,5,8,10,8,23,5,22,0,1,7,14,1
Thoc4,16,11,10,40,35,39,23,51,18,20,16,17,21
Tekt1,12,43,34,28,19,52,16,50,5,0,29,16,27
Tesk1,31,16,48,97,59,126,34,147,38,35,27,54,11
Cirh1a,52,44,55,37,67,85,13,88,11,15,27,24,17
Tff3,0,0,0,0,0,0,0,0,0,0,0,0,0
Tgfb1,125,31,119,138,115,422,150,354,122,109,77,111,12
Tgfbr3,43,77,34,83,78,181,43,191,32,6,122,61,34
Tgtp1,74,94,68,83,225,17,6,25,5,1,19,31,19
Thbs1,350,106,237,367,339,339,72,205,65,74,110,304,28
Thbs2,14,24,7,29,17,35,19,45,5,2,16,20,9
Thbs4,0,1,0,2,0,0,1,1,0,0,1,0,0
Theg,0,0,0,0,0,0,0,0,0,0,0,0,0
Nr1d2,157,117,84,191,173,347,82,231,78,85,121,119,68
Tia1,64,42,29,47,48,181,56,141,81,48,55,69,53
Myo18a,114,43,139,178,198,537,163,411,144,166,142,180,15
Tie1,49,23,113,66,135,67,31,93,40,29,72,73,24
Trim28,117,34,147,198,159,455,166,424,121,121,151,136,34
Timm17a,18,25,17,25,28,57,14,32,13,9,20,11,43
Timm17b,5,4,15,16,37,46,11,30,12,7,12,15,15
Timm44,22,15,42,47,43,100,37,73,26,30,17,35,38
Timp2,479,353,468,510,466,1437,466,1205,399,368,532,418,167
Timp3,787,590,649,735,820,736,239,787,276,148,750,441,212
Atp6v0a2,187,93,149,157,252,455,149,350,111,120,161,131,73
Fabp9,0,0,0,0,0,0,0,0,0,0,0,0,0
Tle1,12,25,4,18,12,51,17,42,15,6,41,27,2
Tle4,89,44,85,89,113,248,70,204,65,57,100,84,38
Tln1,458,168,562,638,583,1661,582,1449,467,520,476,620,36
Tbpl1,118,112,108,193,198,506,104,424,102,153,137,161,113
Tlr6,65,24,35,22,38,114,20,82,33,33,36,43,21
Clec3b,0,0,3,0,0,3,0,2,0,0,0,0,0
Tnc,1,0,3,0,0,2,0,3,0,1,2,0,0
Tnfrsf17,14,7,9,12,7,47,5,14,10,5,14,14,22
Tnfrsf1a,174,77,259,325,345,597,196,466,178,198,163,162,45
Tnfrsf1b,406,127,401,341,337,1051,371,1000,329,370,317,293,92
Cd40,40,23,50,27,73,4,2,4,0,5,3,9,5
Tnfsf11,0,0,0,0,0,0,0,0,0,0,0,0,0
Tnfsf12,10,6,29,13,24,40,35,59,10,17,16,20,9
Cd40lg,0,0,0,0,0,0,0,0,0,0,0,0,0
Cd70,0,0,0,0,0,0,0,0,0,0,0,0,0
Tnnt1,0,1,2,1,2,1,1,3,2,0,0,0,1
Top2a,30,14,18,21,12,37,19,52,19,27,12,24,10
Top3b,62,41,80,59,79,261,69,212,53,56,86,79,56
Ppp1r13b,35,17,34,43,34,119,26,89,32,19,29,36,7
Tmem165,35,52,39,36,42,105,39,101,34,32,33,34,28
Tpbg,1,7,3,4,13,1,1,13,2,2,4,7,1
Nr2c1,43,9,24,26,34,110,30,84,26,28,35,25,15
Nr2c2,144,59,68,106,104,343,82,297,137,100,137,106,56
Hsp90b1,1979,1818,1368,1633,1995,5070,1746,4942,1670,1624,2294,1505,1639
Traf5,80,19,57,59,67,93,38,79,22,24,25,64,12
Traip,0,1,0,4,2,3,2,3,0,1,0,2,0
Trap1a,0,0,0,0,0,0,0,0,0,0,0,0,0
Plscr1,50,38,33,59,95,24,4,17,3,9,8,29,8
Tfrc,90,90,50,85,106,310,70,273,77,76,194,49,134
Trip6,13,8,21,17,45,54,25,36,16,8,13,14,6
Trp73,4,5,4,12,13,44,4,20,3,0,12,10,3
Trpc1,5,10,5,9,14,23,5,17,10,0,11,10,2
Trpc2,6,3,6,9,8,31,8,15,14,3,7,19,2
Try4,0,0,0,0,0,0,0,0,0,0,0,0,0
Tsn,132,95,86,79,95,269,92,258,61,90,94,56,48
Ttn,2,5,2,6,0,6,0,11,1,2,2,13,0
Tuba1a,185,209,232,341,341,573,207,534,170,163,194,122,199
Tuba1b,90,81,119,136,119,238,87,195,83,61,99,48,107
Tubb5,159,114,248,219,302,582,204,488,150,171,183,183,166
Tuft1,13,10,26,18,23,56,10,47,10,5,24,18,15
Tulp3,19,13,9,21,22,31,15,29,12,10,37,15,12
Twist1,0,1,0,0,0,2,0,0,0,0,1,0,0
Tnfrsf4,0,1,0,1,3,3,5,6,0,3,0,2,0
Txn1,51,57,40,69,117,95,25,84,38,18,40,58,117
Tyrobp,507,323,538,757,938,1548,727,1362,558,641,373,454,918
Zrsr1,27,43,34,60,53,104,37,79,25,17,30,24,26
Ubb,274,240,487,610,947,1150,416,1079,278,304,230,399,588
Ube1y1,0,0,0,0,0,0,0,0,0,0,0,0,0
Usp12,136,66,96,150,150,426,115,298,94,140,116,110,63
Uchl1,3,1,1,2,13,4,0,7,3,0,2,1,0
Ucp2,760,260,931,1306,1306,1561,627,1650,565,674,520,722,140
Ufd1l,56,26,41,63,75,164,43,128,46,46,53,34,49
Ugcg,261,111,99,136,148,261,54,165,94,87,79,102,38
Ugt8a,1,0,5,0,0,26,0,14,1,0,7,1,4
Uck1,16,9,19,12,19,39,17,33,7,5,12,14,8
Usf2,38,19,89,75,62,169,53,177,60,71,62,72,20
Scgb1a1,0,0,0,0,0,0,0,0,0,0,0,0,0
Utrn,227,204,170,262,350,451,106,394,128,131,462,361,75
Vmn1r51,0,0,0,0,0,0,0,0,0,0,0,0,0
Vmn1r45,0,0,0,0,0,0,0,0,0,0,0,0,0
Vmn2r88,0,0,0,0,0,0,0,0,0,0,0,0,0
Vars,50,19,73,55,84,122,58,119,38,34,32,40,4
Vbp1,81,78,41,94,71,202,68,142,59,71,73,51,99
Vcam1,2028,1475,1807,1590,2626,312,91,355,116,75,274,1597,201
Vdac1,134,164,116,158,171,362,117,351,108,96,191,99,167
Vdac2,184,127,156,230,203,492,153,390,135,149,180,93,169
Vegfb,19,10,15,19,9,74,15,38,10,7,12,20,10
Lin7b,0,0,0,0,0,0,0,1,0,0,0,0,0
Lin7c,191,212,134,248,292,454,117,398,106,117,210,132,194
Vim,107,98,202,139,270,292,70,349,95,63,207,158,83
Vipr1,17,3,16,11,20,94,19,68,23,16,25,19,1
Vnn1,1,0,0,0,0,0,0,0,0,0,0,0,0
Trpv2,72,36,68,75,109,232,84,224,66,80,59,63,38
Vtn,8,18,56,34,67,60,12,84,13,15,77,49,25
Vwf,350,163,525,232,451,358,156,498,197,153,346,441,87
Fmnl3,276,85,281,379,382,1339,413,1036,339,390,347,330,106
Wbp5,35,68,41,64,92,155,51,131,39,27,75,37,91
Baz1b,155,115,113,174,201,654,162,465,184,132,200,211,33
Wdr1,275,214,273,254,349,654,194,586,189,209,236,213,138
Wfs1,17,0,20,14,30,31,12,35,7,6,12,14,5
Wiz,42,5,44,42,56,115,39,100,27,32,25,45,3
Wnt10b,0,0,1,0,1,0,0,1,0,0,0,0,0
Wnt9b,0,0,0,0,0,1,0,0,1,0,0,0,0
Wnt8b,0,0,0,0,0,0,0,0,0,0,0,0,0
Dctn6,37,27,19,30,56,75,36,68,13,29,41,25,47
Xdh,61,40,40,74,151,28,17,65,18,13,61,63,8
Xirp1,3,2,5,5,7,23,1,13,1,2,7,6,0
Xlr,34,27,21,46,47,98,32,112,36,81,42,18,40
Xlr3c,0,0,0,0,0,0,0,0,0,0,0,0,0
Xpa,6,7,7,10,19,39,9,31,4,15,14,11,5
Ercc5,86,43,55,53,66,217,50,148,55,43,60,38,39
Slc6a20b,2,0,5,1,0,0,0,0,2,0,0,0,0
Ybx1,95,92,102,116,140,289,114,248,79,96,112,86,88
Siae,51,43,34,47,47,151,51,101,50,48,35,24,45
Ysk4,11,16,10,14,10,49,11,34,4,4,10,3,5
Ywhah,410,173,294,312,304,1002,370,1017,408,480,417,292,237
Ywhaq,32,48,56,71,70,136,38,150,55,31,83,38,72
Ywhaz,370,155,205,582,453,927,266,740,243,270,324,256,162
Zan,0,0,0,0,0,2,0,0,0,0,2,2,0
Zfp106,328,331,209,466,440,950,243,828,215,192,462,302,153
Mkrn3,0,1,0,0,0,0,1,4,0,0,2,1,2
Zfp13,0,0,3,1,1,1,1,2,0,1,1,2,1
Zfp148,187,103,113,174,165,482,163,454,152,171,199,118,112
Zfp259,42,29,43,37,68,90,37,82,24,27,39,19,17
Zfp36,3237,883,2845,2500,3173,6312,1968,5650,1766,1905,1759,2718,688
Zfp54,6,8,5,1,2,20,1,13,5,5,8,8,3
Zfp90,118,47,62,75,96,291,92,208,73,88,69,63,31
Zfp97,4,2,4,1,18,18,9,14,4,6,7,2,3
Zfpm2,0,0,2,0,0,2,0,1,0,0,1,0,0
Zfr,204,153,132,222,221,622,169,469,162,187,218,163,112
Zim1,0,0,0,0,0,0,0,0,0,0,0,0,0
Ikzf2,42,8,13,21,33,65,12,55,25,15,15,27,20
Ikzf3,4,0,0,2,3,5,0,8,1,0,0,0,1
Ikzf4,2,3,4,2,2,4,0,4,0,0,2,0,0
Slc30a3,0,0,0,0,0,0,0,1,0,0,0,0,0
Slc30a4,83,127,76,95,113,230,69,193,64,47,90,62,56
Zp2,0,0,0,0,1,0,0,0,0,0,0,0,0
Zyx,113,30,171,158,258,263,99,256,60,75,58,128,13
Coro1b,115,75,196,210,229,472,177,412,147,165,126,154,126
Coro1c,56,25,83,67,99,153,62,132,38,44,54,73,29
Adam23,1,2,0,2,1,5,0,1,0,0,0,1,0
Adam25,0,0,0,0,0,0,0,0,0,0,0,0,0
Adamts5,2,7,10,9,11,26,9,22,1,0,17,10,3
Agr2,0,0,0,0,0,0,0,0,0,0,0,0,0
Aplnr,0,1,2,0,1,20,6,18,4,3,26,5,7
Akt3,54,29,28,42,45,123,39,103,20,36,81,52,15
Aloxe3,0,0,0,1,0,3,0,1,0,1,1,0,0
Amfr,297,224,317,316,262,859,300,756,215,223,301,253,132
Apc2,0,1,0,0,3,3,2,3,2,2,2,3,0
Arih2,43,27,47,84,77,212,65,173,42,50,37,57,13
Bpnt1,30,52,62,63,45,125,37,117,34,29,56,47,61
C1ql1,0,0,0,0,0,1,1,3,0,0,0,0,0
Capn10,8,6,11,5,10,27,2,25,4,3,5,12,3
Car14,30,91,92,112,89,190,71,165,35,5,108,41,79
Xcr1,4,1,3,9,3,16,5,9,5,0,0,2,9
Cdh20,0,0,0,0,0,1,0,1,0,0,1,0,0
Cfdp1,60,53,24,48,55,145,52,120,47,32,66,27,83
Klf6,3334,1493,1648,4305,4051,8943,1997,7072,2208,2430,1968,2424,1246
Creg1,200,134,175,233,217,485,222,390,190,188,163,151,144
Dmtf1,209,101,122,161,197,556,138,421,129,190,148,166,94
Dlg2,0,0,1,6,3,2,2,3,0,0,4,0,0
Ets2,228,108,208,380,388,753,145,565,158,155,156,177,54
Farsb,38,36,44,70,68,163,46,135,59,42,64,33,101
Fbln5,81,62,147,58,101,85,50,215,64,40,158,96,65
Fxr2,73,25,65,81,56,241,64,215,70,67,78,54,19
Fyb,347,120,211,351,385,777,235,662,245,294,215,251,46
Gadd45g,72,31,141,73,154,166,53,105,41,37,32,58,34
Gmcl1,32,11,8,22,23,76,30,66,26,18,43,15,15
Gdf15,0,0,0,3,1,11,3,3,5,3,0,6,1
Ggt5,54,30,52,61,66,171,67,163,52,42,49,66,20
Pigq,75,87,66,87,88,239,83,210,63,52,81,75,49
Gpr34,1947,1219,1242,1429,1472,7194,2245,5360,2333,2887,2151,1418,3086
Grem1,0,0,0,0,0,1,1,0,0,0,0,0,1
Grem2,3,0,4,0,2,6,0,2,1,0,5,2,1
Hax1,13,5,10,10,10,29,7,27,5,6,7,13,7
Hcst,3,4,3,3,9,7,3,12,1,3,4,2,9
Hs2st1,47,40,20,49,29,138,30,117,42,35,67,37,31
Impdh1,7,1,5,9,11,32,5,30,8,9,19,6,2
Impdh2,4,3,3,3,9,19,3,17,9,3,2,9,1
Insl5,0,1,0,1,0,1,0,2,1,0,0,0,0
Insrr,0,0,0,0,0,0,0,0,0,0,0,0,0
Aadat,0,0,0,0,0,0,0,0,0,0,0,0,0
Katna1,59,56,38,64,77,151,34,99,40,62,20,46,51
Lamc3,3,0,6,2,8,8,2,13,6,2,12,15,1
Lynx1,23,65,70,68,42,128,62,116,25,4,84,44,26
Mab21l2,1,0,0,0,0,0,0,0,0,0,0,0,0
Map2k5,34,12,25,33,29,85,23,64,30,24,29,19,12
Mapk7,10,6,18,20,33,53,21,65,8,16,17,21,2
Mta2,179,74,136,191,214,582,203,446,149,175,120,146,74
Esyt1,66,31,113,87,127,183,69,158,60,48,71,85,22
Mid2,5,15,2,14,7,38,6,23,9,6,27,13,10
Mmp17,0,0,4,4,4,2,1,0,0,1,3,0,1
Nek4,9,11,9,23,20,54,5,38,5,5,16,8,7
Nr0b2,0,0,0,0,0,0,0,0,0,0,0,0,0
Nt5e,16,31,15,16,36,35,2,31,3,3,18,11,11
Oas1g,7,2,4,8,8,1,1,3,2,6,2,3,2
Oasl2,90,91,66,119,168,55,13,63,16,24,39,37,15
Odz1,0,0,0,0,0,1,0,1,0,0,0,0,0
Odz2,0,0,3,1,0,9,0,5,0,0,0,0,0
Odz4,52,67,37,96,52,206,55,143,24,0,83,59,25
Osr1,0,0,0,0,0,1,0,0,0,0,0,0,0
Pacsin1,11,4,3,15,11,31,12,20,14,5,14,5,3
Pacsin2,300,111,227,292,355,658,194,493,203,183,195,206,121
Papss1,75,36,82,79,82,217,74,194,64,68,83,73,83
Pcbp1,192,79,150,149,206,469,142,399,129,111,128,142,66
Pde10a,4,3,0,9,6,7,1,4,0,0,2,1,0
Slc26a4,0,0,0,0,0,0,0,0,0,0,0,0,0
Eci2,111,76,70,108,130,170,46,156,52,52,85,72,90
Med24,45,27,39,41,42,101,53,92,38,33,43,45,25
Cib1,23,29,29,32,56,120,33,75,25,33,33,22,66
Prkra,35,12,20,21,23,112,28,61,35,28,37,21,32
Klk7,0,0,0,0,0,0,0,0,0,0,0,0,0
Dazap2,319,229,274,471,481,879,276,593,247,217,289,247,244
Psmc4,43,45,87,79,102,181,61,176,50,49,87,60,69
Psmd13,41,44,43,79,78,167,55,146,37,53,50,43,79
Twf2,58,28,107,65,86,210,100,237,87,90,59,78,48
Grk1,0,0,0,0,0,1,1,2,0,0,1,0,2
Rnasel,115,46,45,68,90,195,38,150,59,36,45,56,19
Rngtt,68,24,43,43,55,130,35,83,43,50,50,43,52
Mrps12,4,11,10,6,18,24,6,12,7,6,6,5,12
Scamp3,24,23,50,42,54,78,37,71,28,38,26,40,13
Scn11a,1,1,1,0,1,0,0,1,0,0,1,0,0
Ccl19,0,0,0,0,0,0,0,0,0,0,0,0,0
3-Sep,2,1,1,3,3,18,1,17,1,0,0,1,4
Sgcb,46,37,47,56,43,138,48,91,27,20,68,26,51
Sgcd,0,0,0,0,0,1,0,0,0,0,2,0,0
Sgcg,0,0,0,0,0,3,0,0,0,0,2,0,0
Sh3bp5,73,38,53,96,89,140,28,102,28,36,36,46,18
Slc35a1,41,51,37,48,44,128,45,102,32,34,62,32,60
Spry1,60,29,61,94,90,264,77,198,52,62,58,83,26
Spry2,3,13,7,12,9,5,1,15,5,1,9,3,2
Spry4,6,12,5,17,15,14,5,10,2,2,9,11,0
Srp54a,0,0,2,2,3,0,2,7,0,0,0,1,3
Mpdu1,44,26,63,70,65,126,36,82,32,39,42,45,40
Tekt2,0,0,6,2,2,7,3,1,0,0,0,2,0
Tll2,0,0,3,0,1,0,1,0,0,0,0,0,0
Tlr2,498,306,619,656,786,1414,338,849,274,326,315,385,242
Tpra1,17,16,42,25,48,106,34,97,24,23,31,26,19
Trex2,0,0,0,0,0,0,0,0,0,0,0,0,0
Ubl3,209,115,189,250,238,563,202,518,179,208,209,162,122
Usp18,93,83,52,112,192,18,4,24,11,29,5,22,6
Uts2,0,0,0,0,0,0,0,0,0,0,0,0,0
Vmn1r49,0,0,0,0,0,0,0,0,0,0,0,0,0
Vax2,0,0,0,0,0,0,0,0,0,0,0,0,0
Best1,3,4,2,4,2,12,4,13,0,1,2,3,0
Whsc2,17,1,22,25,13,40,14,53,19,3,21,11,9
Wif1,0,0,0,0,0,0,0,0,0,0,0,0,0
Xrn1,77,50,27,68,101,209,68,168,69,58,75,47,15
Xrn2,191,105,83,187,216,433,79,316,138,161,130,135,86
Ing1,41,11,30,25,30,125,32,81,27,20,21,39,29
Abcg2,109,86,93,133,181,302,99,231,99,115,202,84,164
Aldh1a7,0,0,0,0,0,0,0,0,0,0,1,0,0
Angptl2,35,58,44,60,67,95,37,111,18,2,60,61,19
Avpr1b,0,0,0,0,0,0,0,0,0,0,0,0,0
Cd97,25,18,25,64,36,101,29,103,31,22,60,31,26
Ceacam9,0,0,0,0,0,0,0,0,0,0,0,0,0
Clcn6,42,9,29,21,17,83,19,66,30,19,29,16,12
Clcn7,81,38,75,89,76,268,69,257,77,64,112,96,36
Rfwd2,13,14,10,28,13,71,17,43,22,31,18,21,23
Dapp1,152,77,138,142,180,494,138,356,172,167,135,148,112
Decr2,16,14,10,17,25,44,15,40,6,8,29,12,8
Fto,73,68,94,104,99,263,85,177,61,52,103,92,52
Gnpda1,33,13,21,27,33,115,40,92,17,44,40,35,27
Hsf4,0,0,0,0,2,0,0,1,0,0,0,1,0
Mapkbp1,45,24,36,49,61,114,26,115,32,23,35,39,7
Lypla2,7,5,36,20,23,50,33,68,25,14,13,21,10
Map2k6,20,14,16,13,25,66,13,49,13,23,22,18,12
Map3k2,213,85,96,185,237,668,131,448,165,162,169,176,75
Map3k3,202,69,130,160,199,493,152,398,167,204,137,145,26
Map3k4,57,19,50,59,61,180,70,123,48,59,43,56,16
Mapk1,187,159,115,198,183,570,171,475,134,159,260,159,153
Mapk13,1,0,0,2,2,5,1,0,0,0,0,0,0
Mapk3,92,50,168,124,125,412,166,399,134,140,136,122,87
Prl2c4,0,0,0,0,0,0,0,0,0,0,0,0,0
Nubp1,25,10,31,19,27,70,22,45,21,16,19,21,11
Nubp2,15,13,23,28,34,60,25,60,24,18,21,14,29
Creb3l1,6,4,13,8,9,20,8,21,2,0,4,7,1
Orc4,117,74,53,84,102,237,54,224,61,79,90,49,69
Orc5,39,25,15,34,51,93,31,72,24,42,44,37,36
Parg,86,32,22,57,69,172,47,147,46,68,70,59,18
Plod3,172,65,229,173,216,417,196,472,164,178,147,165,86
Psg19,0,0,0,0,0,0,0,0,0,0,0,0,0
Psma1,119,115,87,112,133,332,100,302,123,117,108,59,163
Psma4,34,54,26,62,56,105,38,75,31,38,44,27,55
Psma5,11,10,3,11,14,26,8,19,15,4,13,7,16
Psma6,170,171,129,193,202,312,117,314,105,117,140,98,186
Psma7,48,44,35,67,116,151,46,133,48,25,60,35,78
Psmb2,58,68,75,97,128,163,75,136,42,37,57,32,126
Psmb3,10,6,15,14,27,24,10,12,12,11,5,3,15
Stk30,1,9,5,6,8,10,2,9,0,0,5,6,11
Rpl27a,32,45,13,26,39,69,37,48,33,29,42,10,30
Sema4g,71,13,45,57,56,317,88,169,57,68,54,85,5
Slc27a1,16,24,62,51,41,55,33,72,11,13,36,32,9
Slc27a2,0,0,0,0,0,0,0,0,0,0,0,0,1
Vnn3,0,5,3,10,2,4,0,4,0,0,0,1,1
Zfp146,79,34,36,38,75,126,41,118,34,56,55,26,50
Zfp260,64,45,54,62,53,137,38,141,48,75,79,36,69
Mmp23,3,0,1,1,1,5,1,6,1,0,1,1,1
Ncdn,8,2,30,16,22,32,14,39,9,5,10,18,9
Pla2g10,0,0,0,0,0,0,0,0,0,0,0,0,0
Slc27a3,1,2,3,3,4,5,1,5,1,4,0,2,0
Slc27a4,33,10,27,36,38,90,42,86,29,36,22,37,14
Slc7a11,107,97,77,101,189,52,5,39,5,7,17,44,14
Cops3,63,89,48,60,83,213,62,156,55,61,69,47,68
Rcn2,97,132,132,117,93,275,95,216,67,37,129,67,103
Dpysl4,0,0,0,0,0,2,0,3,0,0,0,0,0
Abcd2,158,80,80,132,148,547,142,376,170,191,182,110,90
Adh4,0,0,0,0,0,0,0,0,0,0,0,0,0
Chst4,0,0,0,0,0,0,0,0,0,0,0,0,0
Cln8,81,50,85,212,182,465,122,323,96,124,107,120,75
Cops4,178,104,124,217,257,462,107,311,113,122,106,127,98
Cops6,26,42,62,65,61,139,47,133,36,32,52,38,86
Cops7a,30,29,70,42,53,130,45,116,27,30,35,47,31
Med14,56,34,37,34,52,172,33,149,25,27,53,34,16
Acot1,3,11,4,3,3,24,5,19,1,0,10,7,6
Ctsj,0,0,0,0,0,0,0,0,0,0,0,0,0
Ddx3y,0,1,0,1,0,22,0,73,1,1,1,0,0
Sh2d1b1,0,3,0,1,0,5,1,10,1,1,2,0,2
Eif2s3x,18,15,11,5,17,39,15,24,11,11,15,8,13
Eif2s3y,0,0,0,0,0,7,0,23,0,0,0,0,0
Exo1,0,0,0,0,0,6,4,1,2,2,3,0,0
Figla,0,0,0,0,0,0,0,0,0,0,0,0,0
Gprin1,0,0,0,0,1,2,0,1,0,0,0,0,0
Ern2,0,0,0,0,0,0,0,0,0,0,0,0,0
Zfp346,23,4,19,23,22,69,12,46,13,20,19,31,12
Cep110,162,58,64,132,150,463,128,341,135,134,123,160,31
Aifm1,51,46,44,52,53,148,40,109,30,11,56,27,55
Prdx5,66,116,162,165,154,267,108,219,47,28,95,69,262
Ppp2r5e,93,41,34,68,48,222,68,169,69,81,93,45,25
Racgap1,8,2,7,5,8,16,13,26,7,1,9,2,2
Rgnef,19,21,11,17,19,21,13,34,9,3,24,14,2
Mprip,136,60,126,175,197,351,117,347,88,89,188,165,28
St6galnac5,0,2,0,1,0,0,0,2,0,0,0,0,0
Ecsit,14,4,8,11,9,21,9,17,8,4,14,8,5
Slc9a3r1,33,35,90,77,67,136,44,129,47,29,42,60,20
Serinc3,6904,3816,4623,5563,6438,15479,4972,13120,5275,6553,5431,4334,5222
Tpsg1,0,0,0,0,2,1,0,0,0,0,0,0,0
Trpc7,0,0,0,0,0,0,0,0,0,0,0,0,0
Vsnl1,0,0,0,0,0,0,0,0,0,0,0,0,0
Zw10,37,14,17,25,33,110,35,98,28,29,41,25,29
Cul1,304,141,205,262,274,808,223,634,224,285,257,227,181
Pla2g2e,0,0,0,0,0,0,0,0,0,0,0,0,0
Pla2g2f,0,0,0,0,0,0,0,0,0,0,0,0,0
Brd7,43,36,50,67,57,165,38,130,69,53,79,56,38
Polk,26,34,21,33,26,103,27,85,26,24,77,28,37
Omd,0,1,0,4,2,4,2,5,2,0,2,2,1
Rps3,387,319,351,599,795,1053,363,956,309,296,341,295,735
Rpl8,121,119,330,252,383,392,205,414,114,113,120,173,353
Aoah,9,6,2,52,7,8,2,13,5,1,7,3,6
Fkbp9,139,246,139,184,154,391,140,343,76,56,238,114,173
Irf5,185,67,314,290,313,780,261,648,235,247,160,242,49
Srp9,27,56,22,33,76,97,28,76,33,38,41,27,61
Bcap31,195,183,142,182,193,486,154,411,161,137,186,116,271
Pde6g,0,0,1,0,2,3,1,0,1,0,0,0,0
Atp1b2,42,81,58,104,53,201,56,179,32,7,103,71,17
Abca1,754,411,408,686,725,2752,706,1970,733,767,776,673,290
Actn3,0,1,1,0,0,0,0,0,0,0,0,0,0
Add2,0,0,0,0,0,1,0,0,0,0,0,0,0
Adra1d,0,0,0,0,1,0,0,0,0,0,0,1,0
Adra1a,0,0,0,0,0,0,0,0,0,0,0,0,0
Adrb3,0,1,0,0,0,0,0,0,0,0,0,1,0
Gla,48,40,30,68,61,191,30,129,34,34,33,54,21
Ahr,7,4,6,4,19,19,7,22,4,2,20,8,0
Ahsg,0,0,0,0,0,0,0,0,0,0,0,0,0
Aldh1a1,0,0,2,1,1,6,0,13,2,0,2,1,5
Anxa11,13,19,21,24,27,63,27,43,11,6,22,33,12
Anxa3,431,272,331,427,503,1285,400,1002,401,446,401,340,402
Anxa4,19,45,31,55,61,104,41,114,32,29,34,35,53
Anxa8,0,0,0,0,0,5,0,0,0,0,0,0,3
Apoa2,2,1,0,1,2,2,0,0,2,0,2,2,3
Apoh,0,0,0,0,1,0,0,0,0,0,0,0,0
Atp6v0d1,86,54,114,136,127,352,86,259,52,87,98,81,96
Azgp1,0,0,0,0,0,0,0,0,0,0,1,0,0
Bcl2l10,0,0,0,0,0,0,0,0,0,0,0,0,0
Bop1,17,10,39,23,39,61,31,51,16,11,21,21,10
Btk,117,58,61,98,111,404,102,299,143,114,106,88,71
Btn1a1,0,0,0,0,0,0,0,0,0,0,0,0,0
Cd3d,2,0,0,0,0,0,2,0,0,0,0,0,0
Cd84,347,180,208,283,314,817,270,697,330,347,295,205,339
Chka,130,64,62,135,127,211,64,159,70,60,38,75,17
Clcn1,0,0,0,0,0,0,1,0,0,0,0,0,0
Clu,577,932,894,969,918,1934,649,1726,273,21,952,651,615
Cpe,36,45,65,169,77,274,42,260,22,5,73,42,40
Cpt1a,132,165,119,236,161,475,121,422,131,79,220,152,90
Crabp1,0,0,0,0,0,0,0,0,0,0,0,0,0
Creb3,69,58,60,87,87,135,74,167,54,42,63,45,85
Cr1l,103,72,89,94,139,228,61,179,72,89,91,49,127
Hapln1,3,0,0,0,0,1,0,2,0,0,1,2,0
Cryaa,0,1,0,0,0,0,0,0,0,0,0,0,0
Drd5,0,0,0,0,0,1,0,1,0,0,0,0,0
Dsc1,0,0,0,0,0,0,0,0,0,0,0,0,0
Dsc2,0,1,2,0,0,2,2,1,0,0,0,0,0
Eif4g2,2039,1389,1108,2231,2090,5137,1373,3972,1366,1352,1852,1216,927
Elk3,100,50,97,91,93,440,164,392,121,142,163,149,77
Eno2,5,12,24,18,20,46,14,39,7,0,15,7,11
Epb4.1l4a,5,5,4,2,3,17,3,8,4,0,3,2,4
Epb4.2,0,0,0,0,0,1,0,0,0,0,0,0,0
Epb4.9,10,8,18,18,17,27,13,28,10,10,11,21,3
Stom,124,84,134,138,211,131,39,114,35,25,91,93,45
Ms4a2,0,0,0,0,0,0,0,0,0,0,0,1,0
Fcer2a,0,0,0,0,0,0,0,0,0,0,0,0,0
Fgf9,3,0,0,0,0,0,0,0,0,0,2,0,0
Foxc2,0,0,1,0,2,1,0,0,1,0,0,3,0
Flt3l,3,8,5,6,7,19,5,9,2,10,9,3,9
Fpr1,37,35,16,40,36,3,2,1,0,1,3,1,0
Frg1,39,24,30,40,43,115,38,108,40,28,52,47,36
Fshr,0,0,0,0,0,0,0,0,0,0,0,0,0
Gdf6,0,0,0,0,0,0,0,0,2,0,0,0,0
Gdf7,0,0,0,0,0,0,0,1,0,0,0,0,0
Gfpt1,175,129,79,113,103,375,111,321,116,86,165,148,71
Gfpt2,1,5,3,5,3,4,1,4,3,0,2,3,1
Gnb3,0,0,0,0,1,4,0,1,7,0,0,0,0
Gnb4,8,9,4,6,15,13,2,17,6,2,20,7,4
Lilrb4,86,80,67,123,109,146,44,138,38,21,30,141,19
Gpr162,6,4,1,10,10,30,13,17,1,2,4,5,2
Leprel2,7,6,22,30,19,40,25,39,24,16,10,20,2
Grcc10,18,37,30,38,65,70,31,65,23,12,19,21,99
Emg1,51,53,53,55,68,157,42,132,48,55,54,55,114
Cdca3,7,0,6,2,5,8,3,3,0,2,1,4,0
Spsb2,1,1,11,5,10,12,9,21,5,4,5,15,6
Gria2,0,0,0,0,0,7,0,18,1,2,0,0,0
Gstp1,11,4,23,12,6,22,20,31,5,5,11,7,21
Gzmb,76,15,70,48,108,29,3,23,6,1,2,8,14
H2-Ke6,24,21,28,48,40,75,28,75,18,19,23,25,31
H2-M10.1,0,0,0,0,0,0,0,0,0,0,0,0,0
Ptpn6,186,93,245,284,300,909,236,612,222,264,173,214,120
Hebp1,11,9,21,22,14,36,20,28,13,13,8,6,8
Hgd,0,0,0,0,4,0,0,0,0,0,1,2,0
Hist1h3f,0,0,0,0,1,0,0,0,0,0,0,0,0
Hist2h2aa1,0,0,0,0,0,3,1,1,0,0,0,0,0
Hist1h3a,0,0,1,0,0,0,0,1,0,1,0,0,0
Hmmr,1,3,3,6,8,6,5,6,5,2,1,3,5
Hoxc4,0,0,0,0,0,0,0,0,0,0,0,0,0
Hoxd10,0,0,0,0,0,0,0,0,0,0,0,0,0
Hoxd9,2,0,0,0,0,0,0,0,0,0,0,0,0
Hprt,203,283,127,240,286,561,193,453,138,141,229,136,306
Eif2ak1,77,62,70,59,70,234,45,203,58,67,85,50,28
Hspa1l,14,6,15,5,9,40,20,33,5,17,5,9,4
Hsph1,264,196,193,143,245,2239,257,1152,406,301,306,397,155
Hspb1,46,36,98,42,104,198,63,230,63,61,58,108,63
Ifrd1,328,207,313,773,778,1526,253,836,233,340,179,406,102
Il2rg,64,38,62,60,117,49,7,25,11,11,14,29,13
Insl3,0,0,3,5,5,5,2,0,0,2,1,3,1
Itga3,20,25,51,40,40,53,38,58,14,10,33,35,4
Itgb7,3,1,4,3,6,13,6,6,8,8,5,9,5
Kcna6,0,0,0,2,1,7,0,5,0,0,8,0,0
Kcnh2,10,20,21,14,14,41,20,39,6,0,23,16,8
Krt33b,0,0,0,0,0,0,0,0,0,0,0,0,0
Ksr1,24,9,18,23,32,71,12,54,18,16,8,21,1
Ldhc,0,0,0,0,0,0,0,1,0,2,1,0,0
Cog1,38,18,60,40,48,129,50,129,50,37,41,37,8
Lhcgr,0,0,0,0,0,0,0,0,0,0,1,0,0
Lifr,341,83,146,255,274,423,120,295,174,146,141,204,53
Psmb9,26,5,20,34,52,43,22,41,11,22,14,24,39
Loxl3,43,22,64,41,50,193,56,138,39,35,63,46,26
Lrpap1,166,165,240,191,239,422,159,370,111,91,174,169,195
Lrrc23,6,10,5,13,8,38,7,42,2,0,8,19,15
Ltbp2,0,0,0,0,0,2,0,0,0,0,0,0,0
Lyz1,1,0,0,1,0,3,0,1,0,0,0,0,0
Madcam1,1,0,3,0,1,0,0,1,0,0,0,0,2
Matn4,0,1,0,0,1,4,2,5,0,0,2,2,1
Mbd1,35,19,51,54,50,117,39,103,25,38,44,44,14
Mbd3,27,21,65,65,68,113,54,113,30,31,43,39,24
Mc5r,0,0,0,0,0,0,0,0,0,0,0,0,0
Kitl,233,122,69,155,169,234,75,182,106,106,204,112,94
Mmp9,4,1,12,6,3,7,2,9,3,0,5,20,3
Msx2,2,1,2,0,4,1,1,2,1,0,1,1,3
Mt1,175,132,415,256,1049,204,77,141,32,33,24,150,112
Mt3,15,43,33,35,68,82,29,86,12,0,24,14,117
Mx2,104,81,82,103,204,79,16,65,27,22,15,30,9
Ninj1,48,50,112,104,128,132,52,123,31,41,29,57,57
Nodal,0,0,0,0,1,0,0,0,2,0,2,0,0
Slc11a1,154,73,197,171,196,493,197,404,122,168,100,159,100
Odc1,139,99,91,170,212,358,99,262,81,65,89,115,108
Olfr65,0,0,0,0,0,0,0,0,0,0,0,0,0
Olfr64,0,0,0,0,0,0,0,0,0,0,0,0,0
Oprd1,0,0,0,0,0,0,0,0,0,0,0,0,0
Orm3,0,0,2,1,0,1,1,4,0,3,0,6,0
Pam,45,54,51,55,53,111,27,92,22,11,86,34,25
Pcsk1,0,0,0,0,0,0,0,0,0,0,0,0,0
Pkd1,163,64,130,157,185,489,179,413,156,154,199,216,18
Pnp,516,432,376,549,889,948,348,764,329,318,301,281,522
Pou5f1,0,0,0,0,0,0,0,0,0,0,0,0,0
Sypl,147,192,124,234,202,524,154,478,169,194,263,134,220
Ppp1cc,4,4,7,7,7,19,4,13,6,11,4,6,4
Prm1,0,0,0,0,1,0,0,0,0,0,0,0,0
Prm3,0,0,0,0,0,0,0,0,0,0,0,0,0
Psmb10,29,20,70,55,111,91,38,73,27,45,23,43,53
Ptger1,47,17,40,44,66,129,31,99,44,49,39,62,7
Dusp1,1714,608,1691,2443,2401,3945,1296,3580,1197,1193,990,1676,496
Pvalb,0,0,0,0,0,2,0,0,0,0,0,0,0
Rora,9,6,3,4,5,9,6,12,2,1,5,2,4
Rps16,2,0,2,0,2,3,0,7,0,2,0,2,5
Rtn2,2,0,2,0,1,0,0,2,0,5,0,3,1
S100a8,212,218,128,183,176,35,2,32,32,19,50,131,68
Sf3a2,12,3,25,7,26,62,33,60,18,23,7,15,4
Ccl4,878,704,980,1481,2423,3568,939,2082,639,922,605,827,1169
Ccl5,80,20,43,79,95,13,1,8,3,9,1,0,5
Ccl7,60,44,32,49,76,70,25,58,19,28,24,62,40
Sema3c,35,50,23,61,89,93,23,97,41,23,126,65,48
Sema4b,35,10,15,14,19,68,19,72,27,31,26,38,4
Sema4d,183,53,173,209,183,748,220,494,188,207,172,199,70
Sema5b,0,0,0,0,0,1,0,1,0,0,0,0,0
Sh3gl1,55,37,64,68,95,172,89,166,37,50,52,76,27
Shox2,0,0,0,0,0,0,0,0,0,0,0,0,0
St8sia5,0,0,0,0,0,0,0,0,0,0,0,0,0
Kdm5c,170,66,89,172,177,477,156,390,117,104,163,176,24
Snap91,36,84,30,57,62,92,23,99,19,1,50,39,49
Sod2,131,158,73,196,227,157,43,163,42,25,73,66,52
Sp1,256,114,110,254,276,820,178,555,189,252,218,216,98
Sp100,81,41,49,54,119,56,26,66,15,40,34,24,13
Irf4,16,7,7,29,19,123,32,44,22,29,14,33,9
Spnb1,18,28,23,11,16,44,18,51,12,3,20,15,2
Supt5h,114,62,160,166,161,457,148,361,123,116,140,193,58
Surf1,14,35,35,39,33,101,19,84,23,20,33,15,53
Surf2,42,25,49,35,60,135,43,91,34,33,37,35,38
Svs6,0,0,0,0,0,0,0,0,0,0,0,0,0
Syn2,0,0,1,1,1,1,2,2,1,0,0,0,2
Tcf4,279,150,171,272,360,644,188,515,183,223,206,207,90
Tcp1,180,214,158,239,319,509,182,423,147,152,222,137,247
Tcte1,0,0,1,1,0,5,2,2,1,0,2,0,0
Tek,47,36,35,42,63,140,46,228,70,61,239,106,112
Thbs3,0,2,2,4,2,8,1,9,1,0,1,2,3
Klf10,199,86,159,311,367,636,123,401,138,150,92,171,31
Tnp2,0,0,0,0,0,0,0,0,0,0,0,0,0
Trhr,0,0,0,0,0,0,0,1,0,0,0,0,0
Ttr,16568,55583,29793,43454,49854,76689,33134,67949,9917,142,34781,22692,96122
Usp5,58,30,79,73,43,205,83,148,52,43,63,70,41
Ugt1a2,87,32,71,71,86,247,76,173,64,64,62,63,77
Uncx,0,0,0,0,0,0,0,0,0,0,0,0,0
Cd52,82,68,41,133,101,107,58,100,39,42,25,62,108
Krtap14,0,0,0,0,0,0,0,0,0,0,0,0,0
Nr2e3,0,0,0,0,0,0,0,0,0,0,0,0,0
Sh3yl1,0,0,0,1,1,4,2,3,2,0,0,0,1
Txnrd2,25,11,16,28,32,77,24,47,24,13,22,20,18
Itgb1bp2,0,0,0,0,0,2,0,0,0,1,0,0,0
Krtap15,0,0,0,0,0,0,0,0,0,0,0,0,0
Cops5,52,93,60,92,98,176,52,169,50,46,50,46,113
G3bp1,112,55,74,141,161,272,82,186,76,92,81,93,61
B9d1,1,11,9,7,10,17,8,9,1,0,8,2,14
Trappc3,48,35,51,53,81,126,43,114,39,33,58,22,60
Rpl7a,36,31,37,49,72,112,37,103,33,31,32,23,62
Syn3,6,3,1,1,6,11,1,9,5,3,2,9,2
Podxl,158,73,184,154,255,305,87,429,195,91,473,280,74
Nrk,0,0,0,0,0,0,0,0,0,0,0,0,0
Rps11,173,176,158,269,335,556,184,475,175,187,198,115,345
Azi2,111,105,69,154,103,287,68,250,71,54,97,90,76
Olfr154,0,0,0,0,0,0,0,0,0,0,0,0,0
Mixl1,0,0,0,0,0,0,0,0,1,0,0,0,0
Slamf1,18,14,25,32,44,32,9,12,10,7,6,15,7
Sgk2,0,0,0,0,0,1,1,0,0,0,0,0,1
Chaf1a,3,3,0,2,2,4,2,7,2,2,4,1,4
Atp1a4,0,0,0,0,0,0,0,0,0,0,1,0,0
Trp53bp1,159,55,77,110,106,460,131,292,109,112,152,105,59
Tceb3,147,51,121,166,142,439,120,381,118,154,145,100,80
Pla2g7,40,48,25,100,29,124,32,127,21,7,29,11,57
Plek2,11,13,16,12,25,30,11,9,1,1,16,6,16
Dok3,13,6,30,28,38,41,26,52,24,21,15,22,1
Smok2a,0,0,0,0,0,0,0,0,0,0,0,0,0
Cars,49,26,43,51,67,154,45,127,35,45,40,43,34
Pdk4,46,42,34,31,38,40,16,70,9,6,32,19,14
Zfp354b,4,1,3,6,3,8,4,8,2,3,2,1,5
Nufip1,19,10,23,25,26,56,12,29,20,7,16,11,10
Clnk,1,0,2,0,0,1,0,0,0,0,0,0,0
Tnfrsf12a,9,10,39,60,73,86,22,55,13,14,11,24,19
Phlda3,8,5,9,5,14,15,4,13,2,0,7,5,6
Hrasls,8,17,5,11,8,22,5,12,1,0,13,4,9
Nbn,31,20,16,37,40,92,24,87,35,28,41,29,22
X99384,284,55,291,275,394,941,317,780,296,270,214,291,101
Insl6,0,0,0,0,0,0,0,0,0,0,0,0,0
Gyg,31,24,20,36,40,101,38,81,30,32,42,27,52
Sytl4,6,0,0,1,3,5,0,0,0,0,2,0,2
Sepx1,26,20,22,38,27,28,13,43,15,11,11,13,38
Dnajb9,183,119,100,175,184,487,152,420,129,171,161,123,167
Tbl2,38,17,33,29,39,99,24,90,32,33,40,38,24
Rps26,10,8,11,22,33,26,13,45,11,6,14,8,55
Csnk1e,249,68,232,241,305,706,237,551,195,235,186,258,59
Prmt5,41,54,76,52,68,139,44,114,21,27,58,48,38
Tjp3,6,6,18,4,4,17,4,24,3,0,4,6,1
Slc25a10,8,1,8,20,20,36,12,22,2,5,9,11,4
Yme1l1,221,239,153,263,267,628,186,503,185,191,249,154,228
Tcl1b3,0,0,0,0,0,0,0,0,0,0,0,0,0
Tcl1b1,0,0,0,0,0,0,0,0,0,0,0,0,0
Tcl1b4,0,0,0,0,0,0,0,0,0,0,0,0,0
Tcl1b2,0,0,0,0,0,0,0,0,0,0,0,0,0
Tcl1b5,0,0,0,0,0,0,0,0,0,0,0,0,0
Akr1c12,0,0,0,0,0,0,0,0,0,0,0,0,0
Akr1c13,2,2,0,1,2,6,2,5,1,1,1,0,2
Magel2,0,0,0,0,0,0,0,0,0,0,0,0,0
Npas3,0,0,0,0,0,6,1,2,0,0,0,1,0
Sh2d3c,15,1,28,15,12,64,24,62,26,18,19,28,4
Ptdss2,30,27,48,32,39,85,31,75,14,27,46,34,43
Mmel1,0,0,0,0,0,0,0,0,0,0,0,0,0
Pign,122,69,60,120,125,334,101,232,106,121,129,123,77
Ip6k1,121,64,134,144,136,418,138,387,113,129,134,133,65
Hsd17b6,0,0,0,0,0,0,0,0,0,0,0,0,0
Peg12,0,0,0,0,0,4,1,0,0,0,0,1,0
Sergef,3,6,7,10,16,16,11,26,5,9,8,4,7
Abcc5,120,52,95,128,125,455,113,382,118,112,135,160,70
Mkln1,194,131,61,156,181,446,104,334,137,137,163,108,126
Naglu,58,25,100,54,69,197,88,145,55,62,51,79,21
Klra15,1,0,0,0,0,0,2,0,0,1,0,0,1
Atp5l,0,1,0,1,1,3,2,2,1,0,4,1,3
Nagpa,39,14,58,40,46,118,52,99,42,31,34,38,11
Slco1a1,0,0,0,0,0,0,0,0,0,0,0,0,0
Barx2,0,0,0,0,0,0,0,0,0,0,0,0,0
Casr,0,0,0,0,0,0,0,0,0,0,0,0,0
Cldn5,13,8,38,16,20,77,36,154,18,24,107,38,93
Abcc2,0,0,0,0,0,1,0,0,0,0,0,0,0
Plk3,82,28,142,140,189,379,140,301,94,106,74,154,50
Cyp2g1,0,0,0,0,0,0,0,0,0,0,0,0,0
Dnahc8,1,0,2,2,0,0,0,1,0,0,4,1,3
Cdk2ap1,15,7,11,22,22,58,20,42,17,16,16,25,3
Epb4.1l3,25,20,21,34,14,75,27,63,17,19,37,16,14
Baz1a,94,50,42,96,141,335,69,239,92,75,53,85,26
Gtpbp1,110,26,104,94,107,260,79,207,85,64,85,88,20
H2-M3,27,21,19,31,40,90,25,59,19,45,30,34,21
Hk2,302,77,178,228,277,766,251,616,213,237,225,196,76
Hsd3b6,0,0,0,0,0,0,0,0,0,0,0,0,0
Jag1,52,14,59,25,50,44,11,67,30,24,89,43,17
Ly75,9,9,14,8,7,9,3,13,0,1,4,3,9
Mtf2,78,50,37,55,72,169,46,121,40,27,64,53,45
Plcb4,24,47,24,33,68,71,19,57,22,13,56,41,18
Prpf4b,168,99,101,131,140,482,92,351,131,117,148,130,59
Pstpip2,18,8,8,13,10,10,5,13,10,6,0,4,1
Rasal1,0,0,0,0,0,2,0,0,0,0,0,0,0
Rax,0,0,0,0,0,0,0,2,0,0,0,0,0
Sfrp1,30,84,15,41,34,93,38,62,14,1,60,18,15
Trove2,75,78,31,45,62,217,56,153,44,36,99,55,69
Trpc6,0,1,0,0,1,0,0,0,0,1,0,0,0
Uxt,3,0,2,1,2,6,2,3,1,0,3,3,4
Vps45,30,29,41,24,16,57,30,62,13,19,24,16,30
Xbp1,301,279,324,396,500,834,286,716,230,232,277,279,251
Ror1,2,8,8,6,10,16,6,4,1,1,13,5,2
Ror2,0,0,0,0,0,1,0,0,0,1,0,0,0
Gcat,5,2,11,5,8,5,4,12,1,2,6,0,6
Ermap,14,2,12,9,11,94,22,49,13,21,20,21,3
Abca7,35,19,43,52,72,140,62,135,49,37,41,91,5
Abca8b,0,4,4,8,0,4,2,4,1,0,1,0,4
Abcf3,66,26,41,66,57,217,70,145,47,47,73,54,58
Abcf1,69,28,83,108,129,201,74,187,53,74,57,83,21
Znhit2-ps,1,3,3,1,4,6,3,13,1,1,4,2,3
Limd1,32,49,53,60,62,101,37,104,26,32,55,35,22
Tpk1,15,11,5,11,16,39,8,26,8,4,10,8,11
Bag3,80,33,119,51,91,662,155,371,150,151,65,179,19
Ndrg3,78,28,41,77,53,190,63,215,65,64,61,50,59
Zfp385a,29,10,73,54,39,210,85,173,60,67,43,58,5
Bcar3,10,19,28,29,25,43,26,42,7,5,31,24,9
Hspb7,3,0,2,0,1,1,0,2,0,0,0,2,0
Tnfrsf19,20,44,21,24,16,114,31,105,27,7,92,15,29
Mapk12,2,0,2,1,4,4,1,6,3,6,3,1,4
Pmm1,8,19,14,24,20,40,20,28,4,4,16,14,37
Sult4a1,8,5,7,11,9,7,3,6,3,1,4,8,4
Dpf1,0,0,0,0,0,0,1,0,0,0,0,0,3
Pde7b,2,3,2,6,5,7,2,11,2,2,8,1,0
Rnf11,93,87,58,140,129,338,103,232,65,70,122,66,101
Cabp5,0,0,0,0,0,0,1,0,1,0,0,0,0
Cabp1,3,0,0,1,1,0,0,1,0,0,2,1,0
Plcl2,274,92,152,261,218,879,222,633,235,255,228,246,96
Ulk2,443,136,197,355,337,1099,303,859,296,383,275,287,88
Clic4,1300,749,1204,1253,1919,376,101,408,158,112,315,624,120
Hdgfrp3,257,109,143,204,230,483,131,392,184,171,162,155,84
Dnajc12,12,10,11,9,12,48,10,14,5,17,6,3,12
Zfp292,229,130,91,107,162,754,132,425,156,144,173,172,81
Spdef,0,0,0,0,0,0,0,0,0,0,0,0,0
Pcsk1n,0,0,0,0,0,0,0,0,0,0,0,0,0
Timm13,9,12,19,16,17,35,13,35,7,9,14,15,42
Timm8b,16,21,26,8,31,48,23,35,14,15,19,19,44
Timm8a1,4,8,1,1,4,4,2,5,1,0,1,0,1
Timm10,2,13,13,16,19,31,11,18,9,7,10,9,24
Mfi2,0,0,0,0,0,5,0,3,0,0,0,0,0
Fkbp3,49,73,46,38,44,101,42,99,28,32,58,34,55
Mmp20,0,0,0,0,0,0,0,0,0,0,0,0,0
Hey2,5,13,1,11,13,25,20,21,8,3,28,8,9
Heyl,9,0,16,5,15,19,0,3,2,0,6,3,0
Adamts8,3,1,1,1,9,0,0,4,0,0,2,0,0
Fbxw4,37,19,34,53,56,148,66,107,35,42,39,39,40
Fbxw5,40,25,61,59,66,137,48,146,27,23,48,49,35
Fbxl6,31,5,23,24,24,53,25,53,15,30,21,24,16
Angptl3,6,2,2,6,8,19,7,13,6,6,3,6,3
Snai3,0,0,0,0,0,0,0,0,0,0,0,0,0
Usp25,171,149,140,192,195,427,115,305,116,131,132,128,43
Usp21,61,25,74,69,75,152,55,155,38,61,42,54,40
Hnf4g,0,0,0,0,0,0,0,0,0,0,0,0,0
Prss30,0,0,0,0,0,4,0,3,0,0,0,0,0
Zfp354c,12,11,4,10,10,41,15,39,16,3,6,10,9
Rnf19a,68,43,42,78,86,170,58,138,53,35,61,64,49
Abt1,12,3,8,12,14,23,16,24,10,9,7,8,11
Adat1,2,3,5,5,5,10,6,12,1,4,4,7,1
Cbx8,7,1,9,5,0,6,2,10,2,4,0,3,2
Cngb3,2,0,0,0,0,0,0,0,1,0,0,1,0
Siva1,1,2,3,1,2,3,1,7,1,3,1,0,5
Aass,13,29,36,25,17,50,18,49,9,0,35,15,39
Ddx25,0,0,0,0,0,10,0,0,1,0,1,0,0
Vapa,408,168,250,357,339,599,155,531,177,258,230,169,108
Slc33a1,115,84,53,44,71,133,54,177,43,57,104,48,46
Acox1,120,117,127,171,180,349,114,335,114,70,172,133,100
Chrna4,5,4,2,6,1,10,2,6,2,0,8,2,4
Atp9a,13,29,50,32,23,67,14,45,9,0,34,21,21
Axin2,9,2,9,9,10,28,8,24,2,0,15,9,0
Casp9,63,23,33,34,39,105,44,92,32,38,55,36,17
Col5a1,1,0,5,8,6,16,5,9,1,0,7,4,0
Ddb1,320,301,298,391,381,1035,282,842,265,191,429,322,233
Galnt3,18,3,7,6,6,45,12,48,16,39,10,10,2
Galnt4,59,35,57,34,58,164,57,129,72,69,62,57,32
Galr3,0,0,0,0,0,1,0,0,0,0,0,0,0
Gbx1,0,0,0,0,0,0,0,0,0,0,0,0,0
Bloc1s1,14,30,17,36,58,43,19,52,12,4,23,10,66
Krtap9-1,0,0,0,0,0,0,0,0,0,0,0,0,0
Nr4a3,11,3,15,21,16,49,14,29,15,9,9,13,0
Enpp2,13466,39584,15358,26046,21299,46401,14903,40846,6691,94,31264,11997,29659
Rbp3,0,0,0,0,0,0,0,0,1,0,0,0,0
Slc20a1,60,50,59,51,112,327,69,188,48,43,63,69,44
Slit1,0,0,0,0,0,0,0,0,0,0,0,0,0
Abce1,181,156,93,166,247,422,132,374,131,128,182,102,157
Zeb2,343,116,199,265,275,1447,319,1089,371,386,345,267,178
Rbbp9,59,22,35,32,48,58,33,63,26,24,43,33,42
Hunk,2,5,0,2,3,7,2,4,2,0,4,5,0
Foxe3,0,0,0,0,0,0,0,0,0,0,0,0,0
Fgd3,75,24,80,150,158,377,117,258,83,97,70,114,18
Nox4,3,1,0,0,0,0,0,0,0,0,0,0,1
Hspa14,54,30,33,55,61,128,46,118,34,36,36,43,47
Ebi3,25,7,22,25,15,38,15,45,7,7,11,11,9
Ercc4,20,13,14,27,25,83,21,51,19,26,21,27,11
Lats2,72,25,44,65,66,234,60,185,72,60,89,52,17
Spag6,9,60,19,35,17,62,12,67,11,0,40,6,31
Ero1l,43,44,27,47,43,107,17,82,35,21,39,39,31
Tmprss2,2,3,0,1,0,0,2,3,1,2,2,0,0
Mfap5,0,0,0,0,0,0,0,1,0,0,0,0,0
Igbp1b,0,0,0,0,0,0,0,0,0,0,0,0,0
Elane,0,0,0,0,0,0,0,0,0,0,0,0,0
Cfhr1,0,0,0,0,0,0,0,0,0,0,0,0,0
Isg15,94,70,86,131,290,18,12,26,4,18,9,14,14
Hist1h1c,99,53,97,218,218,455,172,405,126,179,166,139,128
Hist1h1e,4,2,2,2,4,13,3,14,3,5,9,0,2
Dkkl1,0,0,0,0,0,0,0,0,0,0,0,0,0
Icosl,233,65,190,212,164,439,145,360,99,152,134,185,54
Fbxo8,49,32,34,33,54,125,39,94,36,27,53,21,41
Fbxo18,134,80,90,126,133,364,97,295,91,136,127,103,62
Fbxw14,0,0,0,0,0,0,0,0,0,0,0,0,0
Fbxl17,98,39,60,73,76,217,50,160,58,60,93,50,15
Fbxo16,0,5,2,3,2,7,2,13,0,0,11,0,3
Fbxo17,1,2,6,1,4,25,2,4,2,0,3,1,0
Fbxo6,12,13,33,27,28,47,20,34,16,14,16,23,17
Fbxo15,0,0,0,0,0,0,0,0,0,0,0,0,0
Trfr2,0,3,0,0,0,1,1,0,0,0,0,0,0
Crim1,98,39,76,69,110,143,64,168,53,56,106,88,16
Atp8a2,111,36,65,76,70,310,73,214,112,93,82,82,47
Atp11a,157,148,139,203,165,435,148,376,72,55,169,186,55
Mapk6,218,149,144,369,447,906,136,526,161,153,140,260,65
Krtap5-1,0,0,0,0,0,0,0,0,0,0,0,0,0
Krtap5-4,0,0,0,0,0,0,0,0,0,0,0,0,0
Polg2,11,9,2,16,12,36,6,16,8,8,13,7,5
Rgs1,849,325,455,900,943,3031,619,1803,699,854,631,596,625
Rgs6,0,1,0,3,1,1,0,1,1,0,0,0,0
Dkk3,4,9,8,17,5,39,5,19,2,0,2,14,2
Lsm4,5,14,20,26,31,44,22,26,7,9,16,12,13
Ppap2c,8,5,16,7,4,29,11,26,3,6,9,7,6
Hs6st1,110,34,96,103,102,356,124,274,98,91,80,93,20
Hs6st3,0,0,0,2,0,0,1,2,0,0,2,2,0
Fbxl8,0,0,1,1,2,15,0,5,0,4,1,1,0
Fbxl3,177,117,84,205,169,495,144,406,124,140,168,155,101
Dmrt1,0,0,0,0,0,0,0,0,0,0,0,0,0
Copb2,172,194,148,223,211,488,169,464,153,164,232,123,216
Solh,9,2,9,9,16,52,22,40,15,13,7,28,0
Galt,14,10,20,15,18,26,8,27,6,12,17,12,22
Mxd3,3,2,6,9,11,18,4,15,1,0,2,5,10
Stra13,12,10,10,28,19,40,18,29,12,2,16,17,17
Aip,17,14,47,31,60,98,45,79,27,23,38,28,46
Sntb1,10,24,4,24,10,26,11,33,4,0,21,10,6
Bhmt,4,4,0,6,4,11,4,7,0,0,2,4,12
Crym,0,0,0,0,0,3,0,3,0,0,0,0,0
Il27ra,3,1,5,7,5,3,2,4,2,1,6,0,1
Cldn1,120,379,156,279,203,232,99,246,34,2,158,102,140
Cldn2,135,412,162,229,147,575,179,508,86,3,297,147,279
Rab10,259,141,156,247,236,613,161,457,172,177,199,140,97
Hpcal1,30,15,29,31,29,77,36,64,31,27,44,25,23
Reck,45,27,49,40,56,62,25,101,41,12,91,71,19
Keap1,21,5,30,25,34,75,18,82,19,10,24,23,11
Clasrp,20,8,29,37,22,82,25,66,30,24,15,39,4
Chek2,7,7,10,7,15,44,12,21,12,22,13,18,7
Uba2,118,87,135,138,127,394,115,300,100,105,147,89,133
Zkscan5,17,11,9,23,12,59,14,41,24,6,21,12,12
Zscan12,6,8,9,10,2,38,8,25,12,13,24,12,12
Comp,7,2,8,8,22,5,5,7,3,11,1,5,0
Vezf1,115,61,66,133,156,358,96,240,65,91,102,106,40
Sfrp4,0,0,0,1,0,0,0,0,0,0,0,0,4
Pdcd7,38,15,15,11,13,52,13,53,24,16,15,11,5
Aqp3,0,0,1,0,0,0,0,0,0,0,0,0,0
Hnrpdl,201,89,109,282,295,669,188,393,150,166,167,202,123
Clcn5,21,17,27,37,23,99,25,75,21,29,34,26,15
Incenp,14,2,14,17,11,67,6,51,15,14,10,15,4
Map3k6,32,11,56,35,62,9,2,13,6,8,12,47,0
Park2,2,7,1,6,9,16,3,6,5,7,7,3,6
Mpp2,7,5,7,8,7,12,3,7,1,0,8,14,4
Gpc1,5,3,14,5,1,21,5,11,2,0,9,11,4
Gpc3,0,1,1,1,4,4,3,3,0,0,2,0,0
Exosc10,88,28,67,98,133,199,59,165,64,66,71,79,46
Nes,28,20,44,38,50,173,26,107,21,14,51,40,5
Preb,75,39,84,115,152,295,88,256,91,79,78,109,46
Coil,12,7,2,5,10,39,7,17,10,8,19,5,6
Npy5r,0,0,0,0,0,0,0,0,0,0,0,0,0
Auh,16,15,18,29,32,70,27,61,7,8,27,16,31
Hmgn5,15,17,15,10,17,27,8,33,7,4,19,10,18
Tmod4,2,0,0,0,0,2,1,2,1,0,1,0,0
Nup50,67,42,66,70,79,180,50,155,31,54,50,46,29
Cul3,203,137,107,216,229,574,139,396,140,119,192,169,55
Scly,14,4,27,29,19,34,17,28,11,12,13,19,7
Ninj2,0,2,0,0,1,0,0,0,0,0,0,0,0
Grb14,5,15,6,11,10,36,10,15,5,0,16,7,12
Neu3,4,0,2,5,8,11,2,15,6,8,4,4,2
Iqgap1,348,267,320,261,392,390,106,352,97,49,268,254,85
Galns,17,8,19,18,26,54,32,53,14,14,20,15,5
Uchl3,11,11,7,2,22,23,5,21,6,10,14,6,14
Nub1,131,91,124,181,200,322,124,253,113,82,109,136,63
Stip1,113,123,143,130,151,388,96,372,115,115,167,81,116
S100a11,41,31,35,36,51,26,11,41,8,6,23,23,24
Cdc37,70,59,119,103,131,241,75,205,58,49,66,63,66
Nell2,0,1,0,0,0,1,0,3,0,0,0,0,0
Ccnc,43,52,26,36,40,101,32,91,33,28,39,29,48
Mybph,1,3,3,3,3,10,1,12,1,2,2,5,0
H2afz,15,9,11,8,14,44,20,43,14,6,21,21,7
Clec4f,0,0,0,0,0,0,0,0,0,0,0,0,0
Slc35b1,49,52,75,67,72,155,68,117,55,42,65,39,80
Lxn,6,6,6,7,3,29,7,37,10,17,12,2,11
Mylpf,0,3,0,0,3,4,0,2,0,1,3,1,3
Atp5j,92,149,77,112,109,247,80,257,60,44,129,89,208
Rgs14,9,3,7,14,19,33,11,27,7,1,5,7,3
Rundc3a,3,1,3,4,3,9,2,12,2,2,2,7,2
Matn2,24,71,49,56,40,118,34,112,11,2,70,42,55
Hsd17b10,18,29,19,33,39,73,21,72,14,15,26,23,51
Prdx4,28,52,33,46,50,73,34,91,20,27,49,24,57
Batf,18,19,43,38,60,18,2,9,0,3,3,10,2
Pbx3,14,12,3,17,13,58,17,34,24,11,20,31,9
Smad3,195,85,150,164,192,719,187,468,141,215,195,223,43
Sult1d1,0,0,0,0,0,0,0,0,0,0,0,0,0
Ech1,63,67,82,86,131,196,67,216,62,51,95,58,128
Atp5b,536,726,641,824,815,1707,602,1495,371,301,814,459,764
Dnajc5,158,83,104,182,207,438,134,375,119,145,152,156,75
Mybbp1a,119,46,130,143,177,275,100,283,98,90,93,81,30
Nasp,41,26,28,50,90,179,49,130,34,54,29,38,40
Bok,3,0,0,0,5,4,0,3,0,2,2,3,0
Dmp1,0,0,1,5,6,2,0,2,2,0,4,1,0
Itgb3,145,40,107,83,121,242,70,150,51,63,69,65,27
Prkag1,45,29,48,70,63,136,43,119,59,32,53,41,47
Cntnap1,0,2,5,2,8,8,4,19,9,1,4,10,1
Pgrmc1,212,378,191,225,212,562,191,484,120,71,284,156,245
Plrg1,53,41,49,52,78,144,34,130,41,35,52,34,73
Tpmt,10,6,5,18,6,23,7,11,4,9,8,8,6
Ube2k,83,73,45,108,90,257,66,162,56,52,95,53,104
Bnip2,118,61,80,113,139,271,87,267,74,92,149,99,97
Nptx2,0,0,0,0,0,0,0,0,0,0,0,0,0
Txnl1,77,114,45,94,119,274,61,188,67,56,79,57,115
Vamp8,80,124,89,159,176,340,134,292,69,96,136,91,270
Srpk1,45,31,24,43,47,119,32,94,35,40,38,36,36
Vamp4,35,11,23,25,30,90,26,60,28,24,25,20,31
Stx7,268,172,188,259,262,765,222,559,175,236,206,172,219
Pdlim3,1,6,11,1,11,9,0,4,0,2,7,3,9
Vti1b,41,72,33,68,77,117,33,117,37,32,51,31,61
Stx1a,4,1,3,6,13,17,6,11,6,2,5,14,3
Rhoa,359,264,296,494,430,969,301,850,302,337,387,288,260
Chst3,3,0,0,2,3,1,2,4,0,0,1,4,0
Mtx2,42,60,40,36,48,114,31,106,47,34,51,19,45
Hnrnpu,718,357,447,834,714,2027,553,1545,482,569,590,545,151
Hnrnpa2b1,854,532,482,941,1127,2657,695,2123,686,718,867,759,657
Gosr1,58,55,46,42,65,151,54,143,57,43,73,60,50
Dgka,49,24,35,39,56,99,28,75,20,19,28,40,19
Nxf1,267,134,146,213,252,698,150,506,193,185,171,208,99
Atxn10,144,87,100,147,138,352,101,271,116,108,105,103,77
Rps28,3,1,5,0,2,7,1,5,5,2,3,1,5
Acrbp,2,5,7,0,5,17,7,17,2,7,6,11,0
Rgl1,86,45,60,139,108,330,93,184,60,96,78,92,21
Avpr1a,0,0,0,0,1,2,0,0,0,0,1,0,0
Irf3,26,25,47,47,60,105,38,81,26,20,27,30,23
Irf7,58,45,66,112,187,16,13,38,10,38,12,26,12
Irf6,3,5,1,0,1,11,7,27,11,6,23,4,3
Wbp2,101,43,117,138,112,383,119,270,115,100,95,108,26
Ppp1r3c,0,0,1,8,1,7,1,10,4,0,9,1,5
Cpsf2,74,68,81,78,127,240,63,180,53,57,107,76,55
Exoc7,44,26,63,51,61,118,62,97,42,36,41,40,16
Rab33b,61,22,34,21,32,101,34,91,30,40,33,20,25
Bysl,39,24,34,51,63,75,35,68,28,16,34,23,23
Actr1a,120,61,121,131,150,269,105,261,101,99,110,82,93
Pdlim1,4,2,7,1,6,0,3,5,0,2,5,1,5
Vti1a,38,31,21,43,38,99,27,76,19,27,40,30,22
Fkbp1b,0,0,0,1,0,4,1,2,1,0,0,0,0
Atoh7,0,0,0,0,0,0,0,0,0,0,0,0,0
Stk39,158,399,207,278,253,551,144,508,89,2,404,185,189
Gipc2,0,0,0,0,0,0,0,0,0,0,0,3,2
Acsm3,4,2,1,6,4,8,4,8,3,5,6,3,2
Wisp2,0,0,0,0,0,0,0,0,0,0,0,0,0
Ybx2,0,0,0,0,0,0,1,1,0,0,1,2,0
Eif3g,34,25,47,63,73,117,37,115,37,48,32,50,40
Krt85,0,0,0,0,0,0,0,0,0,0,0,0,0
Krt35,0,0,0,0,0,0,0,0,0,0,0,0,0
Pmm2,32,23,39,44,58,96,42,93,42,34,33,29,27
Sart1,28,11,34,48,48,121,39,126,42,28,32,44,5
Gria3,1,0,0,2,2,1,0,0,0,0,0,0,0
Insm1,0,0,0,0,0,0,0,0,0,0,0,0,0
Dctn3,21,7,35,48,43,53,26,49,14,10,17,17,40
Ppp2r1a,126,93,190,188,213,451,145,399,106,108,161,133,79
Ccs,13,12,16,13,37,52,20,49,8,8,15,16,20
Fut8,56,25,41,40,41,164,24,120,43,52,98,48,28
Ramp1,3,1,11,14,29,54,10,39,14,3,13,21,16
Ak2,41,9,45,65,53,98,39,90,18,34,29,21,19
Map3k14,27,8,63,88,115,232,52,133,46,44,32,64,9
Timm23,3,4,1,4,3,3,2,3,0,0,0,0,3
Cd164,2876,1288,1646,1912,2082,4519,1379,3763,1481,1719,1641,1284,983
Rab25,0,0,1,0,0,2,0,0,1,0,0,1,0
Cav2,36,27,17,23,46,92,15,111,36,28,92,47,83
Oaz3,2,0,1,1,1,5,0,5,3,0,1,0,1
Nphp1,24,35,26,40,40,84,25,52,19,0,45,19,38
Esd,28,46,23,52,54,94,35,78,30,29,52,23,59
Cks1b,2,1,2,1,2,2,2,4,0,0,0,0,4
Galk1,5,5,22,11,23,15,17,12,9,2,8,5,5
Sec61a1,136,75,185,129,179,408,138,342,92,123,144,126,101
Spint1,125,49,137,85,131,207,94,185,64,109,52,57,24
Syt5,0,0,2,0,1,1,0,0,0,0,1,0,0
Ppm1d,44,9,19,26,37,67,25,70,18,45,16,24,4
Srpx,0,0,0,0,0,0,0,0,0,0,0,0,3
Cdkl2,10,33,17,20,8,35,11,30,5,0,16,8,15
Porcn,10,4,8,7,14,20,7,19,2,6,7,5,4
Prg3,0,0,0,0,0,0,0,1,0,0,0,0,0
Blcap,36,22,34,34,38,100,23,87,31,36,29,42,18
Slc40a1,218,120,121,134,190,821,230,499,234,281,266,156,211
Nudt5,11,22,11,18,27,34,13,36,10,13,16,24,31
Col5a3,0,1,0,1,0,3,0,2,0,0,0,0,0
Atp6v0a1,256,114,207,193,262,679,214,586,191,196,232,242,56
Gal3st1,0,0,0,0,0,0,0,0,0,0,0,0,1
Rwdd2b,6,2,4,7,6,11,4,17,6,10,6,3,12
Fanca,12,4,10,8,16,49,8,39,9,14,12,11,2
Sart3,34,19,41,54,57,100,29,112,29,22,28,43,20
Pkd2l2,29,18,7,33,17,84,14,56,25,17,30,35,18
Tlr5,49,13,18,23,36,125,33,97,35,32,34,38,15
Ptprcap,0,0,2,2,0,1,0,0,6,0,0,0,3
Hbb-b2,0,5,0,0,5,40,0,17,0,0,13,0,144
Hmgn2,22,33,20,41,58,89,32,75,31,41,26,38,21
Krt14,0,0,0,0,0,0,0,0,0,0,0,0,0
Rps3a,66,67,55,74,86,170,44,170,57,43,76,35,81
Tmod3,178,127,127,180,284,362,109,330,143,119,197,131,146
Stag3,12,3,7,6,8,27,9,17,5,7,2,5,1
Phgdh,14,9,18,17,15,39,14,46,13,12,14,9,4
Olig2,0,0,1,0,0,2,0,5,0,0,0,0,0
Olig1,1,0,0,2,0,9,0,9,1,0,2,0,1
Klrg1,0,0,0,0,0,0,0,0,0,0,0,0,0
Il22,0,0,0,0,0,0,0,0,0,0,0,0,0
Slc7a8,672,157,522,542,471,1853,678,1465,519,484,493,594,98
Dbp,2,6,6,16,6,22,10,15,6,3,5,6,8
Gja3,0,0,0,0,0,0,0,0,0,0,0,0,0
Mc4r,0,0,0,0,0,0,0,0,0,0,0,0,0
Oat,113,104,83,176,202,380,110,332,106,75,130,71,179
Prkx,86,60,32,96,119,193,45,149,60,60,57,68,19
Rpl5,41,49,28,40,43,113,32,88,28,10,70,22,48
Slc9a1,61,9,50,43,74,200,53,153,49,56,40,60,6
Vpreb1,0,3,2,4,1,3,2,3,0,0,1,3,3
Vpreb2,0,0,0,0,0,0,0,0,0,0,0,0,0
Acadvl,75,101,107,135,137,208,83,213,45,38,94,68,82
Ccni,280,177,215,322,243,926,277,773,275,338,327,218,127
Gabre,0,0,0,0,0,2,2,0,1,0,0,1,0
Hpx,0,0,0,2,2,2,0,0,0,0,1,1,0
Lyz2,448,367,342,769,466,836,405,783,392,204,333,418,593
Nfil3,83,54,57,98,83,116,30,86,40,34,27,76,6
Ppp2cb,116,66,64,119,95,288,70,241,61,59,115,63,67
Ostf1,99,64,104,146,156,290,113,273,94,105,118,88,143
Tef,70,28,63,78,71,323,56,140,59,63,92,86,25
B4galt2,2,0,6,6,1,3,2,10,2,0,3,1,0
Pcdh12,1,0,0,0,0,3,0,4,1,0,6,3,0
Tuba8,1,0,0,0,2,2,0,2,0,0,0,1,0
Zranb2,80,89,56,91,139,252,60,198,78,56,99,61,104
Rab11a,232,182,147,204,229,613,170,457,191,174,213,148,209
Cntn6,0,0,0,0,0,0,0,2,0,0,0,0,0
Ear7,0,0,0,0,0,0,0,0,0,0,0,0,0
Ear3,9,2,0,2,3,10,0,7,1,5,4,5,3
Ear14,0,0,0,0,0,0,0,0,0,0,0,0,0
Svs2,0,0,0,0,0,0,0,0,0,0,0,0,0
Slc5a3,62,117,74,102,57,431,100,300,68,49,179,81,86
Clpp,3,8,15,14,19,26,16,33,7,7,10,18,27
Slc7a10,43,80,74,59,53,74,36,103,17,1,52,36,53
Rfx5,45,28,38,57,73,169,40,117,38,32,40,38,26
Cyp3a41a,0,0,0,0,0,0,0,0,0,0,0,0,0
Ddx20,22,19,6,25,24,72,33,59,26,21,29,15,16
Fabp1,0,0,0,0,0,0,0,0,0,0,0,0,0
Sh3gl3,0,0,0,0,0,0,0,2,0,0,1,0,0
Polm,18,10,11,22,18,91,28,46,10,19,16,19,6
Mrpl39,30,27,20,25,23,70,28,74,24,24,24,27,38
Atf6b,31,16,49,47,51,133,36,112,26,33,33,45,10
Spag5,1,1,1,4,2,9,2,9,8,2,2,7,0
Polg,97,27,114,91,99,189,74,185,54,69,56,92,18
Pbx2,50,28,90,67,58,205,92,168,42,71,51,58,24
Sult2b1,1,0,0,0,0,2,0,1,0,0,0,0,0
Ccrl2,207,137,289,410,636,798,205,473,148,226,154,263,219
Zfp316,8,1,7,16,10,51,8,28,7,10,13,14,1
Enam,0,0,0,0,0,0,0,0,2,0,0,0,0
Dnalc4,15,10,6,13,17,43,15,32,10,14,12,9,15
Pbsn,0,0,0,0,0,0,0,0,0,0,0,0,0
Clca3,0,0,0,0,0,0,0,0,0,0,0,0,0
Rragc,119,45,63,120,119,421,100,255,103,115,134,80,55
Akap8l,185,58,135,166,190,391,131,309,121,140,113,115,47
Copg2,100,80,66,123,127,258,84,207,88,75,98,79,101
Cd244,10,11,8,27,15,18,6,7,2,4,1,6,3
Atp4a,0,0,0,0,0,0,0,0,0,0,0,0,0
Scn3a,1,0,3,0,1,1,0,0,1,0,1,2,0
Scn1a,0,0,0,0,0,0,0,0,0,0,0,0,0
Gbp3,234,198,125,256,495,112,26,100,40,52,57,79,41
Mre11a,27,16,6,18,30,61,13,54,22,15,23,21,18
Igtp,157,129,106,160,272,148,46,139,42,75,64,60,60
Rp9,6,7,14,9,14,35,10,25,18,16,17,18,4
Rai12,47,40,45,42,81,101,24,77,26,32,48,39,57
Igfbpl1,1,0,0,0,1,7,1,8,1,0,4,0,1
Bet1l,9,8,15,18,25,39,12,32,18,25,22,16,23
Agpat6,100,67,65,83,91,202,71,193,62,43,86,57,53
Sema6a,19,10,17,29,43,26,6,14,5,2,18,18,1
Akap7,21,8,12,24,27,80,15,46,12,24,29,23,12
Golga4,133,127,80,174,167,520,144,421,129,107,176,137,36
Eif3d,69,41,118,122,176,217,93,216,62,61,92,74,76
Rassf5,256,72,171,212,197,452,161,383,131,172,129,157,58
Sult1c1,0,0,0,0,0,0,0,0,0,0,0,0,0
Ywhab,326,212,220,271,284,676,188,626,206,233,302,192,138
Sfn,0,0,1,1,1,8,2,2,1,2,1,0,0
Pgcp,95,158,76,147,128,197,74,188,36,23,115,75,153
Tcstv1,1,1,0,0,1,4,2,1,0,0,0,0,0
Nme6,12,8,2,5,10,13,8,17,4,5,11,10,15
Apba3,3,3,15,5,11,34,19,21,1,11,7,10,1
Zfp326,86,23,27,70,95,225,51,133,58,69,45,64,43
Ctnnal1,132,187,138,178,130,277,91,213,61,28,127,64,77
Gp9,3,3,13,4,12,22,6,13,4,15,3,5,5
Chst2,2,1,0,0,2,10,5,8,1,7,6,1,2
Wbp4,65,40,33,55,76,178,44,130,41,54,61,52,39
Ntsr1,0,0,0,0,0,0,0,0,0,0,0,0,0
Stx8,24,14,10,16,17,59,14,54,13,18,18,13,28
Dfna5,7,2,2,6,8,17,2,15,2,4,4,6,4
Gipc1,8,5,18,20,20,55,31,35,5,16,16,14,10
Skap2,121,71,72,143,160,396,133,262,111,131,96,108,116
Crlf3,151,52,113,123,120,416,108,318,131,117,154,107,67
Cldn6,0,2,0,0,0,0,0,0,3,0,0,0,0
Cldn8,0,0,0,0,0,0,0,0,0,0,0,0,0
Pde3a,1,1,5,5,17,15,4,7,3,4,15,8,0
Sfrp5,1,3,19,6,2,6,5,9,0,0,2,4,2
Egr3,5,2,17,18,35,113,16,54,19,34,15,26,3
Calcrl,75,48,62,44,76,135,17,98,43,26,78,34,46
Tfip11,44,15,86,47,74,163,61,119,38,40,33,55,14
St3gal6,387,231,306,411,397,1116,305,750,285,398,344,264,274
Prpf40a,130,101,91,116,149,366,72,252,91,98,95,84,60
Prpf40b,39,10,38,33,39,115,36,95,28,19,30,52,15
Extl3,307,113,296,259,271,657,202,582,203,221,211,229,73
Foxo4,37,20,11,23,44,91,36,88,32,29,32,50,3
Zfp108,7,2,2,3,1,9,11,13,5,12,3,1,7
Hils1,0,0,0,0,0,0,0,0,0,0,1,0,0
Atp6ap1,451,363,402,444,455,1094,395,992,324,308,463,288,424
Abcc6,0,1,0,0,2,2,0,5,2,0,1,1,0
Eef1b2,190,183,153,250,271,467,156,328,133,148,141,109,243
Plxnc1,6,5,1,26,3,16,1,22,4,6,4,10,0
Ubqln2,52,41,42,69,53,206,34,161,46,45,77,50,6
Eif3i,36,50,58,84,96,142,67,147,44,41,64,39,139
Syt6,3,0,3,8,5,33,13,22,7,2,3,9,0
Syt8,0,1,0,0,1,0,1,2,1,0,0,0,0
Syt10,0,0,0,0,0,4,0,2,0,0,0,0,0
Syt11,49,22,33,50,42,120,19,114,22,10,51,29,15
Hs3st3b1,10,6,8,6,8,14,0,8,8,5,5,3,2
Plagl2,98,30,75,84,101,233,60,158,77,61,43,79,9
Dnajb1,466,225,461,378,472,2097,529,1571,543,549,354,477,274
Ptf1a,0,0,0,0,0,0,0,0,0,0,0,0,0
Mkrn1,96,60,74,93,80,247,99,186,83,109,115,42,58
Abhd2,184,295,163,268,199,522,172,503,108,33,341,195,99
Cpsf3,127,79,100,127,133,381,109,312,102,94,121,92,83
Pcnx,178,202,148,229,193,665,198,511,131,76,348,219,72
Nup210,13,6,9,23,12,46,15,22,8,8,20,7,9
Apom,0,0,0,0,0,2,1,2,0,0,0,1,0
Smarcal1,63,16,54,38,53,153,42,152,44,40,58,50,29
Brp44l,6,1,1,0,6,18,3,14,8,5,2,0,6
Sertad1,41,15,44,62,121,84,30,76,23,35,11,32,23
Socs6,82,49,44,97,92,194,44,139,66,51,74,47,42
Sgsh,16,5,33,21,23,83,20,48,28,16,24,23,9
Nfat5,378,180,116,224,294,1027,261,839,325,233,330,359,89
Slc23a2,387,463,289,474,393,1407,381,859,245,165,479,339,192
Sh2b2,29,12,87,72,109,108,41,128,38,36,31,33,12
Irx5,0,0,0,0,0,1,0,0,0,1,0,0,0
Crlf1,0,0,2,0,0,1,1,2,0,0,0,0,0
Fnbp4,219,82,82,154,183,550,86,322,117,118,132,153,30
Ap3m1,37,44,40,52,43,124,31,119,51,59,58,32,64
Asah2,74,83,28,73,62,218,53,93,25,29,88,31,22
Dclre1a,29,4,5,11,14,57,17,43,18,21,12,11,4
Magix,3,2,0,0,3,13,1,6,0,0,2,0,3
Scn9a,0,0,0,0,0,0,0,0,0,0,0,0,0
Rplp1,27,39,155,66,207,103,79,115,34,36,22,74,236
Ift20,15,18,18,20,26,34,16,38,14,12,17,10,28
Gas8,8,8,18,8,12,18,9,17,5,5,9,9,5
Msln,0,0,0,0,0,0,0,0,0,0,0,0,0
Pebp1,36,68,97,62,77,101,30,110,21,16,68,33,106
Akr1e1,17,31,11,32,34,74,22,59,13,13,19,17,38
Rpl41,73,88,137,126,295,187,118,206,52,47,59,74,431
Slc1a4,13,7,4,12,13,39,8,38,14,32,12,7,8
Pdyn,0,0,0,0,0,0,2,0,0,0,0,0,0
Impa1,50,69,39,64,65,189,66,148,53,54,73,55,96
Wisp1,1,0,0,2,0,0,0,0,0,0,1,0,0
Cxcl13,0,4,0,0,4,0,1,0,0,4,0,0,1
Cpxm2,4,7,12,12,12,22,2,23,1,0,11,0,3
Nop58,110,97,106,157,236,185,51,135,47,52,50,49,52
Grk5,19,14,7,23,25,24,6,25,13,6,22,15,5
Pgam2,3,1,1,3,3,5,2,3,2,0,2,3,0
Ywhag,98,62,135,155,149,362,99,309,91,89,97,99,37
Tmem131,185,46,72,135,119,469,163,424,150,172,167,168,22
Srcin1,0,1,7,3,1,3,3,5,2,0,3,7,1
Pnliprp1,0,0,0,0,0,0,0,0,0,0,0,0,0
Fut2,2,1,1,0,0,1,0,0,0,0,0,1,1
Paxip1,43,21,26,39,38,106,21,89,26,11,37,33,10
Nprl2,9,16,11,16,9,37,11,31,10,6,13,17,25
Fmo2,7,7,5,5,9,14,2,15,3,11,20,6,6
Gpr56,674,232,840,685,693,1946,745,1539,592,666,499,695,146
Camkk1,21,7,21,27,20,62,20,43,16,16,9,12,2
Pdzrn3,6,7,19,7,5,14,6,21,2,1,8,13,0
Irx4,0,0,0,0,0,0,0,0,0,0,0,0,0
Cyp39a1,9,6,3,5,3,18,4,9,2,2,12,9,20
Uqcc,49,46,33,58,58,110,40,104,31,42,55,29,40
Pigb,21,16,24,16,22,47,16,38,9,12,13,14,9
Cd86,465,263,243,370,455,814,239,581,290,331,264,220,313
Tyro3,4,16,11,11,6,38,11,38,3,0,14,8,8
Exosc9,32,26,32,55,60,83,34,79,24,30,35,20,65
Mia1,8,16,14,32,33,37,16,37,2,0,16,5,47
Fbp1,0,0,0,0,0,1,0,0,0,0,0,0,0
Cyhr1,23,17,35,34,31,99,22,75,26,24,35,36,19
Egfl6,0,0,0,0,0,0,0,0,0,0,0,0,0
Ear5,0,0,0,0,0,0,0,0,0,0,0,0,0
Rabep1,118,77,52,104,93,275,73,277,73,67,113,87,66
Pabpn1,58,44,47,83,94,212,54,149,48,46,60,87,23
Rnf5,32,10,30,18,34,64,28,50,14,27,23,17,26
Avpr2,5,0,1,1,1,15,5,9,5,2,1,3,1
Cetn2,37,112,42,72,60,163,46,147,50,22,78,37,120
Nfkb2,73,18,116,138,164,250,69,163,39,47,30,120,1
Omg,0,0,2,1,0,9,0,10,2,1,2,0,7
Pfn2,42,65,31,52,42,83,19,100,14,1,43,32,67
Ppp2ca,312,240,222,363,425,920,246,703,248,287,312,236,233
Prx,0,2,1,2,2,5,3,1,0,2,1,6,0
Robo1,0,0,0,1,0,0,4,5,0,0,1,2,0
Selenbp2,1,3,0,0,2,4,0,0,0,0,0,0,0
Pdlim4,22,9,56,33,41,79,29,62,32,25,18,24,34
Tnfsf14,1,0,3,1,1,1,2,1,0,0,0,0,0
Arl6ip1,841,1962,901,1305,1238,2432,805,2253,500,333,1297,719,1799
B3galt4,11,1,7,5,4,15,6,12,6,3,6,10,8
Cd320,22,16,26,21,15,49,20,32,7,3,16,22,28
Elovl2,0,1,0,0,0,1,0,6,0,0,1,1,4
Hps1,16,9,29,10,30,55,22,54,22,20,10,29,6
Gnpnat1,8,13,7,11,14,30,6,23,7,5,10,6,13
Atf7ip,71,51,50,91,97,313,90,248,73,91,98,107,48
Epb4.1l4b,2,0,0,2,0,0,0,5,0,0,0,0,0
Rpp30,12,8,9,9,13,61,16,23,12,5,12,10,17
Prss16,0,1,7,1,1,0,2,0,0,0,0,0,0
Cacng3,0,0,0,0,0,0,0,0,0,0,0,0,0
Cacng4,0,0,0,0,0,0,0,0,0,0,0,0,0
Tmem37,27,17,65,21,50,53,41,46,25,25,19,25,40
Mcm3ap,56,23,39,54,69,181,64,127,59,37,61,51,10
Ndufb11,33,84,60,63,74,128,68,113,30,22,64,32,126
Sit1,0,0,0,0,0,0,0,0,0,0,0,0,0
Rfk,97,134,116,136,157,211,77,227,58,48,166,107,120
Gabbr1,92,29,36,90,115,314,92,250,72,73,62,132,21
Irgm2,188,129,132,120,188,146,48,140,73,48,75,88,62
Ppt2,55,28,67,44,51,126,60,121,49,40,37,40,21
Stk19,4,2,5,14,15,15,8,16,4,1,5,18,15
Ramp2,18,7,17,14,28,49,14,60,21,15,65,16,38
Fmn2,1,5,0,1,2,20,1,9,1,2,0,1,1
Hgfac,0,1,0,0,0,1,0,0,0,0,0,0,0
Unc93b1,609,199,811,688,806,1906,778,1612,578,689,440,624,278
Il1f6,0,0,0,0,0,0,0,0,0,0,0,0,0
Dll4,1,0,3,7,8,10,3,20,3,1,15,5,2
Hpgds,520,261,302,444,485,1793,445,1183,502,555,463,506,243
Apbb1ip,339,106,199,315,235,1315,316,808,290,407,312,329,71
Paf1,63,59,39,76,102,231,44,168,43,55,68,77,33
Nphs1,0,1,0,0,0,0,0,0,0,0,1,0,0
Usp27x,2,2,0,4,4,7,2,19,4,1,6,7,0
Sh3glb1,358,236,244,446,472,1189,275,908,307,416,349,320,171
Crtam,3,0,1,1,5,0,0,0,0,0,0,0,0
Rcan1,1267,586,927,1084,1832,682,185,487,229,289,192,494,102
Aif1,189,136,139,194,231,596,221,497,218,258,171,145,289
G6pd2,0,0,0,0,0,0,0,0,0,0,0,0,0
Mmp10,0,0,0,0,0,1,0,0,0,0,0,0,0
Myo10,59,36,54,63,77,132,44,110,27,12,69,53,9
Olfr155,0,0,0,0,0,0,0,0,0,0,0,0,0
Olfr156,0,0,0,0,0,1,0,0,0,0,0,0,0
Olfr157,0,0,0,0,0,0,0,0,0,0,0,0,0
Olfr159,0,0,0,0,0,0,0,0,0,0,0,0,0
Pqbp1,22,23,35,37,73,121,34,121,30,24,28,37,29
Hes6,6,6,12,11,8,34,4,32,10,7,16,9,15
Ebag9,44,51,21,31,27,75,21,68,32,21,39,23,15
Slc13a1,0,0,0,0,0,0,0,0,0,0,0,0,0
Panx1,13,4,8,16,9,21,5,14,6,8,5,6,2
Smad9,3,2,0,4,5,22,0,3,0,0,10,2,1
Refbp2,5,3,9,6,12,12,6,11,3,2,2,2,5
Olfr71,0,0,0,0,0,0,0,0,0,0,0,0,0
Hebp2,5,2,2,1,6,4,1,7,1,0,2,4,1
Slc2a8,20,6,33,14,23,28,22,47,8,12,12,22,6
Ppie,14,12,10,12,28,65,11,36,11,8,10,16,16
Uso1,189,151,125,186,189,526,125,413,133,140,220,147,111
Rala,83,40,60,83,90,254,65,176,87,66,72,57,42
Btg4,0,0,0,0,0,0,0,0,0,0,0,0,0
Cxcl11,58,60,20,41,77,4,0,4,3,0,2,13,1
Grk4,9,4,10,3,4,10,0,9,1,2,4,7,1
Olfm1,12,31,7,15,4,46,13,31,10,2,20,14,12
Mad2l1,10,13,10,12,7,19,6,21,7,5,8,4,11
Pdss1,9,15,8,8,6,38,2,31,6,12,14,8,4
Fxc1,11,3,6,5,17,21,10,6,6,15,6,6,15
Dgke,12,10,6,9,8,70,13,28,9,4,38,10,8
Gdf2,0,0,0,0,0,0,0,0,0,0,0,0,0
Tbx21,1,0,2,3,4,3,0,2,0,0,0,5,0
Il17b,0,0,0,0,0,0,0,0,0,0,0,0,0
Trpc3,3,2,0,0,4,5,0,5,0,0,6,6,5
Ramp3,1,4,4,2,10,1,1,1,0,0,7,1,3
Astn2,0,1,3,1,1,4,0,3,1,2,1,1,5
Lgals12,2,2,2,2,0,10,0,3,2,0,3,1,2
Bace2,7,3,3,3,14,3,2,6,4,0,3,0,0
Grasp,8,1,11,12,10,55,8,39,15,3,17,19,1
Rabggta,27,9,44,26,44,71,28,64,20,22,19,22,12
Gas6,176,216,315,353,352,797,283,580,130,85,304,271,137
Sh3gl2,0,1,0,0,1,1,0,0,0,3,2,4,1
Dnahc10,2,2,4,0,4,25,0,15,1,0,0,3,0
Psmg1,10,2,7,14,19,26,7,33,7,16,15,9,14
Cts7,0,0,0,0,0,0,0,0,0,0,0,0,0
Pfpl,0,0,0,0,0,2,0,0,0,0,0,0,0
Cts8,0,0,0,0,0,0,0,0,0,0,0,0,0
Msgn1,0,0,0,0,1,0,0,0,0,0,0,0,2
Hao2,0,0,0,0,0,0,0,0,0,0,0,0,0
Prodh2,0,0,0,0,0,0,0,0,0,0,0,0,0
Rbm38,12,4,21,15,18,22,10,37,4,7,1,12,8
Plek,2373,1804,1642,5086,5702,8471,1542,4927,1600,1862,1379,2069,1096
Ptbp2,95,56,75,56,85,238,70,191,70,86,61,73,51
Tdp2,23,27,19,22,18,68,17,59,20,23,28,12,22
Abcb10,14,1,9,21,23,53,14,40,18,22,22,21,15
Ddx21,221,110,131,282,290,472,101,320,130,141,138,133,69
Cited4,0,0,0,0,1,1,2,0,0,0,0,0,0
Htra1,9,2,14,12,19,18,5,51,8,7,30,10,2
Rhog,115,32,172,159,170,366,143,290,116,125,98,106,56
Cxcl14,2,1,0,6,2,3,0,5,0,0,2,0,0
Fscn3,0,0,0,0,0,0,0,0,0,0,0,0,0
Rev1,66,17,29,32,28,147,42,106,26,35,44,46,38
Tspan5,43,33,37,38,44,69,21,59,31,15,46,39,11
Wwox,11,3,2,13,11,38,7,23,7,10,10,12,10
Patz1,24,8,29,31,23,78,23,69,22,21,22,23,4
Scamp4,17,10,24,24,27,77,26,69,17,31,21,18,2
Thsd1,16,2,9,4,10,38,13,40,11,11,22,6,9
Ccl24,6,4,8,5,11,23,2,9,7,2,7,4,18
Extl1,0,0,0,4,0,2,1,1,0,0,1,0,0
Mpp5,73,112,49,78,81,263,45,189,52,33,122,63,55
Gde1,127,234,180,235,202,455,131,383,95,63,223,111,181
Cacna1f,0,4,1,0,2,4,0,1,0,0,0,0,0
Il17rb,1,3,1,0,0,4,2,5,0,0,3,3,0
Becn1,89,85,54,119,131,299,96,241,76,100,119,74,68
Ube2j1,188,160,190,281,280,871,230,550,226,275,233,209,186
Plxnb3,19,4,7,24,32,50,18,39,13,11,20,30,7
Plce1,30,60,30,63,39,109,28,87,9,4,67,55,25
Cbln1,0,0,0,0,0,0,0,0,0,0,0,0,0
Tmem45a,9,8,3,4,10,3,0,3,0,0,3,2,1
Napb,8,3,3,5,2,23,8,18,11,8,8,7,6
Tspan7,142,51,113,142,107,402,136,342,126,138,114,131,81
Ubc,1325,345,1418,1999,2202,4746,1177,3966,980,1178,938,1392,552
Pitpnb,90,55,54,92,95,201,71,167,53,53,73,59,38
Stmn1,2,4,3,10,7,21,3,20,6,2,6,2,4
Rpn2,367,256,405,323,334,941,322,816,296,277,332,297,193
Fam60a,1,2,2,1,2,8,1,8,2,3,6,0,2
Pkp1,0,0,0,0,0,0,0,0,0,0,0,0,0
Rpl21,54,45,35,60,85,154,58,164,55,63,65,49,87
Metap2,139,106,98,126,165,291,104,259,97,76,129,98,88
Gosr2,141,108,130,166,192,426,114,345,107,107,166,124,120
Ptpn9,56,29,27,52,46,146,40,143,43,26,65,43,6
Asna1,36,38,65,55,63,103,50,121,25,35,37,30,47
Wsb1,732,356,486,1009,913,2661,601,1914,594,816,586,620,460
Socs5,42,20,41,45,44,100,35,92,33,25,47,61,20
Tspan6,5,28,16,17,23,54,15,16,5,2,21,13,26
Hsd17b12,144,209,94,169,126,306,120,271,79,65,155,78,166
Ykt6,189,88,166,171,179,589,131,424,174,159,141,162,91
Rrad,41,25,98,71,100,160,39,117,28,41,28,26,10
Pias1,116,71,82,145,151,329,98,231,80,97,120,96,69
Stam2,74,55,51,90,70,194,49,158,49,61,75,60,63
Ube2a,64,28,36,54,75,185,43,139,48,63,56,40,57
Diap3,2,2,5,5,7,12,6,16,1,0,2,1,1
Actl6a,53,21,40,41,41,101,49,97,29,30,37,28,34
Ppp4c,57,31,76,99,136,215,71,164,61,80,57,62,59
Stmn4,0,0,2,0,1,6,0,2,0,0,2,1,3
Plcd1,13,9,38,25,45,86,21,66,10,11,23,24,23
Tfg,79,65,70,84,102,208,70,195,62,51,80,66,66
Elf4,193,44,87,167,121,570,163,507,167,164,156,163,36
Ncs1,19,11,24,20,13,59,27,51,20,27,28,18,4
Dynll1,35,62,53,64,88,210,61,175,69,49,93,51,172
Ankrd49,21,15,22,16,11,46,12,29,18,13,11,5,12
Srpk3,15,4,16,14,32,56,8,50,15,17,12,17,4
Ruvbl1,7,6,7,10,12,23,5,7,2,2,12,2,1
Cib2,10,5,10,20,7,21,13,21,7,7,10,4,5
Slc22a4,5,3,5,8,7,8,3,3,1,0,2,2,0
Arid3b,33,9,44,41,36,131,32,110,50,39,29,52,4
Ddx39b,166,91,216,205,292,593,198,498,141,135,177,202,92
Letm1,35,53,53,90,72,168,56,155,40,37,66,62,29
Cpxm1,1,0,4,7,3,4,0,5,0,0,1,0,0
Kcnd2,3,3,2,2,0,2,1,1,1,0,3,1,0
Aldh18a1,20,6,18,24,37,51,16,49,12,21,19,14,6
Fads2,31,62,40,69,39,127,37,86,15,0,55,43,26
Clcnkb,0,0,0,0,0,0,0,0,0,0,0,0,0
Pfkp,76,160,114,153,192,269,91,260,36,3,130,88,135
Tmem115,18,15,31,24,47,53,29,68,49,33,27,34,12
Cdh13,10,5,15,1,4,3,0,3,5,0,6,5,2
Smc1a,177,118,115,185,230,409,116,354,126,122,148,115,81
Rbms2,33,21,28,37,58,78,31,88,28,26,43,35,17
Rbx1,18,47,31,35,42,86,29,74,35,11,43,29,50
Kcmf1,73,44,64,105,96,235,58,172,43,60,74,43,49
Atl2,103,74,54,128,140,252,64,198,83,76,88,79,74
Arl3,17,50,25,36,46,94,30,64,22,18,40,22,67
Stub1,40,47,97,86,111,223,72,174,53,37,57,61,50
Cyb561d2,17,7,4,16,19,37,12,31,7,7,8,4,19
Mettl3,50,19,46,32,51,108,54,123,44,50,50,40,32
Slc22a21,5,2,9,8,6,25,4,12,3,3,7,5,0
Mmp16,0,0,0,0,0,0,1,4,1,0,4,0,2
Tle2,2,0,4,1,5,4,3,7,3,3,2,5,0
Gps2,27,13,34,66,53,118,46,95,30,34,35,42,12
Usp8,263,136,187,261,261,729,220,609,211,263,241,222,129
Nme3,9,5,8,17,14,19,15,24,10,8,8,9,34
Nme4,6,3,2,0,0,2,2,1,0,0,1,1,2
Runx3,1,0,3,3,1,12,6,7,2,1,0,4,0
Asah1,667,416,376,572,564,1525,535,1348,560,609,530,379,600
Apip,14,16,7,21,13,52,10,39,15,12,16,17,23
Acot9,17,13,15,20,25,41,10,23,9,9,15,9,18
B4galt6,166,121,95,117,114,344,125,355,117,90,162,130,29
Nupr1,37,25,45,31,57,68,21,58,18,22,12,32,32
Foxo1,91,29,69,80,64,194,53,158,65,64,81,82,22
Foxo3,39,12,30,54,53,120,49,126,33,37,27,40,8
Slc2a5,456,197,564,359,405,1088,460,995,477,485,353,379,314
Tusc2,26,17,26,15,28,76,14,68,23,7,20,15,28
Rybp,67,26,47,68,61,188,40,129,32,37,38,54,23
Pdcd10,49,24,17,42,27,75,30,44,30,31,31,11,35
Pdcd5,4,8,2,8,3,13,4,5,5,1,9,2,5
Zfp113,28,8,25,4,17,55,22,56,14,24,21,19,9
Sae1,30,26,27,52,33,101,28,107,31,37,42,31,36
Gabarap,254,251,207,307,426,773,250,643,208,273,292,225,343
Nat6,12,10,36,25,29,59,17,48,13,11,16,20,6
Htra2,52,17,78,37,53,205,60,163,41,48,53,47,39
Cdh17,0,0,3,0,0,0,0,2,0,0,0,0,0
Tagln3,0,0,0,0,2,2,0,6,0,0,2,0,0
Plp2,0,1,0,0,0,0,2,5,0,1,2,3,4
Fzr1,10,2,41,41,38,79,46,69,30,27,17,29,6
Mtch2,41,63,35,42,74,155,46,157,43,37,66,39,79
Dpt,0,5,0,0,0,0,0,1,0,0,0,0,0
Serinc1,736,734,508,772,767,1622,551,1469,599,587,745,438,921
Spen,91,25,63,138,113,314,102,268,92,70,56,111,12
Amotl2,14,13,17,17,33,46,12,38,6,4,25,16,5
Clip1,138,93,132,239,180,600,147,410,120,114,134,162,66
Ptges3,88,47,48,125,129,262,62,184,81,79,82,55,76
Arpc1a,49,48,73,84,63,167,48,119,51,44,66,44,62
1500003O03Rik,97,93,94,121,124,263,76,219,78,52,105,63,101
Tmed2,44,31,44,56,60,134,33,100,30,44,42,39,38
Dstn,313,512,354,417,544,795,214,698,155,115,492,259,544
1110004F10Rik,66,53,45,78,64,194,53,104,51,60,60,38,97
Rab9,30,25,16,30,42,62,21,63,18,18,43,22,36
Akap8,188,93,96,147,177,475,157,369,141,150,170,176,131
Cpb2,0,0,0,0,0,1,0,0,0,0,0,0,0
Snd1,80,48,123,96,106,252,98,245,72,66,77,66,36
Ikbke,36,6,20,51,21,9,1,9,4,8,4,9,4
Zbtb20,14,10,18,14,19,39,11,34,10,3,14,15,0
Cyp11a1,0,0,0,0,0,0,0,0,0,0,0,0,0
Vps29,39,53,44,58,59,157,47,112,48,61,55,26,88
Pex14,19,10,41,20,42,47,15,57,12,25,17,10,7
Actr10,89,109,59,82,84,210,76,176,64,49,111,53,103
Tbk1,175,91,90,125,160,292,79,253,95,88,103,108,60
Sec23b,129,97,109,170,157,239,89,219,63,98,95,75,87
Pldn,24,21,21,18,21,64,19,47,29,26,25,23,19
Kcnip3,21,7,27,18,33,62,25,58,25,20,9,7,6
Tmeff2,0,0,0,0,0,5,0,1,1,0,2,1,1
Maged1,121,207,282,289,262,579,235,538,130,85,277,192,157
Cyp3a25,0,0,0,0,0,0,0,0,0,0,0,0,0
Tspan3,253,381,314,353,270,787,283,721,154,104,370,205,367
Dnaja2,190,167,121,270,270,527,137,337,125,115,142,114,121
Dnajc7,269,125,170,236,238,818,256,691,259,253,258,235,187
Syncrip,206,121,92,212,249,517,133,309,117,130,158,125,79
Trip4,74,51,35,70,62,178,39,177,54,55,80,50,44
Rhcg,0,0,0,0,0,0,0,0,0,0,0,0,0
Acp6,31,11,15,19,11,72,39,61,21,23,27,26,18
Ggcx,43,8,35,33,23,73,30,77,22,25,38,26,18
Ube2g2,98,39,82,74,119,154,73,144,47,65,53,58,52
B4galt4,71,47,47,53,71,246,84,200,78,106,107,63,65
Anapc7,29,24,31,49,66,123,41,78,44,37,45,36,30
Vapb,57,42,75,90,104,206,63,186,55,43,100,48,69
Pdlim5,206,174,183,187,238,398,109,375,108,87,212,180,131
Acss2,18,48,34,32,26,54,30,46,9,1,37,8,21
Sirt1,103,47,49,89,85,282,50,218,62,100,74,62,34
Higd1a,26,24,19,18,22,33,14,33,7,11,20,7,28
Aatf,28,7,33,33,30,117,23,75,18,21,25,20,12
Copz1,105,104,109,134,154,311,83,284,75,61,128,85,126
Timm22,14,12,24,25,37,70,13,49,14,17,21,15,38
Dusp14,0,6,14,5,7,24,1,15,1,0,1,1,7
Cbln3,0,0,0,0,0,0,0,0,0,1,0,0,0
Gltp,47,26,70,55,62,166,52,164,64,66,56,62,25
Adrm1,2,0,6,1,4,2,2,7,6,1,0,9,5
Arpc3,141,106,151,216,322,419,152,442,127,134,119,136,188
Ncoa6,133,36,67,88,79,380,115,282,93,90,130,125,21
Ivd,33,58,55,65,50,130,54,138,28,23,71,45,41
Gsk3b,160,63,85,153,120,443,111,321,110,118,173,146,32
Prmt1,36,18,61,80,93,129,49,109,39,35,43,53,59
Zmym3,103,35,51,89,89,296,80,241,86,90,94,101,29
Gkap1,16,10,1,14,13,41,9,38,15,10,12,10,12
Fam69b,2,8,11,10,10,13,7,4,1,0,2,8,16
B4galt5,49,22,54,51,78,113,30,60,23,26,31,24,9
Noa1,8,10,10,6,14,18,5,22,3,13,5,1,1
Nudt3,41,35,49,50,59,141,56,122,30,34,45,51,18
Ctsf,132,88,137,153,136,360,121,357,121,114,123,112,93
Spib,0,2,3,6,2,0,0,0,0,0,1,0,0
Hnrnph2,175,114,125,168,219,424,123,273,99,110,139,120,109
Rbm14,27,10,20,27,29,102,43,62,30,21,20,31,11
Amac1,0,0,0,1,0,0,1,0,0,0,0,0,0
Dmrtb1,3,0,0,1,0,1,0,2,0,4,0,0,0
Fkbpl,3,6,2,8,10,21,7,16,4,7,6,4,7
Dnajb5,18,7,19,31,29,90,16,77,34,18,22,38,11
Abcb9,0,8,10,7,5,10,7,15,4,0,6,7,9
Copz2,13,14,15,21,15,42,9,22,7,2,19,12,14
Sult1b1,0,0,0,0,0,0,0,0,0,0,0,0,0
Suclg1,55,91,60,109,87,177,72,179,26,36,111,47,131
Mtch1,114,156,238,205,205,466,211,330,94,74,169,130,160
Uba52,2,1,11,4,15,10,9,4,1,1,2,6,7
Dcpp1,1,0,0,5,0,22,0,17,0,0,4,0,0
Tdo2,0,0,0,0,0,0,0,0,0,1,0,1,0
Ube2d2,57,38,38,65,65,145,37,150,46,46,48,36,24
Txn2,24,31,56,68,106,99,44,91,25,24,42,29,40
Mllt11,15,7,10,11,10,29,8,25,6,2,10,10,6
Art2b,0,0,0,0,0,0,0,0,0,0,0,0,0
Tlx3,0,0,0,0,0,0,0,0,0,0,0,0,0
Vmn2r26,0,0,0,0,0,0,0,0,0,0,0,0,0
Ltbp1,12,2,10,3,15,11,0,7,5,4,25,14,6
Lamtor3,13,11,29,13,27,77,21,54,23,17,30,25,52
Akap10,88,49,38,59,55,241,42,189,88,67,91,84,35
Crtap,11,28,27,25,33,73,19,55,23,11,30,21,7
Rps6ka4,36,9,28,27,32,91,25,76,23,23,25,25,7
Gpr132,13,9,14,16,19,16,5,25,5,0,1,13,2
Arih1,182,148,130,228,221,624,159,504,143,166,195,172,89
Klk4,0,0,0,0,0,0,0,0,0,0,0,0,0
Sumo3,98,104,73,132,132,256,95,234,69,56,125,105,135
Ranbp9,152,68,71,131,128,398,137,319,130,142,101,137,22
Pf4,15,3,3,4,6,15,8,21,5,2,9,7,30
Ptpn4,26,32,11,27,32,80,21,52,15,17,16,21,21
Ovol1,3,3,0,4,1,10,2,9,1,2,2,2,0
Cript,51,58,59,61,53,137,49,113,53,60,87,47,77
Ccnl1,695,421,421,1039,1239,2251,446,1493,446,479,410,598,312
Pmfbp1,0,0,0,0,0,0,0,0,0,0,0,0,0
Zfp111,25,10,10,19,11,59,21,46,32,16,31,7,17
Zfp235,11,7,12,9,9,24,10,34,6,14,13,10,6
Papolb,0,0,0,0,0,0,0,0,0,0,0,0,0
Mnx1,0,0,0,0,0,0,0,0,0,0,0,0,0
Mast1,2,1,10,4,2,11,5,19,0,2,1,0,5
Mgst1,25,40,35,40,24,70,26,53,12,4,27,14,59
Clec4e,81,63,53,62,39,4,4,4,2,9,5,41,4
Ube2l6,26,25,24,31,71,27,19,28,12,16,26,15,26
Chst5,0,0,0,0,0,0,0,0,0,0,0,0,0
Sec11a,69,55,41,63,109,177,73,169,51,71,75,54,125
Clcf1,9,5,15,3,14,45,13,36,15,11,9,16,3
Cnpy2,58,61,43,45,60,138,68,114,56,38,54,52,95
Krt71,0,0,0,0,0,0,0,0,0,0,0,0,0
Dnase2b,0,0,0,0,0,0,0,0,0,0,0,0,0
Hspb3,5,6,5,7,6,38,10,28,7,7,11,8,25
Pex3,69,43,54,45,51,146,56,92,31,33,57,39,41
Stat2,113,58,75,109,196,129,60,94,41,45,57,59,14
Dnajb8,0,0,0,0,0,0,0,0,0,0,0,0,0
Dnajb12,45,18,41,49,46,112,35,99,32,19,23,30,15
Mlycd,14,4,29,28,35,67,21,51,11,15,18,18,6
Dbc1,9,10,5,20,10,24,13,17,1,0,15,5,6
Arl10,19,4,4,14,23,52,15,48,14,21,12,24,7
Plag1,5,5,5,6,5,10,2,11,4,5,4,1,2
Pdgfc,6,18,4,14,8,26,5,24,4,0,18,1,4
Sort1,695,257,376,424,504,1141,416,940,413,410,462,434,121
Hacl1,13,14,18,27,16,52,15,35,14,2,16,13,19
Miox,0,0,0,0,0,0,0,0,0,0,0,0,0
Selk,79,89,59,108,117,240,79,189,59,92,79,50,148
Litaf,303,155,278,393,546,686,155,402,141,198,102,220,87
Tex101,0,0,0,0,0,2,0,0,0,0,0,0,0
Rabgef1,67,33,62,171,188,278,61,161,66,58,40,71,25
Habp4,8,17,23,15,20,48,14,34,9,1,13,12,8
Ick,39,12,20,20,18,87,27,82,43,18,51,25,9
Mlst8,9,14,10,13,16,34,17,27,6,13,12,18,8
Sh3bgrl,195,430,199,332,351,434,161,457,104,48,315,150,339
Stard10,3,8,14,7,21,11,9,12,4,2,15,15,6
Prl2a1,0,0,0,0,0,0,0,0,0,0,0,0,0
Stap1,7,4,5,19,6,11,4,13,1,0,2,0,3
Aldh9a1,44,36,67,68,58,160,78,118,62,34,58,61,26
Fam48a,127,52,64,113,111,307,105,216,82,110,82,143,34
Alg2,56,29,39,34,41,100,33,110,33,31,49,32,32
Med8,28,16,21,28,29,114,18,56,16,25,24,19,35
Rec8,1,7,3,5,7,11,1,18,1,0,9,5,6
0610031J06Rik,101,115,203,174,175,352,127,345,113,95,126,127,153
Mbnl1,567,315,368,589,602,1944,440,1393,575,595,616,571,345
Clec7a,38,36,29,60,34,212,59,114,44,39,34,37,43
Mtor,69,57,58,70,84,227,96,203,41,76,75,103,22
Cyp51,21,34,23,18,30,64,11,65,20,12,30,25,17
Fgf21,0,0,0,0,0,0,0,0,0,0,0,0,0
Magea2,0,0,0,0,0,0,0,0,0,0,0,0,0
Magea3,0,0,0,0,0,0,0,0,0,0,0,0,0
Magea5,0,0,0,0,0,0,0,0,0,0,0,0,0
Magea6,0,0,0,0,0,0,0,0,0,0,0,0,0
Magea8,0,0,0,0,0,0,0,0,0,0,0,0,0
Rfc2,23,29,41,31,51,95,38,78,23,17,20,21,28
Taf10,15,5,14,11,15,23,8,26,9,5,6,12,19
B3galt2,0,5,0,3,0,2,1,2,2,2,3,0,1
B3galnt1,71,29,54,51,46,78,37,76,44,41,30,44,30
Lpar2,1,3,5,11,6,23,5,17,8,5,4,1,1
Raet1d,0,0,0,0,1,0,0,0,0,0,0,0,0
Poll,9,6,16,9,13,25,6,27,11,4,6,6,7
Hist1h1b,0,0,0,0,2,2,0,0,0,0,0,0,2
Pigo,11,15,14,26,23,51,14,53,18,12,12,15,11
Calm4,0,0,0,0,0,0,0,0,0,0,0,0,0
Mocs1,17,8,22,29,26,49,16,35,14,14,13,18,5
Igdcc4,2,0,2,1,0,5,0,4,0,1,0,0,0
Lat2,68,40,71,85,107,256,80,200,70,65,65,55,79
Dhodh,9,5,6,4,11,32,8,22,7,4,8,9,6
Tacstd2,1,0,0,0,0,0,0,0,0,0,0,0,0
Med20,14,13,9,17,21,93,19,63,20,29,31,14,32
Slc6a14,0,0,2,0,0,0,0,0,0,0,0,0,0
Tmem9b,72,84,63,75,83,186,63,183,59,44,73,63,69
Ascl3,0,0,0,0,0,0,0,0,0,0,0,0,2
Scube2,0,0,0,1,0,0,0,0,0,0,2,1,0
Nrxn1,1,2,0,1,0,4,0,20,0,0,2,0,0
Scand1,1,0,1,0,1,0,1,1,0,1,0,1,0
Clec2i,0,0,0,0,0,1,1,2,0,0,0,0,2
Hhip,0,0,0,0,2,3,0,1,1,0,2,0,0
Arhgap31,258,89,140,162,133,532,186,469,164,182,232,193,32
Psg23,0,0,0,0,0,0,0,0,0,0,0,0,0
Zfp109,2,4,3,1,4,8,1,3,7,6,2,6,2
Pate4,0,0,0,0,0,0,0,0,0,0,0,0,0
Dkk2,8,1,9,7,9,5,6,8,0,2,11,2,0
Trim44,158,74,91,124,142,372,122,362,112,104,149,140,47
Klk1b27,0,0,0,0,0,0,0,0,0,0,0,0,0
Scamp5,208,70,117,162,171,518,158,433,167,153,195,177,71
Pdxp,0,0,0,0,0,9,2,8,0,1,2,0,0
Htr3b,0,0,0,0,0,0,0,0,0,0,0,0,0
Tnfrsf10b,4,7,10,5,8,10,3,6,2,1,9,16,4
Trpm5,0,1,0,0,1,4,2,3,0,0,3,2,2
Lgi1,6,34,31,22,24,82,13,59,3,0,38,23,24
Ccl28,0,0,0,3,1,5,0,0,1,2,1,0,1
Magea4,0,0,0,0,0,0,0,0,0,0,0,0,0
B3galt1,0,1,1,3,2,12,0,5,0,0,3,0,1
Ctsr,0,0,0,0,0,0,0,0,0,0,0,0,0
Insm2,0,0,0,0,0,0,0,0,0,0,0,0,0
Olfr749,0,0,0,0,0,0,0,0,0,0,0,0,0
Olfr544,0,0,0,0,0,0,0,0,0,0,0,0,0
Olfr690,0,0,0,0,0,0,0,0,0,0,0,0,0
Olfr480,0,0,0,0,0,0,0,0,0,0,0,0,0
Cldn9,1,4,0,1,4,9,5,10,5,0,3,5,2
Dolpp1,17,8,29,15,27,51,23,53,11,16,19,11,4
Adam21,0,0,1,0,0,1,0,0,0,0,1,0,0
Slc12a5,2,0,0,0,1,0,0,0,1,0,0,1,0
Sap30bp,23,30,23,38,40,82,31,56,18,24,19,20,37
Bcam,30,28,95,36,57,82,34,68,23,19,48,59,23
Prss21,0,0,0,0,0,0,0,0,0,0,0,0,0
Gabrq,0,0,0,0,0,0,0,0,0,0,0,0,0
Ltb4r2,0,0,0,0,0,0,0,2,0,0,0,0,0
Sssca1,0,1,4,4,5,3,2,8,1,2,3,4,4
Glra1,0,0,0,0,2,0,0,0,0,0,0,0,0
Srf,49,20,59,99,89,181,50,163,51,64,38,60,13
Slco1b2,0,1,0,2,1,2,1,4,0,0,1,1,1
Zfp276,29,12,21,24,46,138,37,97,27,38,34,31,4
Ly6i,2,1,0,3,6,0,0,2,1,0,0,0,0
Tas2r105,0,0,0,0,0,0,0,0,0,0,0,0,0
Tas2r108,0,0,0,0,0,0,0,0,0,0,0,0,0
Tas2r119,0,0,0,0,0,0,0,0,0,0,0,0,0
Cldn13,0,0,0,0,0,0,0,0,0,0,0,0,0
Vav3,9,3,4,2,1,15,2,11,2,0,14,6,5
Xpo4,34,25,18,22,31,94,11,62,21,21,28,30,27
Tob2,120,42,97,166,142,472,120,375,113,130,117,163,22
Brd4,141,38,68,131,120,426,118,337,83,127,90,151,8
Retnla,4,0,0,3,0,0,0,1,2,15,0,0,6
Fzd2,5,0,2,1,1,10,0,5,0,0,6,4,1
Olfr1508,0,0,0,0,0,1,0,0,0,0,0,0,0
Olfr1509,0,0,0,0,0,0,0,0,0,0,0,0,0
Olfr140,0,0,0,0,0,0,0,0,0,0,0,0,0
Slc16a8,4,9,9,13,5,17,11,12,1,0,3,2,6
Lenep,1,0,7,6,2,9,3,3,4,3,4,2,2
Vsig2,1,0,5,5,1,2,4,7,1,0,4,1,0
Slurp1,0,0,0,0,0,0,0,0,0,0,0,0,0
Slc25a20,16,27,26,39,38,68,10,63,18,18,27,24,40
Cmpk2,164,134,72,131,340,21,1,15,15,6,14,11,7
C1d,41,53,33,41,53,123,43,94,32,43,51,37,74
Alas1,95,65,195,122,141,256,79,208,59,41,84,98,53
Mrps31,14,23,7,12,23,35,17,29,13,8,21,18,20
Smpdl3a,113,206,99,198,146,289,118,267,60,30,215,77,195
Abph,0,0,0,0,0,0,0,0,0,0,0,0,0
Sult5a1,1,0,2,1,5,1,0,6,0,4,1,0,0
Sult3a1,0,0,0,0,0,0,0,0,0,0,0,0,0
Dnajc4,1,8,14,2,18,19,8,7,10,2,1,6,13
Gmnn,1,1,5,1,1,9,3,5,5,1,2,3,12
Plin4,9,1,4,11,13,11,4,3,2,1,12,6,2
Park7,43,57,73,100,96,141,57,97,31,27,54,34,83
Xrcc2,1,0,4,0,11,12,4,12,6,7,2,0,3
7-Mar,183,95,86,270,258,522,126,378,123,164,140,139,92
Psors1c2,0,0,0,1,0,0,2,0,0,0,0,0,0
As3mt,54,59,57,45,67,168,43,100,47,51,55,54,69
Ehd3,1,7,11,8,12,18,2,15,0,2,13,11,8
B4galt3,114,66,95,80,162,154,44,104,37,38,30,64,12
Th1l,33,17,32,38,43,93,21,57,21,15,37,30,18
Angptl4,41,33,64,17,40,6,3,16,8,10,2,15,4
Atp5j2,10,31,19,31,43,51,25,45,18,5,21,24,72
Terf2ip,25,29,33,24,17,70,24,67,16,13,27,16,11
Herpud2,120,57,95,86,91,267,80,255,91,87,72,71,20
Srsf4,42,14,37,39,65,107,45,108,32,34,31,44,12
Gabarapl1,78,92,92,110,132,247,67,184,57,49,119,58,88
Zc3h8,9,2,3,6,10,41,12,25,7,3,15,3,14
Otor,0,0,0,0,0,0,0,1,0,0,0,0,1
Egr4,0,0,0,0,0,0,0,0,0,0,0,0,0
Msmb,0,0,0,0,0,0,0,0,0,0,0,0,0
Rps14,13,36,42,46,93,122,51,131,34,24,33,24,103
Wdr46,15,3,10,15,24,34,23,33,15,9,12,11,6
Jph1,11,23,6,22,8,26,12,19,2,0,12,2,2
Jph3,2,0,0,0,0,1,3,6,1,1,2,0,0
Parva,104,119,97,144,78,289,72,233,42,6,180,76,65
Cramp1l,100,19,41,58,63,268,77,222,79,63,74,105,12
Nrip3,0,0,0,0,3,1,0,0,0,2,1,0,0
Srd5a3,43,26,51,39,32,111,32,85,43,40,36,30,27
Taf1b,44,25,14,42,43,92,31,76,16,32,21,24,23
D930014E17Rik,18,6,2,11,15,50,7,24,9,11,15,7,20
Smarce1,51,15,24,32,44,103,36,80,31,33,34,17,28
Mogs,35,13,45,36,61,110,58,104,25,45,38,23,22
P2ry4,0,0,0,0,0,0,0,0,0,0,0,0,0
Fam3b,0,0,0,0,0,0,0,1,1,0,0,0,0
Zbtb22,20,10,27,27,39,64,29,42,22,16,7,12,5
Tmem27,5,12,12,7,7,22,8,22,4,0,10,2,16
Abcb11,0,0,0,0,0,0,0,0,0,0,0,0,0
Tk2,54,30,62,79,72,207,74,127,47,55,63,48,54
Cftr,0,0,0,0,0,0,0,0,0,0,0,0,0
Slc46a2,0,0,0,0,0,0,0,0,0,0,0,0,0
Fabp7,0,1,1,0,0,3,1,7,1,0,2,0,0
Ckb,60,48,236,121,236,303,144,317,74,75,63,119,170
Cxcl10,1131,936,860,990,2629,331,115,202,66,131,45,157,51
Kcna4,0,0,0,0,0,0,0,0,0,0,0,0,0
Tmsb4x,2529,1729,1701,3140,3600,7324,2729,6036,2781,3019,2206,1714,4605
Plcg1,133,29,64,76,107,310,118,261,118,102,158,87,22
Ctss,5362,3150,4334,5866,7246,13815,5365,11985,5119,6340,3754,3775,5712
Cyp2e1,0,0,0,0,0,0,0,0,0,0,0,0,4
Kras,134,87,86,170,228,632,112,471,116,156,150,116,107
Sez6,0,0,0,0,0,0,0,0,0,0,0,0,0
Spnb3,2,4,10,1,3,14,4,11,1,0,3,8,1
Tyms,5,3,8,7,9,28,4,19,3,10,8,9,6
Smr2,0,0,0,0,0,0,0,0,0,0,0,0,0
Ucn,0,0,0,0,0,0,0,0,0,0,0,0,0
Evc,3,5,3,8,1,23,4,17,8,0,9,5,1
Dbil5,0,0,0,0,0,1,0,0,1,1,0,0,0
Grpel2,23,8,12,20,19,54,26,51,24,20,26,11,20
Tlr4,148,82,106,80,127,349,111,310,156,159,149,96,124
Ak3,67,112,70,82,76,229,57,182,63,40,126,63,79
Rhox4b,0,0,0,0,0,0,0,0,0,0,0,0,0
Slc15a2,28,27,10,15,29,100,22,87,9,27,36,2,21
Sec61a2,24,22,6,19,16,92,22,39,18,25,14,26,7
Ecel1,0,0,0,0,0,0,0,0,0,0,0,0,0
Zfp112,1,2,1,2,1,10,0,4,4,6,2,0,2
Piwil2,0,1,0,0,13,5,3,0,0,1,1,4,0
Jmy,81,51,34,69,71,181,48,200,59,44,74,67,8
Piwil1,0,0,0,0,0,0,0,0,0,0,0,0,0
Rnf25,19,8,8,21,40,85,25,72,18,16,25,21,32
Noc3l,27,10,40,17,41,86,19,72,13,39,27,14,27
Cend1,0,1,6,1,4,3,5,6,0,0,6,0,0
Dnajb7,0,0,0,1,0,0,0,0,0,1,0,0,1
Fhl5,1,4,0,1,4,5,0,4,1,0,1,2,1
Pglyrp2,0,0,0,0,0,1,0,1,0,0,0,0,0
Ntn4,17,11,7,15,25,29,7,22,1,7,37,27,11
Usp29,0,0,0,4,0,6,2,0,0,0,0,0,1
Cd200r1,20,8,11,11,18,69,18,31,19,16,20,21,27
Bin3,26,18,28,36,29,90,41,58,21,25,22,34,28
Rangrf,0,2,2,1,4,8,0,2,2,0,4,1,0
G6pc2,0,0,0,0,0,0,0,0,0,0,0,0,0
Glp1r,0,0,0,0,0,0,0,0,0,0,0,0,0
Itgax,36,20,13,37,24,79,44,62,21,44,18,26,9
Snrpb2,38,42,41,44,58,131,66,157,39,62,39,26,76
Snrpa1,26,7,8,19,21,58,17,49,6,12,12,18,20
Cdon,22,18,7,22,14,48,8,34,1,1,15,15,7
Rgr,0,0,0,0,0,0,0,0,0,0,0,0,0
Kcne4,2,4,7,16,18,8,2,10,7,2,9,23,5
Tesc,0,3,3,0,3,1,0,0,0,3,4,0,4
Ptplad1,104,87,88,99,95,312,112,256,86,64,130,70,103
Tnfrsf13b,0,5,4,2,4,4,0,6,1,4,0,8,1
Chml,24,16,24,20,27,103,19,77,37,47,28,14,5
Cryba4,23,9,35,17,27,30,22,40,18,22,11,13,32
Slc26a3,0,0,0,0,0,5,0,1,0,0,0,0,0
Drg2,36,27,35,32,54,90,40,80,40,13,25,26,35
Fmod,6,9,11,5,9,53,10,39,3,1,15,15,1
Gab1,123,31,78,115,109,345,88,287,125,101,99,128,30
Htr6,0,0,0,0,0,0,0,0,0,0,0,0,0
Nova1,23,4,20,26,17,111,14,76,38,12,20,23,14
Svs3a,0,0,0,0,0,0,0,0,0,0,0,0,0
Xlr4b,1,2,2,9,4,9,4,4,3,4,0,0,0
Klf13,179,34,100,197,205,238,96,235,75,84,86,169,6
Tslp,1,3,0,4,0,2,2,1,2,0,0,1,1
Olfr1264,0,0,0,0,0,0,0,0,0,0,0,0,0
Chrna6,0,0,0,0,0,0,0,0,0,0,0,0,0
Accn5,0,0,0,0,0,0,0,0,0,0,0,0,0
Caln1,0,0,0,0,0,0,0,0,0,0,0,0,0
Rhbg,0,0,0,0,0,2,0,0,0,0,0,0,0
Sorcs1,1,0,0,0,0,1,0,2,0,0,0,3,0
Klrc3,0,0,0,0,0,0,0,0,0,0,0,0,0
Prokr1,1,0,0,1,2,7,1,4,0,1,0,1,0
Tacr3,0,0,0,0,0,0,0,0,0,0,0,0,0
Rqcd1,44,25,46,19,31,107,27,73,25,20,37,22,23
Rsad2,760,758,281,766,1711,29,10,24,4,14,12,16,23
Vstm2b,0,0,0,0,0,0,0,0,0,0,0,0,0
Sh3kbp1,162,83,70,128,152,417,92,315,124,142,122,97,51
Sall1,510,105,313,329,258,2461,791,1970,697,770,604,704,148
Ppp1r1a,6,6,12,6,4,14,7,18,7,3,5,5,4
Ap4m1,17,7,13,22,29,70,22,52,19,15,15,21,14
Cobra1,61,28,67,82,56,191,67,173,52,67,49,63,29
Zbp1,42,15,13,34,64,9,5,8,3,9,5,24,14
Hyou1,162,95,119,171,187,500,185,526,149,140,238,172,64
Pdcd1lg2,0,0,2,3,0,0,0,0,0,0,1,0,0
Zbtb32,1,0,0,0,1,2,0,1,0,0,0,0,0
Slc43a3,7,6,6,27,12,25,5,27,8,4,9,9,18
Srrm3,0,0,0,0,0,0,0,0,0,0,0,0,0
Cst10,0,0,0,0,0,0,0,0,0,0,0,0,0
Trem1,15,12,18,28,26,12,0,3,1,0,3,7,2
Trem3,8,1,7,3,4,1,0,4,0,0,1,0,0
Ush2a,0,0,0,0,0,0,0,0,1,0,0,0,0
Pard6b,2,5,8,0,7,7,5,3,3,1,6,2,2
Fam184b,1,0,0,1,2,0,0,2,0,0,0,0,0
Rnf8,37,11,33,19,31,58,19,63,18,15,31,21,19
Dnaja4,49,47,38,63,89,319,65,181,68,39,66,69,44
Shank3,15,7,16,24,16,19,8,37,8,6,15,48,1
Pvrl1,2,0,4,4,2,8,1,3,3,0,2,2,1
Fam181b,0,0,1,2,0,5,0,5,0,0,6,0,0
Dexi,9,3,8,8,10,30,18,22,8,7,6,12,4
Hs1bp3,65,9,46,33,34,158,46,120,35,39,39,55,11
Rilpl1,102,54,108,99,79,193,56,125,43,85,52,65,27
Nudt11,0,1,6,5,1,4,3,8,0,0,5,1,1
Nap1l5,4,9,8,4,9,20,5,5,2,0,3,2,2
Stx6,66,31,60,71,74,129,36,102,27,27,45,44,27
Gpr180,17,22,41,26,29,94,26,50,21,17,20,24,25
Slc35b4,88,43,45,51,44,139,58,134,44,58,62,46,41
Tmeff1,4,0,7,5,3,10,1,11,3,5,23,3,2
1700123O20Rik,27,23,36,37,46,93,26,65,24,29,29,23,45
Fibp,29,27,41,52,50,117,41,73,26,25,32,30,37
Chst11,92,79,102,109,103,276,73,230,78,68,131,74,38
BC100451,1,2,0,0,0,4,3,9,3,3,1,2,0
Taf1c,12,0,14,9,12,30,9,19,13,12,9,4,6
Ccl8,2,0,0,0,0,2,0,4,0,1,1,0,1
Cts6,0,0,0,0,0,0,0,0,0,0,0,0,0
0610007P14Rik,13,23,22,29,20,36,12,44,6,10,28,15,31
Trim54,0,0,0,0,0,0,0,0,0,0,0,0,0
Elp2,96,76,94,72,108,250,89,231,92,60,89,113,112
Crbn,142,125,78,127,123,311,85,250,105,132,139,84,149
Pmaip1,78,49,76,84,81,555,106,278,113,140,118,103,86
Kcnmb4,0,0,0,0,0,0,0,1,0,0,0,0,0
Pga5,0,0,0,0,0,0,0,0,0,0,0,0,0
Cdc42ep5,0,0,0,0,2,1,0,0,2,0,2,0,1
Mlxipl,200,47,168,184,225,716,218,512,176,155,141,222,27
Ces1g,0,0,0,0,0,0,0,0,0,0,0,0,0
Fzd1,1,0,0,4,3,6,1,7,0,2,4,0,2
Fzd3,12,38,8,21,6,80,10,42,7,6,27,18,11
Isl1,0,0,0,0,0,0,0,0,0,0,0,0,0
Mknk1,188,91,163,242,306,629,180,489,202,192,165,220,84
Mknk2,87,37,152,190,216,600,203,434,133,172,78,208,11
Prps1,25,64,30,46,55,83,22,51,13,6,26,21,36
Ptprt,0,0,0,0,0,4,0,0,0,0,1,0,0
Taf1a,20,5,16,17,20,35,20,44,5,12,22,11,11
Dysf,5,5,15,6,8,12,6,6,4,0,10,2,6
Rnf32,2,4,0,1,3,12,1,4,3,0,6,3,3
Rnase4,1489,849,1109,1343,1682,3309,1269,2850,1337,1562,1062,960,1700
Akr1a1,256,309,317,380,419,868,259,678,199,204,296,223,359
Adamdec1,0,0,0,0,0,0,0,0,0,0,0,0,0
Cysltr1,88,76,52,83,101,272,95,242,98,142,117,57,140
Rbfox1,5,1,3,3,4,5,6,10,5,5,2,5,3
Tulp1,0,0,0,0,0,0,0,0,0,0,0,0,0
Tdh,0,0,0,0,1,0,0,0,0,0,0,0,0
Treh,0,0,0,0,0,2,0,1,0,0,0,0,0
Syngr4,0,0,0,0,0,0,0,1,0,0,0,0,0
Pex5l,0,0,0,0,2,9,2,2,0,1,5,1,1
Rps6kb2,12,8,11,22,19,42,19,57,13,18,11,15,6
Kcne1l,0,0,0,0,0,0,0,0,0,0,0,0,1
Ghrl,0,0,5,2,4,8,3,5,3,1,0,1,0
Smpd3,0,1,4,4,4,4,2,6,5,2,0,0,0
Ap3b2,0,0,0,1,0,2,2,0,1,0,0,0,1
Arhgap23,12,5,15,11,15,27,9,22,13,5,11,28,4
Dennd5a,275,136,227,322,341,1075,324,862,280,288,311,277,108
Pvrl3,4,14,4,12,4,18,4,12,0,0,8,2,5
Pole3,3,13,17,6,14,23,8,24,6,6,7,2,13
Maea,52,48,100,83,110,222,82,209,59,54,78,60,70
Pias4,7,2,14,23,24,43,27,42,3,11,11,18,4
Trappc2l,20,33,20,23,42,67,28,47,13,17,33,24,37
Myoz2,0,0,0,0,3,0,0,0,0,0,0,0,1
Ngly1,33,60,34,62,49,170,43,125,28,46,74,42,62
Anapc5,107,69,93,117,113,297,90,265,91,56,121,91,71
Sh3rf1,8,9,6,18,20,33,7,28,7,1,17,7,5
Myoz1,2,0,0,0,0,0,0,0,0,0,0,0,0
Moxd1,0,5,3,7,4,15,1,7,0,0,5,2,2
Hnrnph1,724,419,464,733,977,2089,463,1477,530,513,549,645,518
Rrs1,16,7,0,10,19,19,10,20,7,11,14,16,3
Nup160,60,35,32,43,47,123,41,88,37,57,51,41,41
Thap11,10,5,15,6,15,66,26,48,17,18,28,17,5
Mark3,103,47,62,117,112,299,90,240,77,97,76,100,27
Rab2a,128,141,87,157,170,381,119,300,63,92,167,136,160
Edf1,17,12,26,18,49,47,24,57,17,6,10,22,26
Med12,134,53,84,127,139,406,106,356,113,99,126,140,16
Huwe1,909,440,324,684,753,2467,570,1799,608,531,744,828,151
Nampt,239,175,114,290,329,317,78,280,77,101,148,112,98
Rcl1,20,8,9,17,18,29,22,32,7,8,6,9,3
Psmd14,41,65,56,80,96,191,53,152,48,47,73,37,109
Chst12,12,6,22,12,6,37,18,30,9,13,10,14,5
Ppp2r3c,29,34,37,33,40,118,33,71,22,26,31,32,49
Slc4a8,7,6,4,8,8,39,11,19,1,0,15,10,0
Carm1,39,33,42,43,56,147,61,106,28,28,44,60,16
Pxmp4,12,4,16,15,20,26,9,36,9,10,12,6,9
Smu1,97,73,82,127,144,262,77,221,87,115,112,72,137
Stk25,90,38,45,69,120,280,72,217,63,69,78,72,50
Cope,34,23,74,50,92,151,62,105,31,26,41,53,57
Wsb2,51,30,51,89,69,131,61,151,34,54,38,41,41
Rnf130,323,131,251,346,307,820,277,640,284,282,230,199,209
Cryba2,0,0,0,0,0,0,0,0,0,0,0,0,0
Kcnk5,0,0,3,1,5,2,0,2,1,2,1,1,0
Scn5a,0,0,0,0,0,0,0,0,1,0,0,0,0
Naip7,82,32,52,78,89,350,46,221,62,80,59,86,25
Necab3,0,1,1,0,0,1,1,0,0,0,0,0,0
Stard3,100,64,119,140,159,353,136,328,104,150,99,86,83
Pnkp,11,10,29,31,31,75,30,66,19,16,20,21,20
C1galt1c1,53,130,56,94,64,168,70,132,42,38,68,34,111
Slc22a17,195,345,633,460,351,802,384,758,108,20,360,293,164
Nsa2,20,33,24,33,38,99,27,83,24,32,36,13,29
Mettl9,47,72,52,54,55,179,68,146,42,38,72,35,68
Fam203a,7,3,12,11,1,23,9,15,7,2,5,2,3
Mrps30,29,11,14,13,23,50,16,27,20,14,15,8,6
Rdh11,23,21,20,17,20,58,39,68,30,33,25,24,49
Zfp191,114,66,54,123,107,259,86,260,72,81,107,69,75
Bhlhe22,0,0,2,0,3,3,0,2,0,0,1,0,0
Tas2r140,0,0,0,0,0,0,0,0,0,0,0,0,0
Midn,187,61,158,248,391,356,112,283,59,88,61,150,16
Pcbp4,3,0,10,14,11,34,7,20,5,0,5,3,9
Pcbp3,17,23,30,31,28,60,26,58,7,0,50,32,10
Chrnd,0,0,0,0,0,0,0,0,0,0,0,0,0
Agrn,53,17,62,54,107,114,42,146,51,36,105,90,4
Nek7,291,182,148,264,254,740,164,509,206,192,257,182,204
Ncstn,177,88,170,118,128,434,178,412,152,144,192,173,67
Dctn5,124,91,94,103,158,399,118,290,108,112,153,91,157
Ccbp2,0,0,0,0,0,0,0,0,0,0,0,2,0
Gpa33,0,0,0,0,0,0,0,0,0,0,0,0,1
Ap4s1,28,14,9,16,21,47,24,46,10,20,21,8,17
Slc18a3,0,0,0,0,0,0,0,0,0,0,0,0,0
Myg1,18,16,17,14,19,39,24,44,12,8,21,21,32
Wbp11,85,30,48,102,77,212,74,158,66,53,69,75,16
Chst7,34,18,31,26,33,50,30,50,19,23,18,22,9
Ms4a4b,5,10,3,3,10,6,2,2,2,0,5,4,1
Cldn15,0,0,2,0,0,0,1,0,0,0,0,1,0
Donson,31,15,26,21,42,110,34,63,16,25,15,26,19
Sap30,38,9,37,35,27,106,37,64,20,38,23,39,15
Trappc4,40,25,26,54,41,93,27,76,25,32,36,29,54
Cenpk,3,0,1,2,0,4,0,0,0,0,0,0,0
Doc2g,0,0,0,1,5,4,5,2,0,0,1,1,0
Eed,93,61,65,52,125,212,45,147,48,86,59,97,46
Oca2,19,64,12,39,24,59,21,45,14,0,36,15,45
Prkar1a,450,300,359,590,521,1242,374,1038,354,405,492,320,381
Qk,1034,366,368,630,576,2861,759,2190,903,898,923,645,293
Pmel,5,2,4,1,4,12,3,5,2,2,4,5,0
Tmod1,48,20,42,52,55,68,31,80,30,32,30,29,13
Tsg101,63,36,26,68,89,151,59,131,47,50,54,39,49
Cenph,0,0,0,0,1,2,0,0,1,1,0,0,1
Il21r,122,45,123,167,190,492,159,457,136,200,133,120,82
Qtrt1,7,3,20,12,13,31,6,27,3,7,5,15,15
Syt9,13,9,11,19,18,44,15,34,1,0,16,13,14
Fads3,45,61,79,55,75,133,44,102,24,6,57,42,45
Npvf,0,0,0,0,0,0,0,0,0,0,0,0,0
Cd274,215,115,75,160,399,108,27,49,27,30,25,32,12
Actn4,146,106,237,218,306,462,219,446,142,115,240,202,46
Gucy1a3,4,4,7,10,9,13,3,33,6,0,22,16,4
Tsga8,0,0,0,0,0,0,0,0,0,0,0,0,0
Foxj2,104,18,51,65,112,296,101,233,61,72,72,66,4
Tlx1,0,0,0,0,0,0,0,0,0,0,0,0,0
Mapk8ip2,0,1,0,1,0,8,0,1,0,0,1,0,1
Fxyd6,1,2,2,1,1,6,1,10,3,2,5,0,5
Fxyd7,0,0,0,0,0,1,0,0,0,0,0,0,0
Flii,115,61,145,159,205,410,119,365,124,112,127,146,26
Gtf2h2,194,107,89,219,196,757,213,557,196,255,226,186,220
Map3k11,37,13,86,56,91,151,54,132,42,50,34,52,7
Taf8,22,11,25,23,33,94,22,67,20,23,35,19,18
Impg1,0,0,0,0,0,0,0,0,0,0,0,0,0
Trpv4,49,48,133,102,132,132,84,177,30,6,73,102,32
Fam129a,65,37,47,53,60,128,38,143,46,45,49,59,10
Dusp10,8,10,13,19,23,35,11,20,10,7,6,3,5
Rbp7,0,0,0,0,0,0,0,3,0,0,1,0,0
Ube4b,79,42,58,74,68,227,89,201,57,80,98,85,19
Gmfb,182,159,98,169,182,464,128,395,123,112,221,123,175
Slc5a7,0,0,0,0,0,0,0,3,0,0,0,0,0
Aqp9,0,0,0,0,2,0,0,0,0,0,0,1,0
Sav1,122,74,77,114,161,145,39,128,34,26,53,72,37
Nrgn,2,0,5,1,1,0,1,0,0,1,0,1,0
Sv2a,10,13,21,14,22,56,20,56,17,8,22,20,9
Hapln2,0,0,0,0,0,1,0,2,0,0,0,3,0
Perp,39,101,43,71,57,123,31,100,25,7,75,34,59
Oxct2a,0,0,0,0,0,0,0,0,0,0,0,0,0
B4galt1,1093,250,533,650,711,879,256,780,298,333,295,385,69
Tcte2,0,0,0,0,0,1,0,0,0,0,0,0,0
Eral1,23,9,11,24,18,66,23,52,22,17,18,15,23
Tpm3,345,139,288,467,573,884,276,627,238,221,208,319,111
Smoc2,0,0,0,2,0,2,0,3,1,0,0,0,0
Slc28a3,3,20,8,8,12,26,10,15,5,0,21,11,6
Clstn2,0,0,0,0,0,1,0,2,0,0,0,1,0
Parvg,231,100,187,218,270,688,209,546,203,221,181,199,99
Tnmd,0,0,0,0,0,0,0,0,0,0,0,0,0
Sdf2l1,53,20,38,57,52,117,66,152,40,33,41,27,43
Ctsz,638,271,767,707,832,1703,684,1443,513,640,436,506,417
Ctsm,0,0,0,0,0,0,0,0,0,0,0,0,0
Herpud1,398,180,407,791,662,1530,405,1025,382,391,337,447,281
Foxb1,0,0,0,0,0,0,0,0,0,0,0,0,0
Zfp296,1,0,0,1,1,2,0,5,0,0,1,0,1
Myh9,534,235,678,731,1003,1340,538,1420,398,435,450,744,79
Slc13a2,0,0,0,2,1,1,1,2,0,0,0,0,0
Trpv6,0,0,0,2,0,0,0,0,0,0,0,0,0
Ngb,0,0,0,0,1,0,0,1,1,0,0,3,0
Stk32b,0,0,0,0,0,0,0,0,0,0,0,0,0
Itm2c,393,296,556,504,545,1210,537,1104,338,430,367,321,248
Tmub1,1,0,3,5,3,6,3,4,3,2,3,1,2
Abhd8,4,6,20,4,7,19,4,19,3,0,10,5,4
Gprc5b,31,44,36,67,48,163,29,127,20,7,60,35,20
Gng13,0,0,0,0,0,0,0,0,0,0,0,0,0
Rnf187,39,26,78,62,56,146,60,142,40,28,57,46,20
Fndc4,4,1,7,5,3,13,1,16,2,2,0,2,1
Gpr88,1,0,0,1,0,0,0,0,0,0,1,2,0
Irx6,0,0,0,0,0,0,0,0,0,0,0,0,0
Ms4a8a,1,0,0,2,0,0,0,0,0,0,0,1,2
Sirt2,60,30,117,86,122,207,90,192,57,51,75,88,47
Sirt3,7,5,5,21,20,33,14,21,5,8,13,6,6
Sp5,0,0,3,0,0,4,0,1,0,0,0,0,0
Ddr2,46,54,16,44,22,100,18,68,14,2,56,25,18
Ndst4,0,0,0,0,0,0,0,0,0,0,0,0,0
Thop1,5,3,11,15,10,22,6,16,4,1,6,11,3
Lrdd,7,3,2,2,12,17,7,15,1,4,2,1,3
Ireb2,182,160,82,134,152,388,112,347,116,115,200,121,84
Nisch,286,158,282,313,343,925,287,754,223,197,288,349,64
Fgf23,0,0,0,0,0,0,0,0,0,0,0,0,0
Scube1,10,0,2,5,5,11,5,11,2,4,3,4,0
Suv39h2,17,4,4,11,16,25,3,25,6,17,7,4,5
Polr1e,2,7,6,11,18,13,11,14,8,4,8,7,11
Scamp2,488,138,453,423,449,1246,443,995,344,455,322,380,174
Svep1,0,0,0,1,1,5,1,5,0,0,0,0,0
Acot10,0,1,1,0,1,0,0,0,0,0,0,0,0
Myl7,0,0,0,0,0,0,0,1,0,0,0,0,0
Rgs18,4,0,0,0,0,0,0,3,1,1,0,0,4
Bhmt2,0,3,3,0,0,3,0,0,0,0,0,2,1
Slc30a5,115,95,61,109,113,295,74,226,70,71,107,67,114
Scel,3,0,0,0,0,1,2,0,1,0,0,2,0
Tsc1,57,41,37,57,62,177,57,139,39,41,66,64,14
Folr4,0,0,0,0,0,0,0,0,0,0,0,0,0
Pes1,32,31,29,47,55,91,42,86,30,44,35,29,38
Rpl23,20,25,8,36,51,68,22,57,16,26,19,8,50
Nup98,176,78,74,152,173,386,70,175,89,75,106,98,21
Rcan3,31,18,21,15,29,89,37,101,35,26,37,35,12
Zfp110,133,63,67,135,147,333,101,253,79,121,118,74,97
Lpar3,0,1,1,0,0,0,0,0,0,0,0,0,0
Zfand6,155,116,116,159,175,452,132,351,147,118,176,137,173
Zic5,0,1,1,2,1,4,1,5,1,0,1,3,1
Nif3l1,17,23,10,11,23,54,9,31,13,14,23,18,17
Arl6ip6,11,17,18,19,21,45,22,53,21,19,24,15,20
Arl6ip5,117,136,121,159,155,370,107,318,95,95,162,100,187
Lrp10,128,92,202,151,141,325,154,325,84,76,137,118,16
Pmepa1,209,50,195,204,171,645,265,558,180,215,173,204,32
Ndfip1,231,285,236,229,246,559,169,534,139,128,263,139,232
Vps35,295,290,182,286,351,819,256,689,265,308,338,214,344
Prrg2,9,4,7,10,20,27,7,29,8,6,8,7,8
Gfer,15,5,9,15,15,37,16,41,16,13,12,16,8
Pex19,44,28,39,44,41,128,50,156,38,37,81,47,51
Recql,26,12,32,22,39,74,23,60,29,23,33,23,15
Prnd,0,0,0,1,0,2,0,0,0,0,0,2,0
Slc15a3,210,94,269,371,361,859,247,569,167,234,121,225,83
Xpo7,107,64,52,112,101,334,98,258,88,95,129,103,61
Dpysl5,0,0,2,4,4,9,1,1,1,2,1,0,0
Asb4,47,40,55,45,101,11,2,13,9,11,10,47,11
Asb2,14,1,25,22,18,109,41,87,22,38,22,44,11
Clstn1,132,67,137,136,144,422,168,376,127,101,143,136,39
Ccl21c,0,0,0,0,0,0,0,0,0,0,0,0,0
Twsg1,55,70,64,84,78,129,34,140,30,9,98,44,56
Utp3,44,37,42,43,70,99,34,90,26,45,33,28,40
Slc9a3r2,15,8,28,17,49,50,26,75,25,13,70,37,13
Pkmyt1,3,1,7,2,3,14,3,9,6,1,0,6,3
Sigirr,5,1,4,3,4,5,2,15,6,3,13,1,5
Eefsec,33,3,33,23,26,71,19,43,32,21,14,20,7
Mcam,50,34,72,44,93,45,11,58,12,13,68,41,18
Ifi30,85,53,122,81,175,199,84,206,79,94,34,82,76
Aspa,0,1,0,1,0,2,0,3,4,0,2,0,2
Apoc3,1,0,0,0,0,1,0,1,0,0,0,0,0
Cacnb2,18,13,14,16,20,62,14,29,11,12,8,14,5
Dab2,214,166,157,196,212,431,135,412,109,74,234,240,86
Eno1,30,46,125,89,103,146,54,140,35,19,59,53,67
H2-Q8,9,1,8,1,10,26,5,5,3,2,1,14,3
Rab8a,49,46,69,77,107,202,57,118,62,75,49,37,84
Palm,0,4,7,7,7,19,7,22,8,12,20,9,2
Rce1,15,6,11,6,26,37,15,32,17,9,20,12,13
Rps19,14,15,16,33,36,44,24,39,15,13,16,9,35
Sftpa1,0,0,0,0,0,0,0,0,0,0,0,0,0
Sult1e1,0,0,0,0,0,0,0,0,0,0,0,0,0
Ubd,4,0,0,0,2,0,0,0,0,0,0,3,0
Map2k2,30,20,64,44,62,117,47,114,27,23,34,38,12
Glrx3,19,40,14,34,32,70,26,59,10,13,34,18,34
Tor3a,112,75,81,95,160,196,70,165,48,65,65,63,47
Arpc1b,74,40,167,120,164,233,122,162,51,39,40,91,40
C1ra,17,13,2,9,15,14,1,17,1,0,14,10,2
Nono,99,78,63,148,107,289,81,252,87,86,123,67,83
Ranbp17,1,6,3,3,5,17,0,5,2,0,8,6,1
Cndp2,174,82,157,251,329,515,161,415,121,142,139,139,114
Cwc15,58,63,34,86,87,192,56,153,53,61,71,59,76
Ethe1,6,5,2,7,7,18,3,21,8,4,9,5,14
Cxcl16,129,72,157,244,240,420,97,237,96,100,54,133,59
Cml1,4,13,3,11,11,21,4,30,4,1,14,5,14
Znrd1,48,19,24,50,52,94,39,79,31,32,32,18,47
Fam89b,13,5,36,16,27,57,20,68,16,18,14,27,14
Mrpl4,7,8,14,13,27,32,7,22,7,8,13,17,17
Grina,113,88,227,203,179,441,166,393,90,70,118,166,56
Ndufb9,54,64,47,55,75,125,46,102,31,22,52,26,121
Dusp12,32,14,16,26,33,82,19,46,27,15,16,20,23
Nit2,19,10,13,25,23,56,11,41,11,22,14,11,15
Dmap1,9,4,11,10,21,63,19,36,16,10,22,7,14
Atp6v1g2,7,2,7,6,4,8,5,6,0,1,6,1,1
Ctrl,1,0,0,1,1,2,0,0,1,0,2,3,0
Klf15,5,4,12,21,9,7,2,10,2,0,11,9,3
Chia,7,7,3,3,1,21,4,10,4,0,4,3,7
Pla2g12a,15,30,10,16,20,38,18,41,9,8,16,19,35
2310008H09Rik,73,30,31,40,54,152,44,98,48,33,66,44,21
Ppp1r7,51,29,55,62,45,185,49,125,50,52,62,54,32
Ndufa7,26,22,39,42,49,65,27,62,15,9,28,24,107
Dctpp1,7,9,9,9,29,6,12,19,3,6,4,8,20
Pbk,2,2,0,2,4,9,2,13,2,6,2,1,6
Anp32e,149,136,104,202,191,422,128,306,108,81,166,118,140
Usmg5,4,9,4,7,8,4,6,13,4,3,8,4,11
Slc30a7,66,71,69,71,70,192,55,161,68,57,80,67,70
2500003M10Rik,201,116,119,201,241,569,123,408,127,152,165,136,125
Pgpep1,18,19,41,37,33,84,26,71,16,9,33,25,40
Slc5a4b,0,0,0,0,0,0,0,0,0,0,0,0,0
2010106G01Rik,595,357,278,434,489,938,314,794,353,358,416,243,241
Cdc20,3,1,9,7,2,6,5,14,2,1,3,2,0
Ube2v1,4,3,8,13,11,27,4,17,3,6,7,3,1
Stoml2,17,15,27,30,32,61,20,53,19,19,23,21,24
Diablo,40,46,52,43,48,133,38,107,32,21,34,38,53
Ndnl2,20,12,11,19,19,60,20,51,13,13,17,7,9
Eef1d,36,35,74,54,86,105,52,149,39,36,50,35,78
Ccnh,38,44,11,47,36,100,32,96,34,24,41,23,50
Palmd,49,88,47,78,83,84,21,90,27,10,58,25,30
Ndufaf3,9,10,18,13,23,17,11,30,6,7,8,11,28
Sbds,72,41,83,81,91,188,75,130,39,47,59,44,37
Ypel1,2,4,2,2,5,17,3,7,3,5,5,6,6
Krt20,0,0,0,0,0,0,0,0,0,0,0,0,0
Pycard,50,41,56,70,75,207,82,201,78,117,60,53,124
Mrps34,9,4,11,5,18,43,17,27,3,3,7,10,16
Rnf128,44,12,28,34,37,88,25,50,32,28,16,26,12
Rhoj,25,37,41,49,76,28,6,34,10,5,18,40,20
Jam3,29,31,21,31,42,53,28,71,26,21,38,34,28
Tubb3,1,0,0,0,0,1,1,3,1,0,0,0,0
Sdha,227,310,267,337,332,736,251,601,181,195,314,198,362
Nuf2,4,0,2,0,2,19,5,14,3,5,0,1,8
Ceacam11,0,0,0,0,0,0,0,0,0,0,0,0,0
Mkrn2,17,9,12,18,24,60,26,44,13,14,18,19,5
Pus3,18,9,12,3,22,56,11,39,9,16,15,10,23
Ndc80,1,0,0,4,1,8,3,1,6,5,0,7,1
Fgf22,0,0,0,0,0,0,0,0,0,0,0,0,0
Ubap1,79,52,77,129,126,325,88,273,89,68,110,80,38
Yipf5,65,84,64,76,65,219,69,190,57,71,107,78,99
Ndufa13,24,60,62,63,91,128,42,139,27,15,53,50,222
Nde1,45,43,47,66,50,132,34,147,44,39,53,41,71
Plekho1,181,60,289,316,383,727,300,617,188,275,187,276,100
Zkscan14,6,3,7,5,7,20,9,27,7,4,5,12,2
Peli1,234,128,106,226,228,608,142,410,150,165,168,180,82
Bmyc,6,1,10,2,5,22,7,21,7,4,6,7,5
Agtpbp1,21,29,18,27,33,96,30,101,30,30,38,48,35
Mrpl46,9,14,19,22,18,29,15,27,12,11,12,10,16
Prl8a9,0,0,0,0,0,0,0,0,0,0,0,0,0
2210010C04Rik,0,0,0,0,0,0,0,0,0,0,0,0,0
Ilkap,28,27,29,47,46,107,30,79,39,15,44,26,45
Snap29,84,52,52,76,80,196,58,171,67,69,66,40,42
Zfp788,31,25,10,20,13,76,18,51,20,23,25,19,27
Cdh23,24,6,46,34,44,95,37,82,24,37,17,28,4
Pin1,14,20,44,17,35,42,15,46,5,8,24,10,26
Sdhb,55,52,71,90,97,176,55,164,47,63,65,32,115
Stard5,8,29,23,24,20,37,9,23,8,10,18,22,13
Samsn1,285,211,227,382,419,708,173,442,161,204,158,172,192
Rtp4,66,66,59,81,102,29,14,14,10,26,12,18,36
Wfdc1,3,7,14,8,18,6,10,21,10,13,11,13,22
Rprm,0,0,0,0,0,0,0,1,0,0,0,1,1
Mdp1,24,12,28,55,40,104,39,100,30,34,33,44,33
Myl12b,130,112,175,211,286,389,156,399,126,101,158,135,224
Mesdc2,81,72,75,88,111,204,96,209,66,70,122,63,111
Npc2,429,325,497,561,581,1281,471,1114,362,417,430,305,535
Pgam1,4,16,6,18,13,35,18,27,10,2,11,7,8
Hist1h2bc,28,54,43,54,67,197,60,148,49,41,80,42,78
Akirin1,115,67,91,153,153,328,72,252,80,89,112,76,79
Mum1,8,4,16,18,27,24,20,53,8,18,21,22,8
Tox4,245,92,168,290,281,590,170,484,142,209,161,185,55
Tmem132e,0,0,0,1,0,0,0,0,0,0,0,0,0
Tmem86b,6,1,14,17,10,48,13,31,10,12,7,12,5
Ly6g6c,0,0,0,0,0,0,0,0,0,0,0,0,0
Ssna1,6,7,18,10,17,43,19,32,16,11,11,9,30
Ankra2,20,9,14,14,10,49,17,51,18,9,21,11,11
Serhl,39,32,23,46,52,114,45,93,29,19,52,32,44
Upk3a,0,0,0,0,0,0,0,0,0,0,0,0,0
Elac2,23,15,8,46,21,71,16,55,6,12,14,27,10
Fahd1,3,6,6,6,4,15,3,17,4,4,7,2,10
1110032A03Rik,24,77,45,56,56,128,36,101,29,11,52,22,106
Cml5,0,1,1,2,0,2,0,4,0,0,2,5,5
Elf2,140,71,119,175,203,276,80,247,87,81,88,108,48
Ing2,38,9,28,32,46,62,16,37,11,21,20,31,4
Nkx2-4,0,0,0,0,0,0,0,0,0,0,0,0,0
Pdcl2,0,0,0,0,0,0,0,0,0,1,0,0,0
Krtap3-1,0,0,0,0,0,0,0,0,0,0,0,0,0
Mrps9,19,9,36,16,42,70,20,53,13,17,21,9,20
Pecr,25,6,15,18,16,57,15,37,15,16,13,4,21
Tfpt,7,6,12,9,14,30,7,20,6,8,8,11,13
Nkiras1,52,44,29,48,48,137,52,106,34,46,55,30,53
Ms4a10,0,0,0,0,0,0,0,0,0,0,0,0,0
Pla2g12b,0,0,0,0,0,0,0,0,0,0,0,0,0
Mrto4,7,1,7,5,15,26,3,13,6,3,5,4,7
Rab3b,0,0,0,0,0,1,0,0,0,0,0,0,0
Agk,1,8,3,4,9,27,4,5,6,4,4,1,12
Rsc1a1,121,50,73,108,137,313,79,231,80,79,62,84,18
Ssty2,0,0,0,0,0,0,0,0,0,0,0,0,0
Ino80b,5,3,3,3,5,3,7,17,3,3,4,4,6
Nol7,62,47,14,42,76,137,42,108,44,36,38,30,32
Mvk,7,3,8,8,7,20,6,19,3,7,8,9,6
Slc44a4,2,4,1,0,0,2,0,4,0,0,0,0,1
Cse1l,132,160,128,174,221,469,120,348,96,123,160,111,173
Ipo5,130,94,81,142,191,400,113,316,121,117,146,98,78
Epha1,3,9,2,5,12,12,5,10,10,7,1,8,0
Ptplb,35,26,46,26,31,82,40,76,29,32,21,21,29
Slc29a3,312,101,192,250,235,1034,317,912,331,352,341,294,89
Wdr31,1,2,3,2,0,13,2,9,1,0,6,3,2
Arid5b,115,55,85,111,138,198,54,152,50,44,60,90,8
Sfpq,513,170,289,479,410,1574,374,1202,374,495,371,384,75
Gdpd2,0,0,0,0,0,2,0,0,0,0,0,0,0
Esm1,0,1,0,1,4,14,1,12,0,0,14,0,11
Rgl3,16,3,14,14,22,56,15,39,22,16,17,20,0
Cyp2d40,0,0,0,0,0,0,0,0,0,0,0,0,0
Lrat,2,2,0,1,0,3,0,0,0,0,5,0,0
Plbd2,44,24,91,85,76,174,68,180,52,51,52,51,16
Ing3,39,18,21,57,50,133,35,96,32,40,44,33,23
Isyna1,27,15,59,40,45,150,57,130,33,27,51,46,18
Gtf2a1l,0,0,0,0,0,0,0,0,0,0,0,0,0
Aox4,0,0,0,0,0,1,0,0,0,0,0,0,0
2410016O06Rik,11,5,18,13,24,35,7,27,16,5,16,10,2
Rab27a,86,48,34,89,145,192,64,130,43,69,59,37,13
Sars2,3,0,10,4,12,15,4,15,4,4,1,8,1
Mccc1,42,89,73,77,62,210,59,150,43,18,96,53,70
Kdelc1,36,17,13,17,28,64,7,58,22,23,17,11,17
Nipa2,127,103,70,107,130,308,91,247,94,102,116,77,119
Pex13,72,78,48,87,71,177,40,162,63,45,60,48,70
Trim29,0,0,0,0,0,0,0,1,0,0,0,0,0
Pcm1,212,151,106,192,246,627,171,494,180,173,238,210,82
Ripk4,3,5,3,2,3,10,2,10,2,0,5,1,0
D4Wsu53e,118,70,92,95,104,319,96,252,76,64,125,126,67
Ndel1,106,65,103,156,141,347,94,224,68,116,75,97,39
Igf2bp3,4,1,7,7,1,6,4,5,2,3,2,2,1
Clns1a,38,35,36,48,50,150,43,103,35,32,56,21,52
Ssbp3,38,23,43,45,28,130,30,128,38,24,44,33,12
Tnfrsf22,7,1,5,2,4,10,1,4,5,1,2,3,5
Lime1,35,4,13,18,16,84,27,61,21,22,29,34,11
Spock3,0,0,0,0,0,0,0,0,0,0,0,0,0
Crybb1,63,24,111,68,151,152,87,183,63,66,34,60,60
Rdh14,41,30,38,29,32,73,32,57,22,28,40,12,33
1810009J06Rik,0,0,0,0,0,0,0,0,0,0,0,0,0
Capn9,0,0,0,0,1,0,0,0,0,0,0,0,0
Spns1,14,9,36,46,29,104,39,93,28,32,24,37,22
Tubb2b,12,4,16,17,22,84,24,64,21,16,18,13,13
Slco1a6,0,1,3,1,2,0,2,3,0,0,3,3,0
Atp6v1d,79,120,88,161,143,332,92,289,86,73,116,79,172
Asz1,0,0,0,0,0,0,0,0,0,0,0,0,0
Ccdc86,45,14,54,57,70,108,31,66,24,23,17,54,8
Abcb6,17,1,10,18,14,33,14,33,6,15,13,5,9
Crot,88,94,86,128,93,288,110,219,88,85,97,61,120
Pi16,3,0,17,5,6,4,1,8,0,6,2,4,1
Ehhadh,9,17,19,23,17,41,16,35,16,8,20,17,14
Uba7,70,28,63,84,99,239,97,214,49,78,78,82,37
Nfx1,97,49,75,112,97,267,55,182,65,49,92,79,47
Zdhhc16,24,7,10,15,29,47,18,53,18,27,14,26,13
Prl8a8,0,0,0,0,0,0,0,0,0,0,0,0,0
Dtx2,9,8,44,29,23,41,13,31,13,14,11,9,5
Prl5a1,0,0,0,0,0,0,0,0,0,0,0,0,0
Zfp84,44,35,21,57,48,115,37,135,36,30,40,49,32
Tfcp2l1,1,2,3,2,0,6,3,8,0,0,3,2,0
Tollip,146,75,108,169,167,342,135,264,90,105,123,116,66
Mphosph8,55,59,33,56,51,174,50,136,43,33,50,33,43
4930550L24Rik,0,0,0,0,0,0,0,0,0,0,0,0,0
1700020D05Rik,0,0,0,0,0,0,0,2,0,2,0,0,1
Yipf7,0,0,0,0,0,0,0,1,0,0,0,0,0
Ppbp,0,0,0,0,0,0,0,2,0,0,0,0,2
Mageh1,1,7,3,4,9,13,7,11,0,5,9,1,9
Wdr54,0,3,3,3,10,12,2,11,0,1,7,0,8
Etv5,112,37,104,120,97,384,104,288,105,111,102,91,33
Mgea5,376,191,189,400,341,1176,289,837,284,295,342,317,107
Tbx18,1,0,1,3,5,3,0,5,0,0,9,5,2
Trp53rk,0,0,1,0,0,3,3,0,0,2,3,0,0
Ankrd36,0,0,0,0,0,0,0,0,0,0,0,0,0
Cmya5,54,11,28,53,47,168,26,107,34,56,31,42,6
Paqr4,6,6,23,10,7,42,7,39,12,9,9,14,6
Ift46,25,36,32,60,53,123,29,83,31,26,35,25,44
Trim12a,50,31,38,56,61,107,44,89,47,35,35,35,47
Dsp,30,79,35,50,37,103,31,75,15,3,75,33,5
Jam2,197,128,131,149,177,472,140,401,155,152,259,136,129
Rab3c,0,0,0,0,0,1,0,3,0,0,0,0,0
Mtmr2,100,49,52,93,81,245,92,168,69,66,84,72,56
Krtap5-3,0,0,0,0,0,0,0,0,0,0,0,0,0
9530002B09Rik,0,0,0,0,0,0,0,0,0,0,0,0,0
Ryr2,1,0,1,1,4,3,0,0,2,1,4,5,0
Cep70,15,16,21,22,18,35,12,21,15,13,20,3,14
Elp4,21,21,9,15,15,34,8,38,14,10,16,14,12
Retnlb,0,0,0,0,0,0,0,0,0,0,0,0,0
Icam4,0,0,0,3,2,0,0,0,0,2,0,1,0
Ng23,1,0,0,0,2,2,0,3,2,0,0,2,0
Rhox9,0,0,0,0,0,0,0,0,0,0,0,0,0
Pde6h,0,2,0,0,0,0,0,0,0,0,0,0,0
Plekhj1,14,14,17,18,32,32,15,42,21,4,15,12,21
Lipm,0,0,0,0,0,0,0,0,0,0,0,0,0
Asb3,43,35,11,35,34,96,28,78,42,33,32,21,40
Foxi1,0,0,0,0,0,0,0,0,0,0,0,0,0
Slco3a1,6,7,5,10,10,11,2,11,1,3,9,5,0
Tsc22d4,50,13,126,74,72,243,84,201,57,73,45,80,16
Scyl1,52,28,79,115,96,193,73,193,45,53,71,59,18
Ern1,28,12,22,20,30,107,25,64,32,31,34,32,5
Hdac9,30,14,23,27,39,123,27,72,23,27,30,19,14
Chchd2,66,111,76,90,99,199,85,172,32,48,93,46,93
Fkbp11,0,2,0,2,1,2,1,2,1,0,1,1,1
Cxx1a,2,0,7,4,3,8,2,17,2,1,1,2,2
Sec61b,7,14,14,12,14,23,10,19,13,11,15,4,26
Hspbp1,3,4,18,11,15,26,5,24,4,13,2,2,10
Atp6v1g1,64,84,75,84,146,241,54,211,70,49,109,57,117
Mrps23,26,32,21,32,37,73,29,64,9,18,28,11,45
Rps23,3,0,0,0,1,1,0,5,1,1,0,0,3
Drap1,23,26,58,69,87,123,40,97,26,34,31,29,43
Mrpl38,20,18,29,22,17,60,23,50,19,11,15,21,5
Alg14,15,18,16,33,37,56,27,57,11,11,33,15,68
0610009O20Rik,73,32,50,63,76,155,47,124,39,41,64,49,18
Ormdl2,54,53,61,53,62,129,49,139,30,55,78,35,87
Dnajc10,106,155,95,122,129,252,80,209,76,45,142,80,134
Riok3,112,76,98,141,150,328,88,269,90,95,100,95,88
Asf1b,1,3,0,3,0,4,1,3,3,1,1,3,6
Fam188a,53,45,38,29,50,119,28,105,43,28,42,45,35
Ssbp2,26,34,37,29,53,133,38,111,20,38,42,38,43
Oxct1,328,391,256,401,316,1080,324,803,248,202,428,248,369
Yaf2,42,27,30,26,41,129,21,74,27,26,22,22,37
Chmp1b,88,79,63,66,83,203,65,173,54,65,84,33,90
Arl2bp,45,42,73,55,48,108,30,104,35,14,82,41,41
Nop56,55,59,63,55,110,181,48,120,50,57,46,54,41
Lrrc40,42,47,21,36,22,94,26,70,27,22,42,28,22
Cyb5r4,29,19,12,20,14,65,19,42,19,23,16,20,17
Tbc1d20,34,22,28,43,42,119,36,118,31,28,37,33,23
Ndufa10,61,48,68,50,58,131,36,111,39,32,62,43,43
Gpx7,4,4,5,3,1,4,0,5,0,0,2,0,3
Cstf1,25,8,19,19,31,77,22,83,18,19,18,19,21
Mfn1,89,82,62,112,98,251,67,172,79,46,125,62,51
Ankrd22,8,3,4,7,2,0,0,0,0,0,0,0,0
Sec13,55,59,87,107,115,196,62,208,83,74,74,85,129
Derl1,164,137,206,191,236,467,168,400,124,123,187,151,193
Echdc3,1,1,2,1,2,10,2,13,4,0,3,0,1
Ppp6c,89,87,49,100,115,242,68,215,73,94,86,45,102
2310033P09Rik,7,4,13,10,24,22,23,23,6,7,6,4,1
Slc25a11,83,71,102,126,112,254,82,229,76,67,96,77,111
Rpl4,444,357,368,542,644,1119,347,1011,294,364,396,311,479
Anapc4,71,61,43,85,81,204,67,166,38,44,69,49,67
Tomm20,78,72,75,82,110,229,49,196,57,61,96,57,86
Zfp593,10,11,15,19,29,42,13,7,5,9,6,10,5
Gpn3,5,6,9,11,11,27,7,13,10,7,4,13,5
Cmtm3,49,31,75,92,102,273,85,223,89,81,67,62,53
Rpl24,2,1,1,3,7,2,0,12,0,1,0,2,1
Hsbp1,108,91,84,130,155,279,99,232,80,84,100,57,166
Ndufc2,42,73,42,50,84,138,43,109,49,41,54,46,168
Pdhb,62,54,45,46,69,168,46,120,41,23,59,43,60
Stt3b,155,100,127,150,152,474,149,390,121,137,167,117,68
Crip2,18,20,38,32,51,65,42,90,10,9,57,37,38
Rtn4,459,328,236,415,371,1106,320,878,249,263,338,273,197
Mrpl28,13,16,15,19,26,46,23,47,12,7,7,10,20
Gdpd3,1,5,2,1,5,11,6,4,6,3,3,3,1
Pcyt2,10,9,20,21,29,80,17,51,10,13,16,35,10
Smtnl1,0,0,0,0,0,0,0,0,0,0,0,0,0
Zfpl1,7,5,15,10,25,29,15,34,7,4,10,10,7
Rexo2,29,28,28,32,46,87,21,63,27,22,54,30,44
Qdpr,31,30,27,42,43,125,29,68,25,24,51,16,63
Fbln7,2,4,5,1,1,17,2,2,0,0,2,0,6
Stambp,43,20,36,35,44,106,30,82,22,36,24,38,48
Gins4,21,15,17,17,23,49,25,46,14,18,29,10,39
Kif24,6,7,3,14,3,7,4,13,11,2,5,5,6
Riok1,38,22,25,25,23,94,20,83,13,31,28,35,17
Fuca1,89,95,167,130,137,289,105,204,81,72,107,74,119
Kif23,15,2,7,11,9,31,15,27,7,4,8,12,3
Tmem79,2,2,1,2,5,8,8,13,1,2,4,5,1
Cars2,13,9,20,30,36,50,17,47,13,10,16,20,19
Phf10,62,32,38,66,51,109,39,130,43,38,60,48,32
Nkg7,2,2,4,3,7,5,1,9,4,3,1,0,2
2410042D21Rik,21,18,6,22,17,61,14,45,13,9,31,10,26
Hsdl2,31,66,47,56,69,135,42,106,43,23,65,39,54
B3gat3,20,17,48,41,49,65,29,71,16,20,28,16,17
Hdhd3,0,5,6,3,6,4,1,12,0,0,4,4,4
Usp16,97,80,60,119,124,264,69,227,67,52,75,79,55
1700052N19Rik,7,8,13,15,13,50,11,42,13,16,20,11,29
1200011M11Rik,32,15,33,18,33,72,37,86,22,24,35,24,9
Mxra8,6,25,35,15,16,46,9,39,4,0,17,14,12
Cyp27a1,26,19,24,39,44,116,43,93,41,39,23,28,14
Rps25,62,64,46,105,115,153,57,109,54,74,74,47,102
Ipo4,39,31,61,45,51,112,41,108,41,20,49,44,16
Stard3nl,60,37,71,47,85,169,60,152,59,53,58,32,79
1700016D06Rik,0,0,0,0,0,0,0,0,0,0,0,0,0
4930455C21Rik,13,13,21,21,24,28,10,30,15,10,17,7,15
Fars2,21,41,30,39,40,69,29,59,16,5,29,21,42
Spaca7,0,0,0,0,0,0,0,0,0,0,0,0,0
Rrbp1,846,225,562,792,814,2014,681,1888,624,635,509,812,71
Pppde1,36,26,43,54,64,140,37,93,39,34,47,41,42
1500015O10Rik,138,388,244,339,335,622,252,611,84,1,305,203,553
Bves,1,0,0,0,0,0,0,0,0,0,0,0,0
Popdc3,0,0,0,0,0,0,0,0,0,0,0,0,0
Rmnd5a,155,85,68,112,105,394,118,350,143,142,164,103,74
Tnfrsf23,15,10,17,10,15,55,9,35,15,25,10,10,6
Fabp4,5,3,1,0,1,4,1,0,0,1,1,2,0
Plekhf1,0,0,4,2,5,0,2,3,3,0,0,4,1
Stx1b,0,0,0,0,0,2,0,0,0,0,1,0,0
Ubxn6,28,22,45,34,51,104,37,69,29,28,30,41,44
Lap3,134,82,103,154,198,302,98,280,130,117,111,107,106
Nts,0,1,1,0,1,0,0,2,0,0,2,0,0
Rab22a,24,23,34,53,48,107,35,82,37,32,36,35,17
Nudt7,22,34,15,21,26,57,17,50,16,10,45,32,56
Dusp19,1,15,3,10,5,26,4,12,7,0,2,2,7
H47,106,127,96,115,158,338,114,257,101,113,106,79,166
Derl3,1,0,2,1,6,3,1,1,0,0,3,4,0
Hspb2,0,0,9,1,3,1,1,2,0,1,3,0,0
Cyp4f16,7,16,10,15,13,30,12,33,3,8,7,12,10
Cyp4f18,0,2,9,3,11,3,6,9,7,3,0,8,4
Tsnaxip1,0,6,0,0,1,15,0,7,3,0,2,5,4
Rab12,70,43,64,72,67,153,56,163,51,52,85,70,37
Scd3,1,0,0,1,0,2,0,0,0,0,1,0,0
Sun1,52,33,36,62,50,157,75,175,54,40,90,66,37
Luzp1,112,80,83,111,145,308,69,262,69,72,113,113,32
Rab21,80,41,35,48,71,140,42,125,32,51,66,53,43
Rab5c,137,89,198,165,220,360,171,359,110,124,102,132,82
Rap1b,901,580,663,1442,1510,2655,715,1928,676,840,632,629,599
Ppp3r1,189,137,86,174,157,489,126,406,143,168,200,111,117
1810037I17Rik,26,38,16,26,43,56,20,58,12,11,28,14,70
Abhd12,861,366,813,797,780,2157,762,1691,650,726,680,573,299
Zfp319,21,10,22,9,23,57,18,55,23,15,30,16,0
Trim39,22,28,24,24,33,133,30,90,40,20,36,49,9
Bhlhe41,36,17,31,28,22,233,43,126,44,64,46,41,9
Klra23,1,1,0,1,1,2,0,3,0,0,1,1,1
Lias,25,14,35,19,32,69,18,67,19,25,22,15,27
Gltpd1,6,8,6,12,10,32,10,24,3,4,13,14,12
BC005537,346,112,228,362,336,1015,245,741,252,274,245,264,43
Emid2,0,0,0,0,0,2,0,0,0,0,0,0,0
Ublcp1,19,30,10,27,16,77,11,57,15,15,35,31,29
Ttc28,77,22,87,125,129,334,121,278,92,108,73,104,9
Grpel1,49,37,25,48,71,136,31,98,29,38,53,29,62
Wbscr27,0,3,1,8,4,15,6,11,2,1,4,0,7
Car13,23,22,10,18,26,9,3,7,2,4,7,0,8
Sgta,24,14,39,45,56,129,60,116,36,38,38,47,22
Actl7b,0,0,0,0,0,0,0,0,0,0,0,0,0
Atp6v0e,71,133,88,116,158,260,93,221,59,67,124,91,210
Pcbd1,0,0,0,0,0,4,1,0,0,0,2,0,5
Dppa5a,0,0,0,0,2,1,0,2,2,0,1,1,0
Amz2,35,27,34,51,42,96,38,73,45,37,58,42,26
Evpl,1,0,1,0,0,0,0,4,0,0,1,0,0
Gng10,203,146,112,227,287,545,192,478,197,211,149,150,272
Hnrnpk,272,208,196,404,417,752,187,571,171,226,229,218,227
Kin,13,11,12,26,28,60,17,48,19,20,17,17,19
Lyar,8,19,20,14,12,44,11,37,12,8,12,14,8
Mob4,81,68,47,108,97,220,62,186,66,70,94,50,99
Stmn2,14,4,9,7,17,4,10,19,8,12,19,14,11
Slc31a2,53,40,49,62,42,86,37,92,26,35,42,48,53
Spop,145,170,113,155,192,402,126,320,110,89,164,146,105
Stfa3,0,0,0,0,0,0,0,0,0,0,0,0,0
Tbrg1,60,37,18,42,72,81,28,65,23,33,37,29,47
Rsph1,7,33,23,45,29,87,23,49,7,0,23,18,66
Sra1,31,26,41,47,55,115,23,75,21,20,25,24,35
Synj2bp,60,33,46,41,57,119,37,115,45,35,64,33,52
Gm16515,28,16,51,37,33,109,41,89,29,39,36,21,7
Btd,27,43,47,54,47,95,47,84,21,17,48,27,33
Ciao1,51,49,44,38,45,119,48,110,40,42,50,27,56
Mecr,6,8,21,13,11,23,9,28,5,5,8,6,5
Mrpl17,44,25,28,44,77,117,32,81,18,30,31,40,41
Lcmt1,12,12,12,9,14,39,20,32,7,15,11,9,31
Mrps7,26,16,22,25,50,73,28,61,25,19,25,13,45
Ftsj3,64,44,52,79,82,188,40,131,44,40,65,34,45
D14Ertd449e,0,0,0,0,0,0,0,0,0,0,0,0,0
Sostdc1,71,285,184,217,181,401,148,386,54,2,290,139,266
Atp5d,30,61,84,77,75,96,53,117,27,26,50,42,88
Dtd1,14,17,26,11,21,21,11,24,7,2,12,5,22
Med21,20,39,21,44,49,135,32,95,38,31,38,26,76
Ndufb5,33,112,54,71,68,158,66,135,36,32,77,55,148
Mrpl54,5,4,5,4,20,18,4,16,4,4,7,9,11
0610009B22Rik,17,5,17,10,20,47,15,48,17,17,19,14,47
Sdhc,94,113,91,128,184,274,100,273,69,46,124,79,179
0610009D07Rik,52,57,56,71,71,116,43,113,44,30,44,37,109
Zfp524,3,2,1,1,5,9,10,9,4,6,2,5,3
Haao,2,2,13,4,5,11,6,4,2,0,5,4,4
Krtcap2,20,22,32,27,35,59,21,56,28,23,18,24,44
Tctex1d2,11,15,8,15,12,42,11,25,4,7,16,14,19
Hsd17b14,0,0,0,0,0,0,0,0,0,0,0,0,0
Gng11,18,2,5,6,11,27,6,17,6,4,31,10,20
Sdhaf2,43,33,37,32,40,101,25,73,28,44,40,29,52
Txndc12,65,49,77,65,92,164,56,135,59,52,70,44,72
Chchd3,50,53,51,63,85,152,47,130,40,39,62,32,66
Akr7a5,8,5,13,7,7,14,8,15,5,3,4,9,1
Aurkaip1,32,20,25,39,43,69,35,49,18,12,30,25,56
Sharpin,23,6,34,40,30,83,36,69,18,24,37,32,14
Abhd6,39,35,29,34,42,117,47,92,32,24,53,37,37
Rmnd1,8,9,10,13,14,57,11,36,12,8,20,19,12
Eif3f,83,61,113,89,96,269,78,246,65,77,89,47,58
0610037P05Rik,31,54,29,39,60,118,27,85,27,38,39,30,45
Rmnd5b,25,3,26,22,28,76,25,73,18,21,21,21,20
Ypel3,32,15,52,45,47,183,69,152,59,44,40,53,37
Ndufa3,37,98,46,69,84,149,36,141,24,18,64,32,147
Lsm7,0,0,0,0,0,0,0,1,0,1,0,0,2
Cpa1,0,2,0,0,0,0,0,0,0,0,0,0,0
Chchd6,4,13,10,9,12,18,10,16,1,2,9,8,18
Uqcrq,10,19,16,15,37,29,26,33,6,2,12,18,69
Tceal6,0,0,0,0,0,1,0,0,0,0,0,0,0
Ube2d3,407,248,264,485,523,920,219,757,226,265,290,274,281
Smpx,0,0,0,0,0,0,0,0,0,0,0,0,0
Ndufa9,66,97,106,101,156,230,98,230,70,70,85,73,155
Tspan13,211,133,141,146,229,340,115,317,158,162,159,112,117
Tmed3,96,94,101,96,128,212,87,213,65,54,110,67,101
Dnajc30,16,4,11,11,10,29,5,15,6,4,10,8,8
1110001J03Rik,2,1,4,5,8,6,7,6,4,1,5,1,8
Sarnp,10,1,2,12,6,31,7,25,17,12,4,7,9
Chchd1,24,18,23,16,43,34,18,37,15,19,19,12,36
1110018J18Rik,10,15,3,8,6,23,9,18,12,14,20,10,11
Acy1,12,8,17,30,15,39,9,27,13,14,13,16,11
Tipin,15,11,14,12,20,33,12,36,9,5,25,11,14
1110008L16Rik,14,14,34,13,24,35,12,23,9,4,24,17,22
Glo1,43,67,54,64,67,123,40,113,30,19,62,24,92
Wbscr22,16,9,19,27,34,49,16,63,18,18,14,11,16
Fam33a,10,15,3,9,2,26,6,24,6,4,13,6,20
Ifitm3,187,149,172,259,534,92,34,133,39,20,97,120,115
Cox7b,64,117,43,58,110,192,53,141,40,14,87,37,186
Eef1e1,34,17,9,10,19,45,16,40,18,24,21,19,35
Atp6v1f,30,51,50,43,81,102,47,87,40,41,33,26,108
Tmem57,60,46,37,65,52,157,66,125,43,37,66,53,47
Necap2,44,24,85,82,88,183,53,137,72,45,48,52,43
Dnajc15,18,33,19,24,41,55,26,51,14,14,27,13,47
Fbxo36,7,12,5,7,17,31,7,33,5,1,15,11,16
Tmem14c,48,31,42,74,64,162,44,162,54,53,61,46,78
Ufc1,39,47,36,69,69,120,44,97,28,30,52,35,64
Pop4,17,21,23,27,35,55,21,44,11,10,7,13,21
Nip7,21,24,25,40,38,57,29,53,22,24,21,23,30
Bccip,38,25,25,46,37,107,28,83,30,29,37,31,59
Tomm7,39,68,23,51,102,114,47,117,25,15,48,44,136
Chchd5,6,3,10,12,14,24,11,23,10,9,8,5,22
Pgls,4,6,22,8,20,35,19,32,4,5,9,5,12
Med11,16,14,20,18,26,63,14,55,16,11,17,31,23
Nudt14,10,10,13,8,11,16,12,19,8,2,7,3,27
Nat9,18,3,10,15,28,38,26,49,14,9,19,9,15
Ubl5,72,99,67,117,125,218,72,208,50,38,103,79,162
1110031I02Rik,13,21,22,18,21,45,15,30,5,5,18,13,35
Nop10,18,14,5,19,42,45,23,48,23,16,30,12,66
Arl4d,11,4,19,14,15,57,16,23,22,12,9,14,22
Uqcrc1,69,66,142,116,159,256,108,198,73,55,106,70,81
Acer3,119,104,85,115,166,336,103,251,105,117,130,89,87
Ier3ip1,50,40,37,58,54,114,44,111,35,40,49,21,76
Lage3,10,11,11,10,16,33,13,20,7,5,16,9,33
1110049F12Rik,29,16,18,33,24,84,11,64,24,16,17,9,12
Pycrl,8,11,18,9,8,18,9,20,8,7,11,10,13
Lce1g,0,0,0,0,0,0,0,0,0,0,0,0,0
Myo19,7,11,10,10,16,31,5,27,9,12,18,7,1
Cks2,2,1,0,0,2,13,3,4,1,1,0,2,2
Them5,0,0,0,0,0,0,0,0,1,0,0,0,0
Commd4,18,12,21,24,35,59,36,84,13,18,18,14,50
Vta1,41,39,37,46,53,96,34,86,20,39,48,34,53
1110059G10Rik,24,18,15,21,21,57,15,39,16,28,24,13,56
Lce1m,0,0,0,0,0,0,0,0,0,0,0,0,0
Acyp1,9,5,10,9,11,23,6,18,3,0,5,6,21
Cd302,63,27,30,64,78,123,52,127,59,59,63,33,72
1110059E24Rik,22,43,22,16,27,83,40,64,18,24,29,16,49
Nenf,24,34,31,20,23,51,16,47,10,11,19,15,40
1190002H23Rik,26,15,16,30,38,13,1,11,3,3,17,8,6
Serpinb1a,13,7,7,7,18,4,4,9,2,1,4,6,5
Mrpl35,20,24,11,20,31,54,18,38,21,23,29,12,33
Llph,12,3,5,9,11,21,3,18,7,4,3,9,5
Rpl7l1,76,61,75,130,103,264,85,186,82,63,74,49,89
Mrps28,9,2,4,13,12,18,12,19,4,2,9,3,6
Thoc7,35,42,9,41,32,131,25,92,24,32,47,14,34
Sc4mol,52,98,44,66,61,120,43,137,43,28,74,47,83
Eif1ax,22,18,17,41,27,73,31,54,30,24,37,31,54
Mrps16,12,7,18,13,12,36,13,48,10,6,16,5,30
Nemf,108,73,60,87,104,297,82,214,74,77,96,72,65
Alg5,69,59,67,56,70,137,45,96,34,47,40,46,63
Pno1,25,31,15,30,29,72,28,56,35,24,24,21,35
Taf13,16,12,13,19,37,80,20,41,21,12,29,14,28
Arfgap3,14,11,27,17,23,50,16,55,9,14,23,22,8
Aig1,13,18,20,26,25,58,5,33,19,6,27,10,31
Dimt1,1,4,7,3,7,15,4,9,8,3,7,3,3
Ssr2,48,27,53,62,108,196,73,168,76,62,59,49,93
Nicn1,19,23,19,21,14,43,9,53,8,8,28,12,41
Mrps17,16,16,27,20,38,76,26,52,18,24,20,19,46
Camk2n1,52,26,48,61,54,199,64,154,39,56,72,48,20
Tmem54,0,0,0,0,0,1,0,0,0,0,0,2,0
Tm4sf20,0,0,0,0,0,0,0,0,0,0,0,0,0
Ing5,35,12,27,56,65,117,31,68,30,26,38,34,25
Ccdc28b,6,2,5,6,7,28,8,33,7,9,12,4,16
Eapp,34,24,15,49,53,84,35,81,26,31,31,30,21
Tmed6,3,0,0,0,2,0,0,0,0,0,0,0,0
Tmem126a,22,24,7,12,27,36,15,59,21,13,27,20,39
Cox16,16,27,5,17,36,57,15,34,9,19,25,6,35
1810009A15Rik,9,12,3,17,15,50,7,17,11,4,14,6,27
Tmem218,13,19,20,13,10,49,18,33,15,4,20,8,36
1810029B16Rik,2,3,7,8,6,7,0,7,0,2,0,7,2
Gkn1,0,0,0,0,0,0,0,0,0,0,0,0,0
Gkn2,0,0,0,0,0,0,0,0,0,0,0,0,0
Sec11c,88,81,41,75,115,209,62,176,62,70,73,52,126
Clps,0,0,0,0,0,0,0,0,0,0,0,0,0
1810030J14Rik,0,0,0,0,0,0,0,0,0,0,0,0,0
1810030N24Rik,15,14,5,14,14,41,15,26,8,9,13,8,18
Fam3a,53,29,62,44,35,153,65,137,37,50,49,52,25
Mrps14,10,26,20,25,41,78,28,64,25,9,35,15,52
Haus2,16,21,18,35,29,55,10,62,10,17,21,12,18
Fam82b,23,16,13,12,20,64,16,44,9,21,18,11,22
Isoc1,51,31,34,58,48,124,26,98,35,36,56,59,28
2810021B07Rik,16,9,29,13,4,28,9,32,15,14,19,7,14
Tmem128,62,48,34,39,75,126,45,72,37,25,48,40,80
Smurf2,152,75,101,118,159,392,116,285,83,99,157,121,43
Tpd52l2,78,85,89,74,130,168,61,175,60,62,89,67,92
Mrps22,13,11,10,8,20,24,7,21,12,4,7,15,16
Tmem208,15,22,42,35,42,83,42,74,23,14,30,17,72
1700011A15Rik,0,0,0,0,0,0,0,0,0,0,0,0,0
1700001K19Rik,2,0,0,0,4,1,3,2,4,1,1,5,0
1700010M22Rik,0,0,0,0,0,0,0,0,0,0,0,0,0
Susd3,38,20,97,70,105,271,95,247,70,85,56,78,98
1700020L24Rik,1,0,0,2,2,7,2,1,2,3,5,0,1
Atp6v1c1,162,101,101,156,148,409,133,341,113,129,135,106,182
Cenpp,3,1,4,3,5,5,2,7,3,3,1,2,2
Cdrt4,0,0,0,0,0,0,0,0,0,0,0,0,0
Psenen,1,7,4,3,16,13,9,22,2,8,4,1,11
Eid3,2,6,9,5,11,8,3,6,0,3,1,2,2
Mrpl37,29,25,23,29,27,72,13,74,14,11,35,33,12
Lce3b,0,0,0,0,0,0,0,0,0,0,0,0,0
1700029P11Rik,0,0,0,0,0,0,0,0,0,0,0,0,0
Atp5sl,17,4,23,19,14,75,20,31,25,8,20,12,11
Riiad1,5,4,3,3,0,3,0,3,1,0,2,1,5
Snw1,112,101,108,135,135,321,89,228,93,99,118,74,106
Ostc,86,107,84,85,115,213,85,215,73,87,102,57,191
2310004I24Rik,12,11,18,13,19,60,21,44,16,14,26,18,38
Fam36a,33,28,31,52,29,83,16,61,25,17,41,24,49
Zfand1,5,8,8,7,18,26,10,27,7,7,15,11,5
Exosc3,11,9,8,8,16,33,15,28,9,12,23,13,18
Anapc16,61,33,34,93,104,84,34,109,36,30,45,49,46
Ccdc90b,43,21,32,21,48,96,22,72,26,18,43,27,61
Ergic3,120,135,198,144,177,370,174,298,100,100,139,115,177
Rtcd1,20,19,21,28,23,66,19,61,15,12,25,13,26
Dus2l,14,7,13,17,9,27,14,26,9,17,8,18,15
Chmp4c,0,0,0,3,1,2,0,2,0,0,2,1,1
Lsm5,1,0,0,2,1,0,0,1,0,1,0,0,1
2310011J03Rik,11,10,23,18,31,42,16,51,11,9,18,20,15
Ndufc1,4,27,7,9,8,15,8,25,1,3,15,3,31
Krtap3-3,0,0,0,0,0,0,0,0,0,0,0,0,0
Rnf113a2,12,5,10,18,14,32,15,26,15,11,10,4,9
Iscu,53,17,42,42,57,89,41,97,35,27,38,52,37
Srp19,24,21,16,21,39,70,11,72,28,15,28,8,41
Nudt8,6,1,5,2,4,6,1,3,1,0,1,5,3
Slmo2,49,33,62,71,64,150,46,88,41,24,46,29,39
Prl2b1,0,0,0,0,0,0,0,0,0,0,0,0,0
Ccdc82,45,22,27,42,45,170,27,122,55,50,57,55,38
Sar1b,81,90,65,95,96,215,78,160,72,45,100,69,154
Commd5,13,6,2,1,9,14,11,20,5,4,10,4,12
Tsfm,3,2,7,7,4,19,7,12,4,2,4,11,3
Alkbh7,4,6,3,7,10,15,17,14,3,3,6,3,25
Nudt2,9,13,3,9,12,14,6,17,1,2,13,6,14
Sln,0,0,0,0,0,0,0,0,0,0,0,0,0
Asf1a,15,19,19,13,20,43,17,49,20,13,23,14,26
2410001C21Rik,79,36,93,75,93,209,71,177,45,60,82,58,56
Mcts2,8,6,3,4,7,17,8,14,10,6,6,4,4
Mrps15,7,23,21,29,27,96,25,64,23,25,23,16,34
Aptx,28,23,18,34,48,80,14,65,14,15,18,23,29
Rsl1d1,117,113,82,127,157,275,81,265,73,89,104,61,111
Mterfd1,47,27,31,38,56,120,51,99,33,38,41,43,44
Tbcb,21,25,23,35,47,85,25,70,33,21,23,19,47
Psmd6,77,57,52,80,64,198,48,119,57,54,76,59,74
Ndufa12,6,20,29,40,27,51,22,42,10,4,26,10,45
Mrpl11,18,9,10,30,28,48,28,53,28,4,19,15,26
Polr2e,16,8,54,32,44,69,45,69,36,10,28,25,34
2410004B18Rik,15,12,8,24,14,56,10,40,16,19,19,15,6
2410022L05Rik,10,10,5,4,18,27,7,25,10,11,9,7,14
Pcp4l1,106,187,143,196,173,425,89,319,68,25,256,125,94
Cyb5b,88,90,96,122,107,313,97,246,69,63,147,82,101
1810046J19Rik,18,36,22,40,30,57,26,63,15,12,27,13,51
1810049H13Rik,0,0,5,6,1,6,1,5,2,1,2,0,4
2010012O05Rik,19,4,22,16,17,37,10,39,6,11,10,21,14
Magohb,7,6,5,3,12,8,3,15,5,4,7,2,16
Tnfaip8l1,6,1,4,5,11,4,0,1,2,1,2,4,0
Cyc1,52,49,98,78,100,172,66,138,31,30,80,52,69
Mgst3,3,5,6,5,11,8,2,16,4,3,10,2,17
Mrpl20,24,30,40,47,59,72,39,57,13,6,38,21,65
Pam16,1,0,0,0,1,3,0,3,0,0,2,3,2
2610528J11Rik,0,0,0,0,0,0,0,0,0,0,0,0,0
Pigy,5,19,18,5,21,29,10,32,3,1,32,13,14
Sys1,16,21,28,18,36,42,21,42,8,10,7,8,17
Ptpmt1,15,24,17,39,45,54,28,52,22,18,25,16,25
2810428I15Rik,2,0,3,2,3,4,7,6,3,9,1,4,16
Mrps25,86,61,59,71,75,196,52,168,78,58,107,71,62
Taf12,13,23,17,16,18,64,31,55,24,26,20,27,23
2810405K02Rik,4,10,6,11,19,14,15,16,3,1,12,14,26
Ctrb1,1,0,0,0,0,1,0,0,0,0,0,0,0
Rpl15,48,45,22,54,46,80,27,92,33,19,34,26,59
Rps21,21,27,51,52,100,101,21,59,19,26,25,31,155
Exoc2,70,60,59,78,89,271,61,168,74,65,70,57,55
Rpl36al,23,20,9,22,29,49,19,63,13,8,14,8,35
Acot11,13,27,29,37,31,68,26,64,13,4,40,25,20
Fam136a,12,17,17,17,15,35,10,29,9,14,11,5,15
Polr2l,1,0,2,1,5,13,1,11,1,1,2,3,4
Zmat2,71,71,64,100,91,254,33,170,49,48,78,56,113
Mrpl51,8,27,20,14,30,44,11,44,10,12,22,5,44
Prelid1,15,12,35,34,43,63,30,71,25,19,15,25,35
Ndufb3,21,35,29,24,50,57,35,73,24,17,30,38,69
Ppdpf,5,4,7,7,12,10,9,19,6,4,4,8,4
2610528E23Rik,7,10,2,10,11,18,10,17,2,5,15,11,14
Dda1,20,10,32,34,63,72,20,45,18,16,16,38,13
Ccdc59,24,19,38,17,37,92,26,59,19,17,24,25,23
Psmg3,2,10,4,8,12,19,2,17,7,6,3,4,18
2400001E08Rik,34,30,69,51,57,139,49,105,31,27,38,50,36
Mrpl16,12,25,6,26,29,56,13,50,14,12,14,15,24
Rnf181,26,39,54,46,58,122,44,114,21,20,41,26,67
Tab1,18,3,34,23,31,67,27,56,21,19,15,21,2
Asrgl1,21,22,11,13,12,48,6,52,5,3,14,17,17
Cul7,23,13,41,34,38,60,30,70,20,27,24,40,3
Eid1,76,59,61,76,62,170,62,142,52,41,67,50,71
Rwdd1,3,7,7,4,4,12,4,5,2,5,1,4,7
2810004N23Rik,12,9,14,19,22,50,14,33,25,12,17,10,12
Timm50,16,6,35,26,22,45,22,44,12,20,14,14,22
2210012G02Rik,24,9,37,21,21,70,27,55,15,10,24,14,23
1700019L03Rik,2,1,6,0,2,3,0,12,1,0,1,0,3
Rep15,0,0,0,0,0,1,0,0,0,0,2,1,1
2310050C09Rik,0,0,0,0,0,0,0,0,0,0,0,0,0
Lgals2,0,0,0,1,1,0,0,0,0,0,1,0,0
Nipsnap3b,44,18,32,32,41,102,40,66,27,33,28,24,32
Pomp,87,92,74,97,147,255,72,204,91,76,90,53,170
Fam107b,102,80,49,121,98,395,115,323,97,96,118,84,72
Cox6b1,74,168,104,124,173,194,114,201,77,42,101,72,208
Aggf1,54,44,48,75,67,112,49,119,38,43,56,53,42
Bpifb2,0,0,0,0,0,0,0,0,0,0,0,0,0
Metap1d,14,17,17,20,28,79,12,60,27,12,12,13,15
2310042E22Rik,0,0,0,0,0,0,0,0,0,0,0,0,0
Zwint,44,40,43,38,62,109,26,85,34,36,32,25,49
Ntpcr,107,56,108,129,192,288,95,279,99,104,74,100,125
Rwdd3,5,10,10,3,5,9,0,11,1,0,5,1,3
Gdpd1,16,22,20,17,14,65,20,38,6,15,30,21,15
Uqcrh,113,232,112,167,178,393,150,352,101,54,182,79,371
2610039C10Rik,5,6,4,8,11,24,3,17,3,15,4,7,12
Snrnp40,33,13,17,37,29,87,22,65,23,13,21,19,27
Cmpk1,62,50,37,76,87,180,51,154,58,54,65,46,79
Farsa,37,14,27,41,47,82,31,74,18,21,26,33,24
Mad2l1bp,6,2,12,9,16,52,8,22,5,14,11,9,9
Uqcr11,7,14,21,11,30,37,13,36,9,2,19,9,79
Gtf3a,8,11,14,16,22,48,17,47,13,12,18,12,17
3110001I22Rik,12,7,14,16,20,55,12,29,12,20,11,13,8
Rdm1,15,9,8,14,19,31,17,47,11,7,10,10,10
Tmigd1,0,0,0,0,0,0,0,0,0,0,0,0,0
Sip1,3,1,2,3,11,11,7,22,3,8,12,3,4
Ms4a4d,0,2,0,0,1,0,0,0,0,0,0,0,0
Abi3,154,59,249,136,230,555,263,561,239,194,167,206,70
Ribc1,2,6,10,8,1,2,0,2,1,0,3,0,0
Ormdl3,29,56,46,44,38,106,45,98,37,23,41,36,45
Pigk,121,97,90,104,143,269,90,247,90,93,106,70,91
Snx9,31,25,37,37,29,99,18,68,22,18,27,20,9
Snrnp27,29,28,19,24,25,50,11,46,12,19,23,15,32
Ubr7,51,19,30,42,46,104,30,76,32,29,42,12,35
Tmem222,27,26,39,35,59,122,40,99,27,23,37,34,47
Spcs2,170,125,125,192,202,492,147,453,143,126,184,126,271
Sfrs18,111,94,82,131,178,366,108,332,109,88,138,145,79
5730403B10Rik,119,88,81,111,143,344,103,286,89,94,136,117,73
Ogfod2,12,2,15,3,14,28,10,22,8,4,11,4,3
Golph3,179,144,117,252,219,556,131,419,110,129,204,108,96
Atpbd4,24,18,22,21,19,64,11,41,12,18,23,22,23
Mcm8,3,1,6,1,4,2,3,6,6,9,2,4,4
Tsen15,5,7,4,10,8,29,7,11,4,4,7,8,10
Sike1,28,15,23,12,30,83,28,74,14,25,28,25,39
Ctnnbl1,27,26,27,34,41,101,23,94,21,15,29,17,20
Pspc1,43,30,38,59,61,169,33,111,44,52,50,41,27
Rpe,51,43,28,45,53,177,25,133,46,51,54,30,76
Nepn,0,0,0,0,0,0,0,0,0,0,0,0,0
Col27a1,220,43,226,216,273,734,254,674,220,288,156,314,21
Brf2,7,0,7,6,3,21,7,6,4,2,5,4,4
Tex12,1,0,0,0,3,1,0,4,0,0,0,0,0
Ccdc51,4,3,3,4,6,23,5,11,6,5,6,3,9
Sltm,90,64,54,101,130,345,73,268,68,71,83,89,62
Srp72,146,128,113,172,152,356,125,341,98,125,157,107,119
Uba5,64,29,48,54,58,197,64,129,50,62,61,57,45
Tmem41a,5,6,3,10,5,13,7,17,8,7,6,9,9
Smc6,80,88,59,97,100,282,60,204,101,69,97,78,46
Sorcs3,0,0,0,0,0,0,0,0,0,0,0,0,0
6330409N04Rik,18,23,26,25,27,54,18,33,12,12,15,10,32
Tmed7,408,304,289,343,283,851,303,747,284,299,346,249,260
3230401D17Rik,22,5,7,18,18,42,2,31,13,10,13,16,11
Pgm1,42,34,35,59,76,73,28,61,22,31,32,28,16
Trappc5,17,5,20,16,22,40,13,47,15,10,16,15,12
Dcbld1,2,5,0,3,2,10,1,6,2,3,5,4,1
Tbc1d15,142,93,77,163,175,241,84,216,84,68,97,91,95
Klhl28,28,11,13,16,23,51,19,37,28,16,30,14,27
Tmem186,12,18,11,7,14,17,13,44,12,12,14,14,13
Gapvd1,179,103,103,156,164,549,157,434,157,145,204,153,94
Uqcrfs1,65,72,54,99,87,188,54,214,31,52,82,43,103
Snx31,0,0,0,0,0,0,0,0,0,0,0,0,0
Spryd4,13,7,7,7,0,11,3,22,5,9,4,7,6
Rbm4b,10,6,5,8,10,31,16,20,6,6,19,15,12
Dnase1l2,1,2,2,0,6,6,2,6,2,2,2,7,2
Nkapl,0,0,0,1,1,0,0,0,0,0,0,0,0
Krtap3-2,0,0,0,0,0,0,0,0,0,0,0,0,0
Spesp1,0,0,0,0,0,0,0,0,0,0,0,0,0
4921524J17Rik,13,11,10,9,10,27,10,33,6,15,15,12,19
4921510H08Rik,0,0,0,0,0,0,0,0,0,0,0,0,0
Ccdc96,5,1,2,1,3,14,1,5,0,0,7,0,1
Klhl10,0,0,0,0,0,0,0,0,3,0,0,0,0
Tab3,56,37,11,37,54,131,35,80,37,43,40,26,23
Lrrk2,52,123,57,101,92,215,56,106,30,0,129,54,60
Hrasls5,0,0,0,0,0,0,0,1,0,0,0,0,0
Ankrd61,3,0,5,0,1,4,0,2,1,1,3,4,0
4921530L21Rik,0,0,0,0,0,0,0,0,0,0,0,0,0
Kcng4,0,1,0,1,1,0,0,2,0,0,0,0,0
Map1lc3a,27,49,72,58,89,116,45,96,24,23,58,35,32
Ttc35,62,104,36,80,97,210,58,207,53,53,101,50,123
4931417E11Rik,0,0,0,0,0,0,0,0,0,0,0,0,0
Rnf220,33,9,31,49,67,138,36,104,32,48,48,59,19
Ccdc104,51,102,35,60,64,140,46,127,33,14,70,47,66
Trpd52l3,0,0,0,0,0,0,0,0,0,0,0,0,0
4933404M02Rik,6,7,1,2,6,9,5,15,3,0,5,1,7
Erlec1,89,101,68,102,83,206,84,152,53,63,97,66,27
4933415F23Rik,0,0,0,0,0,0,0,0,0,0,0,0,0
4933411K20Rik,38,27,33,32,49,106,24,91,38,37,44,34,31
Adat2,5,1,8,6,5,16,3,6,4,4,3,5,5
Zfp474,0,0,0,2,0,8,0,4,0,0,0,0,1
4933417A18Rik,0,6,0,0,1,5,0,2,0,0,1,2,1
4933425L06Rik,0,0,0,0,0,0,0,2,1,0,0,0,0
4933411K16Rik,0,0,0,0,0,0,0,0,0,0,1,0,0
4933425O20Rik,0,0,0,0,0,0,0,0,0,0,1,0,0
Pacrgl,10,4,0,10,3,30,6,8,5,6,10,6,14
4933439F18Rik,28,17,24,31,44,73,46,82,45,25,57,32,12
Asb17,0,0,0,0,0,0,0,0,0,0,0,0,0
Speer4d,0,0,0,0,0,0,0,0,0,0,0,0,0
Ptplad2,29,14,13,28,31,85,18,47,21,38,34,21,29
4933434E20Rik,66,78,81,78,103,217,75,162,66,64,94,51,124
4933436I01Rik,0,0,0,0,0,0,0,0,0,0,0,0,0
Fam187a,0,0,0,2,0,2,0,0,0,0,1,0,0
Grtp1,1,0,2,2,1,2,2,0,0,0,2,0,0
Efcab1,7,22,12,30,19,64,20,29,6,0,34,19,50
Atg10,21,13,11,14,11,28,12,26,7,9,12,11,21
Dtnbp1,14,12,28,28,49,91,29,65,33,20,24,22,22
Ube2w,90,51,43,64,77,173,56,127,46,48,65,48,80
Prkrip1,16,3,18,8,23,26,8,30,8,8,10,10,17
Rbm22,69,19,56,73,93,173,55,142,41,65,57,61,26
Duoxa2,0,0,0,0,0,0,0,0,0,0,0,0,0
Bcl2l14,1,0,0,0,1,0,0,0,0,0,0,0,0
Ccdc109b,6,2,2,0,3,7,3,4,2,2,6,8,5
Thap2,17,15,14,12,19,32,13,45,15,8,23,9,12
Chmp3,105,99,89,140,146,316,98,286,104,111,126,84,125
Bcs1l,18,6,7,14,29,51,13,38,8,12,13,10,17
Fbxo25,21,12,16,13,33,58,20,40,17,26,34,23,20
Rnf186,0,0,0,0,0,0,0,0,0,0,0,0,0
Nacc1,46,23,59,81,90,220,83,161,49,56,56,74,16
Rsph3a,3,1,2,2,2,11,1,3,1,1,5,1,2
Acot13,10,44,22,31,27,83,16,72,20,12,35,21,40
Tmem223,11,6,19,14,21,20,9,26,3,9,9,6,39
Wdr45l,103,60,82,132,172,313,90,225,105,112,84,63,84
Etfdh,82,82,70,95,85,217,74,181,43,44,110,51,94
Mrpl33,14,14,21,10,40,43,18,44,14,4,18,5,34
Hint3,8,5,6,8,6,16,5,29,8,7,15,1,13
Fuca2,200,154,148,152,170,420,152,330,125,141,165,103,160
Ppp1r2,82,71,81,68,108,190,52,135,37,43,58,64,32
Plbd1,23,6,24,46,15,70,17,31,22,4,21,14,23
Slc16a9,63,84,60,51,64,126,38,113,28,12,78,44,54
Lztr1,48,30,29,39,56,120,57,127,47,30,34,50,32
Clec14a,3,3,4,6,3,79,25,75,23,19,67,7,29
Nhlrc2,42,23,26,42,36,105,24,99,26,35,42,41,20
Hmg20a,73,33,63,68,77,242,90,244,70,59,88,74,59
Mfsd1,194,94,125,183,185,517,164,367,149,174,145,132,93
Cpne8,17,18,18,22,37,11,1,14,6,3,22,23,7
Tax1bp1,341,355,233,441,420,789,192,653,193,170,351,258,239
Tril,0,0,0,5,0,14,3,9,2,1,5,2,1
1200014J11Rik,130,52,66,85,96,265,102,232,83,89,79,73,50
1200016B10Rik,48,15,20,15,33,95,27,105,35,26,39,31,29
Crnkl1,54,35,28,39,37,126,56,124,37,41,30,36,49
Carhsp1,40,11,20,53,56,82,24,75,21,19,28,23,11
Rsrc1,30,22,36,50,31,80,24,65,20,27,40,33,24
Pcyox1,130,98,96,135,90,354,110,337,115,134,141,95,105
Bzw1,262,216,158,338,368,772,193,519,199,221,212,210,258
Appbp2,73,55,48,74,65,193,42,127,49,45,64,60,27
Acadsb,98,205,93,170,128,292,95,252,64,57,206,83,148
Lman2,213,117,190,205,211,438,172,425,137,135,178,170,139
Eif4e3,25,14,29,26,39,92,20,92,25,43,34,18,19
Wwp2,68,35,74,72,91,210,60,167,46,54,56,71,25
1300014I06Rik,16,9,24,14,27,32,17,50,13,16,10,18,6
Naa16,21,16,16,27,30,89,41,97,35,27,35,24,22
Baiap2l1,9,30,21,24,25,62,15,64,9,8,39,26,8
Proz,4,3,0,1,4,7,1,3,4,6,0,2,0
Pccb,43,48,72,67,65,181,42,112,29,33,44,47,47
Plin3,23,30,41,30,39,78,20,65,24,6,37,17,20
Mpi,65,35,47,67,65,249,69,179,69,66,78,52,76
Tmem107,1,11,8,6,9,19,3,34,1,1,11,6,11
Nudt16l1,26,24,73,34,60,103,36,106,33,34,32,38,67
Bzw2,8,8,14,20,33,40,11,37,9,12,9,14,13
Kdelr2,69,37,76,63,63,166,71,155,56,41,64,53,50
Vps28,55,59,104,90,124,181,62,189,50,50,69,77,143
Ndufb7,11,23,51,18,47,51,31,57,12,13,23,26,83
Chordc1,101,86,70,72,96,309,97,292,118,126,118,78,173
Prpf38b,255,110,80,198,197,686,155,481,170,200,186,163,83
Rras2,33,23,17,35,38,79,31,70,34,31,40,17,23
Sdhd,69,110,91,107,135,256,115,228,64,54,92,62,193
3110001D03Rik,10,10,8,8,10,16,5,28,2,8,6,11,19
Fank1,0,2,2,3,4,8,1,10,1,0,2,2,1
1700010I14Rik,2,2,3,2,4,5,1,8,0,4,3,5,3
Rexo1,22,6,44,46,42,99,33,82,27,36,21,37,1
Dsn1,13,13,2,10,11,17,6,21,8,7,8,4,3
Cir1,4,1,1,2,3,6,6,7,7,6,7,3,6
Echdc1,59,64,27,48,67,116,34,120,40,46,61,30,40
Aagab,90,58,72,116,105,340,102,211,97,93,106,86,82
Shisa5,155,100,183,205,181,308,126,306,98,119,143,119,76
Ddx18,20,20,14,22,10,35,11,41,12,20,11,10,18
Acad8,77,182,140,157,148,264,65,235,51,24,136,63,179
Trim59,5,2,0,4,5,20,7,10,9,5,5,9,7
Tmem206,122,70,155,125,148,484,146,440,117,162,132,140,126
2310030G06Rik,1,12,1,3,3,8,3,12,0,0,11,0,3
Cdca7,15,7,7,8,16,18,12,16,15,13,6,19,14
Serpinb11,0,0,0,0,0,0,0,0,0,0,0,0,0
Tmx2,16,42,29,38,23,76,25,81,29,24,31,17,58
Dusp26,2,0,0,0,1,8,0,2,0,0,1,0,1
2310047B19Rik,14,5,2,4,5,16,5,23,0,2,12,7,5
Golt1b,59,20,32,29,42,147,39,93,36,46,47,30,58
Trit1,91,30,75,73,58,132,39,124,30,54,53,53,29
Cdk5rap1,35,9,27,27,49,48,17,61,16,12,25,18,26
Slc25a23,29,26,27,44,40,108,27,120,21,21,49,46,7
Mrps18b,16,8,3,14,10,28,3,18,4,10,10,8,5
2410002F23Rik,35,11,21,39,43,67,22,46,14,15,24,19,5
Pole4,46,46,35,63,89,164,37,113,21,32,48,26,66
Zfp830,28,22,13,18,23,36,18,38,11,13,17,13,18
Med19,34,33,35,34,40,109,27,81,27,34,40,25,26
Rassf7,0,1,0,3,0,8,1,5,3,0,3,5,1
Rab5a,140,89,58,102,130,262,89,237,89,95,126,69,74
Kctd20,73,31,63,86,82,217,64,170,54,61,60,66,33
2410004A20Rik,2,0,0,0,0,2,0,0,0,0,0,0,0
Smarcd3,7,1,4,4,5,21,12,15,5,5,6,3,1
1500031L02Rik,3,19,7,11,7,24,4,20,3,4,14,6,12
Psmd12,80,89,61,97,126,234,56,196,47,67,108,53,84
Med28,36,14,35,38,46,83,34,81,22,28,37,14,57
Prl3a1,0,0,0,0,0,0,0,0,0,0,0,0,0
Napa,70,37,146,98,181,383,106,279,70,75,90,127,54
Uqcrc2,181,289,178,241,301,572,199,478,144,140,241,130,346
Dek,195,161,68,162,211,528,128,351,137,157,174,153,121
Polr3k,29,54,15,21,34,80,19,74,22,17,43,26,38
Cisd2,65,60,67,99,89,234,61,159,47,33,89,53,58
Ifrd2,4,1,8,4,9,15,6,10,3,4,6,1,1
1600012F09Rik,15,11,7,11,15,32,14,34,16,5,16,11,15
Mettl6,25,19,25,29,40,82,29,62,22,30,21,6,30
Oma1,48,30,52,54,49,167,54,105,54,51,49,36,48
Mina,37,11,27,32,30,73,19,45,17,32,31,21,11
Ccdc91,21,23,9,18,28,64,8,58,14,8,27,5,18
2010011I20Rik,55,53,52,61,49,111,32,106,18,18,64,27,21
Actr6,15,42,7,9,32,62,15,40,15,12,29,11,45
Tmem88,12,19,17,22,25,31,11,33,18,7,15,13,37
Ccdc43,36,21,22,12,27,67,16,38,8,21,20,16,24
Rpl11,0,0,0,0,4,2,1,2,1,0,1,1,2
Thap4,22,22,30,35,39,63,21,58,24,8,24,19,32
2610002M06Rik,38,47,20,37,16,76,16,55,30,19,59,22,19
Itpa,8,5,4,18,10,39,8,32,21,8,17,9,9
Fancl,40,18,21,38,49,111,39,81,39,36,39,28,39
Upf3a,19,5,15,21,31,91,18,52,17,16,20,18,9
Dnajb4,190,147,115,307,267,885,240,536,164,219,181,184,186
Mrpl45,17,18,21,25,26,47,27,40,10,14,18,9,17
Pmf1,1,1,2,7,8,11,4,8,3,3,1,5,2
2010109I03Rik,2,1,4,5,5,14,1,0,0,0,2,7,0
Ift27,8,7,7,4,15,26,11,15,4,2,10,13,13
Syap1,107,113,52,139,140,302,68,198,72,53,98,63,78
Higd2a,36,32,76,51,76,116,54,128,43,24,45,42,131
Riok2,41,24,27,58,44,173,40,94,40,44,50,33,40
Tbc1d7,6,9,7,9,7,14,4,13,3,4,3,6,5
Rars,72,62,59,76,104,179,61,167,52,58,52,50,80
Nkap,50,25,30,16,35,122,36,74,34,29,47,19,25
Rpp14,30,36,23,23,32,104,19,67,31,33,25,15,56
Paics,122,104,86,140,148,294,118,247,72,56,132,74,124
Ola1,50,57,41,44,50,111,22,86,33,25,48,31,51
Dzip1,3,9,0,11,4,24,1,20,2,2,5,5,1
2810432L12Rik,5,12,5,14,12,27,3,29,2,1,16,4,7
Dynlrb1,44,76,73,64,126,177,75,122,58,39,85,48,145
Lsm14a,177,116,132,220,205,480,153,414,168,158,184,113,89
Rps6ka6,2,0,1,9,3,5,1,6,0,0,3,1,1
Cdc37l1,40,62,31,51,44,148,36,100,32,26,60,26,30
1700011H14Rik,0,0,0,0,0,0,0,0,0,0,0,0,0
Ceacam14,0,0,0,0,0,0,0,0,0,0,0,0,0
Cand2,26,10,32,23,26,68,24,53,21,16,28,29,39
Psmc6,116,133,82,138,164,336,107,254,114,104,115,77,147
Trappc6a,2,1,10,13,6,6,8,15,1,1,1,4,11
Gatm,169,80,109,133,196,323,115,274,119,125,120,84,96
Mmachc,14,18,12,21,20,48,9,57,10,23,22,17,17
Rps10,2,0,4,1,3,5,2,5,2,2,6,1,1
Mettl21a,19,26,30,18,26,66,23,59,15,22,33,11,35
Ssr1,306,208,219,275,258,681,229,593,189,215,288,195,223
2310039H08Rik,2,6,1,0,4,3,3,3,0,1,1,2,5
D16Ertd472e,30,24,14,41,54,40,13,29,17,7,14,22,12
Ptgr1,14,9,14,17,37,50,19,41,9,12,5,16,25
1700034H14Rik,32,20,17,30,22,55,22,52,24,25,17,17,28
Zbtb8os,11,3,1,6,8,7,3,10,11,4,6,1,2
Rpl14,22,39,60,38,118,75,35,77,31,32,45,30,119
Dynlt3,155,232,136,203,214,372,114,332,99,66,199,93,232
Ttc14,96,105,42,85,123,271,76,229,61,56,93,96,47
Mastl,2,0,0,2,3,13,4,6,0,2,2,3,6
Nrarp,4,1,10,2,5,21,9,16,5,4,12,8,3
Tspan31,157,124,154,177,192,373,161,327,143,119,150,117,187
Atp5e,40,65,47,68,89,143,57,92,33,22,55,27,165
Lce1a1,0,0,0,0,0,0,0,0,0,0,0,0,0
Ube2g1,65,70,50,71,61,235,56,154,71,53,68,50,62
Ndufa6,23,38,47,28,42,87,32,70,29,19,36,26,77
Acbd4,5,8,23,12,15,34,14,19,3,1,23,18,6
Gp2,0,0,0,0,0,0,0,0,0,0,0,0,0
Bpifa5,0,0,0,0,0,0,0,0,0,0,0,0,0
Kbtbd4,12,19,29,22,25,62,16,74,10,24,28,23,26
Herc6,114,103,72,116,142,173,59,160,50,57,60,69,35
Mis12,33,23,19,17,23,103,24,105,33,40,58,20,46
Efhd2,381,142,468,624,797,1327,447,992,296,370,249,404,133
Fbxo5,9,6,1,2,2,14,0,16,3,9,4,1,2
Tomm34,60,23,51,56,75,152,56,139,40,45,51,51,28
Fam103a1,11,18,11,25,28,61,9,36,16,12,19,10,36
Nkain1,0,3,2,0,0,9,0,1,0,0,4,0,0
Rnf141,9,6,5,5,12,24,12,10,8,14,10,7,10
Psmd9,10,9,21,10,23,54,12,30,9,10,13,9,28
Rnaseh2b,15,14,10,11,10,29,9,24,13,22,11,12,8
Mtdh,468,252,252,381,368,1233,316,882,339,318,392,265,183
Nt5c3,90,70,37,56,97,83,25,45,24,11,34,25,40
2610301B20Rik,40,30,34,25,17,57,20,59,14,9,41,21,36
Sft2d3,7,8,5,4,4,14,2,11,3,7,10,4,3
Eef1g,45,23,47,49,61,112,33,125,27,23,57,40,34
Ccdc47,211,169,134,176,197,432,148,454,139,155,224,125,196
Lipt2,3,0,7,1,3,8,1,8,2,2,0,6,1
Arl8b,274,125,132,242,243,786,198,531,201,222,187,166,171
Nradd,5,5,10,2,7,13,12,15,3,1,1,4,7
Dram2,235,180,100,191,242,398,129,328,143,163,160,101,247
Cdt1,3,2,7,7,13,22,7,23,5,5,5,10,3
Zmat5,11,4,26,11,14,32,11,23,8,5,3,12,6
Ctdnep1,62,33,67,80,86,167,60,161,50,49,40,66,11
Zmynd19,3,11,1,4,2,15,3,6,5,3,1,3,3
Nudcd2,6,17,12,17,22,38,8,39,14,11,15,7,26
Ube2t,0,0,1,0,2,0,0,0,4,1,0,0,0
Zcrb1,30,16,14,18,43,71,23,60,18,16,31,27,28
Pfdn1,13,21,21,29,29,56,20,39,20,5,29,20,34
Ccdc77,8,8,12,8,14,48,11,32,10,17,5,10,9
Glod4,69,94,47,102,107,205,69,171,68,50,95,48,129
Eif2s2,72,58,62,70,94,118,41,137,27,49,64,50,72
Utp11l,48,30,21,49,34,98,40,81,47,41,30,29,46
Lsm1,13,11,11,15,11,34,10,33,5,5,14,14,11
Gatad1,25,18,24,42,41,75,28,77,37,34,50,11,15
Armc10,45,19,6,37,21,58,29,74,24,10,35,24,30
Mrpl55,2,9,19,5,11,24,11,9,9,3,7,6,16
Cmtm6,820,304,679,684,805,2523,888,2035,819,848,725,702,601
2810055F11Rik,3,1,2,1,2,5,0,4,3,0,1,0,0
Med18,0,3,2,0,0,9,2,3,2,0,1,0,5
Srfbp1,20,17,23,24,28,56,13,61,25,26,23,23,15
Rrp15,8,7,11,21,17,27,17,22,7,13,10,6,11
Med29,8,5,8,27,16,39,9,21,7,9,9,16,6
Wdr85,17,9,12,8,18,40,12,32,9,14,14,14,16
Prpf18,64,52,34,72,57,142,38,148,33,52,65,44,49
Zfp329,11,18,5,7,12,42,10,43,21,10,15,30,18
Rnf219,11,7,6,6,12,38,7,22,15,7,6,13,11
Cinp,21,11,6,11,13,27,15,37,9,9,17,15,17
2810453I06Rik,25,13,16,39,38,70,14,62,20,13,20,24,7
Gemin6,5,4,8,6,6,15,5,9,7,2,2,3,12
2810474O19Rik,212,120,116,195,196,452,96,342,134,117,133,169,36
Rpl39,31,14,15,34,29,56,9,57,14,18,12,8,30
Cap2,1,2,0,3,20,6,0,4,1,2,12,3,4
Zfp422,38,28,31,23,32,94,32,98,32,25,46,18,31
Lass4,24,59,51,46,50,94,35,82,33,2,62,40,47
Ndufb8,27,60,37,54,50,105,25,110,34,18,44,25,93
Fam69a,69,94,50,65,67,192,59,133,39,20,115,34,76
2900010M23Rik,3,2,12,14,8,17,7,15,4,5,5,23,25
Myl12a,182,144,199,266,361,411,107,387,97,74,131,125,253
Mrpl42,24,33,20,28,31,62,29,43,24,13,29,17,69
Cmtm5,1,1,5,1,3,15,1,2,1,0,2,0,7
Eri1,42,20,37,44,41,95,28,102,50,52,40,22,36
Med31,14,11,10,13,35,26,7,23,11,10,10,14,16
Slc25a19,24,9,11,22,16,46,13,32,9,10,14,15,6
Cwc27,28,10,12,18,31,53,16,52,24,15,20,14,13
Rabl5,9,18,23,25,14,46,10,44,8,2,22,5,35
Srek1ip1,28,29,27,26,37,95,34,75,21,21,32,19,68
3110040N11Rik,8,5,5,6,8,10,2,14,3,2,4,5,12
Ikbkap,71,42,37,46,65,143,45,103,30,55,62,46,35
Mrps24,6,10,11,6,16,29,12,15,7,5,6,6,18
Gprasp1,175,153,137,190,157,682,194,633,222,130,291,156,110
Dock7,164,153,84,145,137,429,120,271,112,86,157,88,79
Zc3h13,95,30,44,58,73,255,47,178,68,61,74,56,19
Pbld2,0,0,0,2,3,0,0,2,0,0,0,0,0
Nanp,0,0,0,0,0,0,0,3,0,0,0,0,0
1700022I11Rik,0,1,0,0,2,2,0,0,0,2,0,0,0
Iqcf4,0,0,0,0,0,0,0,0,0,0,0,0,0
1700037H04Rik,4,8,4,9,3,22,6,8,3,3,2,5,6
Lyzl1,0,0,0,0,0,0,0,0,0,0,0,0,0
Atp8b3,0,0,0,0,0,0,0,0,0,0,0,0,0
Snrpd3,34,36,31,33,65,112,30,80,29,22,37,27,52
1700054O13Rik,0,0,0,0,0,0,0,0,0,0,0,0,0
1700065I17Rik,0,0,0,0,0,0,0,0,0,0,0,0,0
Herc4,106,48,46,117,94,301,62,244,95,94,112,100,68
Daam1,51,76,24,66,67,198,33,129,29,14,85,75,30
Tmco5,0,0,0,0,0,0,0,0,0,0,0,0,0
Dr1,104,52,54,47,54,196,46,129,45,45,96,52,43
Zkscan6,30,15,20,39,41,85,32,55,22,16,26,19,18
Hdhd1a,0,0,0,0,0,0,0,0,0,0,0,0,0
Tmed11,0,0,0,0,0,0,0,0,0,0,0,0,0
Gcfc1,115,67,43,62,108,368,102,266,81,60,89,114,50
Qpctl,11,4,28,12,18,30,19,38,10,9,16,16,7
Zfp606,36,30,15,26,24,80,25,77,22,27,22,23,20
Gtf3c6,17,18,16,34,35,68,17,54,24,20,37,20,32
Eif2s1,68,45,40,77,102,195,47,134,45,37,54,48,83
Hat1,67,52,38,37,72,142,43,89,31,54,49,44,61
Bbs2,24,15,7,28,23,75,21,52,12,11,23,21,17
Med4,10,15,8,14,20,51,14,28,16,6,15,17,21
2410127L17Rik,1,0,0,0,0,3,2,3,0,6,4,0,0
Bag4,26,22,17,28,21,106,21,62,23,26,41,21,10
Hmgn3,27,47,14,29,40,66,16,61,10,6,39,20,56
Unc50,53,48,39,48,66,142,34,123,38,56,47,30,63
1110008F13Rik,43,35,30,93,84,168,65,124,48,49,48,29,49
Fam132a,6,20,14,19,8,26,9,26,3,2,14,8,14
Fundc2,38,82,22,52,45,114,37,104,34,28,75,46,96
Erp29,113,75,161,165,204,417,207,404,142,174,138,134,171
Txndc8,0,0,0,0,0,0,0,0,0,0,0,0,0
Cylc1,0,0,0,0,0,0,0,0,0,0,0,0,0
Kctd16,0,0,0,0,0,0,0,0,0,0,0,0,0
4930449I24Rik,0,0,0,0,0,0,0,0,0,0,0,0,0
Wdr13,49,46,27,69,77,166,39,130,46,29,47,66,17
6330407J23Rik,0,0,0,1,0,0,0,2,0,0,0,0,0
Ears2,9,3,11,4,14,15,21,18,8,5,10,4,4
Ppil4,70,62,39,50,64,188,47,139,53,64,51,43,56
3632451O06Rik,4,7,3,6,4,8,1,7,2,0,4,1,2
Far1,248,175,155,241,288,511,139,416,158,196,167,186,139
Dhdds,49,24,70,36,49,114,31,110,35,22,37,30,25
Eps8l1,43,11,0,23,30,5,51,98,12,13,16,24,10
Rps20,55,69,61,79,127,139,50,158,51,68,54,37,120
4921536K21Rik,3,0,2,4,1,8,1,8,3,0,1,4,0
Hoga1,1,0,1,5,6,2,0,7,3,0,1,2,1
Mrpl10,32,24,29,42,29,80,35,84,19,34,30,30,30
Ssr3,376,249,215,374,375,759,244,706,227,259,312,226,299
Xab2,44,21,66,63,67,160,63,94,49,42,35,60,39
Mtpap,68,47,42,72,63,169,53,134,47,61,80,38,55
Isoc2b,9,5,7,5,10,22,6,14,7,8,8,3,14
Retsat,31,20,43,36,50,76,42,73,21,17,33,31,28
Map1lc3b,77,52,76,84,126,182,72,204,63,68,76,86,58
C1qtnf4,0,0,0,0,0,0,0,0,0,0,0,0,1
Plxdc2,752,301,534,569,539,1903,541,1526,555,653,608,555,225
Pkp2,5,13,0,8,4,13,1,12,2,0,9,3,2
Pnpla8,105,105,58,110,97,258,87,220,99,75,100,79,99
Slc25a46,51,71,52,64,68,239,61,173,54,45,91,52,43
Ikbip,12,18,23,15,12,34,7,27,8,9,22,5,8
Klhl13,14,24,20,29,22,50,15,48,10,9,31,22,28
Ergic2,94,124,68,105,125,261,57,225,77,81,126,76,84
Frmd8,61,18,96,59,59,156,59,136,50,62,40,53,17
Ergic1,108,57,92,93,104,228,83,207,84,46,96,80,36
Nvl,50,19,16,50,23,128,33,103,28,37,49,40,25
Decr1,57,51,33,51,54,138,29,109,16,29,63,31,48
Poc5,19,8,8,14,18,35,11,44,14,22,15,13,15
Entpd4,28,39,38,30,23,91,33,74,15,12,44,38,19
Sf3a1,92,40,70,83,93,300,85,226,64,82,90,95,14
1200011I18Rik,74,57,40,59,53,152,45,137,46,53,75,39,37
Abhd5,28,25,26,30,26,97,25,89,30,14,31,39,39
Abcg8,0,0,0,0,1,0,1,3,0,0,0,0,0
Gpatch1,20,6,16,13,18,67,10,43,18,15,14,18,6
Mtfr1,36,46,22,42,45,96,32,103,25,14,64,39,61
Slc47a1,0,0,0,0,0,0,1,0,0,0,2,0,0
Ero1lb,35,41,27,41,40,137,36,112,39,28,48,37,34
Abhd15,146,37,108,60,89,104,60,123,68,68,53,66,14
Cwc25,28,22,29,52,44,124,26,75,26,21,29,26,13
Ankzf1,35,13,28,31,38,89,38,97,25,34,28,48,14
1700028P14Rik,2,8,4,7,5,18,8,12,8,0,7,9,5
Eepd1,17,10,13,18,21,75,21,35,10,18,18,17,10
Dhx40,99,93,71,96,134,205,63,196,72,50,97,80,56
Calcoco1,43,47,62,88,79,160,75,154,37,40,72,56,27
1810074P20Rik,101,59,41,96,105,300,66,247,81,80,83,74,67
Atic,65,27,59,54,45,116,52,89,29,43,40,28,33
Mettl16,35,22,24,43,44,98,21,90,26,41,49,25,29
Tmem167b,66,67,58,89,99,192,55,150,61,50,94,67,93
Kcnv1,0,0,0,0,0,0,0,0,0,0,0,0,0
Ccar1,159,106,84,131,153,353,109,333,99,111,133,118,59
Ahi1,15,34,17,27,13,69,19,35,13,2,19,18,16
Rnf151,0,0,0,0,0,2,0,0,0,0,0,0,0
Prl7c1,0,0,0,0,0,0,0,0,0,0,0,0,0
1700019N19Rik,0,0,0,0,0,0,0,0,0,0,0,0,0
1810063B07Rik,10,6,14,14,11,28,10,18,9,4,8,8,12
Fam18b,49,95,59,73,69,170,49,144,44,33,68,58,102
Tmed9,125,100,179,159,260,367,141,307,135,115,145,118,160
Agpat2,7,9,8,21,12,26,11,19,13,7,10,9,5
Ttc33,33,57,20,44,32,109,33,77,25,36,37,39,55
Kctd4,0,0,0,0,0,5,0,3,0,4,0,0,2
Atg12,88,47,52,90,95,183,46,143,64,49,90,71,76
Fgfr1op2,110,63,59,87,109,247,68,235,98,87,128,83,74
Uqcrb,28,85,18,47,79,128,27,104,32,26,64,25,116
Mfap1a,22,20,17,41,32,62,21,68,22,16,36,23,14
Ccdc39,23,72,16,24,28,90,22,49,14,7,31,42,19
Glipr1l2,0,0,0,0,0,0,0,0,0,0,0,0,0
Cog6,42,23,27,35,40,106,23,113,29,27,58,32,31
Gpr89,29,29,26,19,21,50,25,29,15,24,30,16,29
Gstcd,25,18,10,21,30,57,14,43,9,20,18,15,15
Slc25a30,39,18,18,36,41,76,23,56,16,25,24,19,23
4933434I20Rik,0,0,0,0,0,0,0,0,0,0,0,0,0
Pigm,47,34,15,31,38,97,28,109,31,32,43,38,22
Larp6,0,1,2,0,0,3,0,4,3,0,0,0,0
Wdr48,86,53,57,63,91,227,77,186,71,66,69,61,52
Narfl,13,23,48,38,27,67,37,48,16,20,28,28,15
Tmem35,5,22,3,7,10,32,16,21,3,0,19,3,25
Gramd3,9,8,8,14,8,23,7,6,2,3,12,8,11
Ankrd39,7,1,0,9,5,8,4,28,5,3,3,3,1
Mrfap1,126,97,110,106,117,369,99,324,106,113,140,63,117
Slc39a9,114,115,79,100,111,300,112,309,92,68,137,94,86
Mrpl49,27,27,23,38,39,81,28,81,20,27,50,31,35
4930430A15Rik,0,0,0,0,0,0,0,0,0,0,0,0,0
Gin1,6,16,3,7,9,31,11,18,10,11,10,7,9
Patl2,1,0,0,0,2,3,1,1,0,0,0,0,0
Cpeb4,87,42,60,78,82,282,30,173,65,50,95,56,24
Lrrc18,2,1,0,2,0,12,3,12,1,0,4,2,0
Tbc1d23,154,66,102,104,144,446,88,270,107,124,105,124,68
Slc25a26,5,11,5,13,8,37,10,21,7,4,4,1,4
Poteg,0,0,0,0,0,0,0,0,0,0,0,0,0
Ubxn11,7,14,35,18,15,33,15,32,5,1,4,16,23
Tctn3,25,15,8,17,14,93,25,48,14,28,19,22,13
Ubl4b,0,0,0,0,0,0,0,0,0,0,0,0,0
4930524B15Rik,0,0,0,1,0,0,0,0,0,0,0,0,0
4930519G04Rik,0,0,0,0,0,0,0,0,0,0,0,0,0
Necap1,79,49,42,77,83,230,50,164,44,33,51,57,29
Dusp6,633,231,381,620,468,1395,521,1426,463,493,597,455,404
Akt1s1,9,9,17,14,12,43,8,39,8,3,10,14,3
Fibin,0,1,0,0,0,0,0,1,0,1,0,0,0
Narf,60,42,36,44,53,183,38,158,40,55,58,56,49
4930453N24Rik,28,24,24,28,37,76,34,56,24,9,26,14,25
Rspry1,61,37,47,52,60,141,32,140,43,49,53,40,40
Ube2r2,73,47,81,74,75,214,50,189,58,55,83,60,30
Aasdhppt,29,24,22,33,35,88,31,85,28,19,40,25,57
Nob1,18,4,18,7,19,37,10,28,17,9,15,19,22
Lrp2bp,0,3,3,0,1,3,0,0,1,0,0,0,0
Bend5,10,2,20,5,7,28,7,16,3,3,4,2,5
Mxra7,1,4,7,7,7,26,10,14,5,6,15,10,6
Tm7sf3,80,46,68,64,52,189,56,151,45,50,81,47,49
Spc24,0,0,0,0,1,3,0,2,0,0,1,1,0
Samd8,135,80,54,116,96,326,84,261,112,102,110,80,42
Ftmt,0,0,0,0,0,0,0,0,0,0,0,0,0
4930511I11Rik,1,0,0,0,0,0,0,0,0,0,0,0,0
Spaca1,0,0,3,0,0,0,0,0,0,0,0,1,0
Ctdp1,40,10,33,47,68,121,28,87,29,37,25,38,8
4930548H24Rik,1,0,0,0,0,0,1,0,0,0,0,0,0
Ift172,50,55,83,85,95,247,79,200,57,59,71,77,41
4930549C01Rik,0,0,0,0,0,0,0,0,0,0,0,0,0
Rnf125,17,29,26,36,46,5,5,10,2,1,13,31,3
Dctn4,96,67,79,113,129,274,79,244,73,86,118,87,73
Alkbh8,31,12,4,12,14,51,12,32,14,7,22,8,8
l7Rn6,8,22,14,16,25,65,14,42,15,15,35,16,51
Tceb2,7,21,33,19,34,38,17,52,5,7,15,21,76
Cuta,19,31,41,28,34,92,26,67,16,8,33,22,46
Rpp21,7,5,4,7,10,13,3,6,2,1,5,7,11
Lsm3,19,19,10,24,23,52,14,49,19,23,7,13,30
Mrpl18,13,7,31,20,21,60,15,23,13,16,17,8,20
2610029G23Rik,18,13,17,26,25,88,18,45,11,14,21,25,31
Luc7l3,59,71,46,42,95,198,43,140,52,52,62,48,49
1700011L22Rik,1,0,0,0,1,3,0,0,0,0,1,0,0
Aldh3b1,8,6,32,18,25,35,16,42,10,7,10,18,8
Prss37,0,0,0,0,0,0,0,0,0,0,0,1,0
2310003F16Rik,22,27,22,33,45,81,26,61,15,24,33,20,50
Ift74,22,89,38,46,46,116,36,118,19,9,42,23,37
Fam174a,34,20,27,33,51,102,41,82,27,30,40,24,32
Msra,11,8,31,12,9,36,5,26,13,11,8,8,11
Wfdc2,10,49,59,34,49,71,20,55,13,0,28,19,95
Tmem179b,37,39,33,37,41,117,33,111,47,36,48,31,62
1810048J11Rik,22,30,3,16,20,61,19,48,9,6,30,19,21
Reg4,0,0,0,0,0,0,0,0,0,0,0,0,0
Polr2g,48,39,41,55,60,125,40,111,48,30,60,36,99
Nsmce1,26,41,14,29,55,73,19,54,16,18,25,18,25
Slc25a37,125,54,78,79,99,424,115,291,116,106,97,141,53
Lipf,0,0,0,0,0,0,0,0,0,0,0,0,0
Lce1h,0,0,0,0,0,0,0,0,0,0,0,0,0
2310057J18Rik,0,0,0,0,0,0,0,0,0,0,0,0,0
4921517D21Rik,0,0,0,0,0,0,0,0,0,0,0,0,0
Pop1,9,1,7,11,8,20,4,24,6,10,8,7,5
Nudt13,12,5,11,11,19,41,19,27,9,21,13,11,18
Stx17,24,28,18,26,50,124,33,62,23,24,33,20,30
Dph2,4,0,8,0,4,20,7,22,3,3,4,4,2
Mansc1,6,9,6,10,7,33,7,18,5,3,24,7,3
Fbxo32,28,8,12,12,16,47,22,39,10,26,17,9,7
Iah1,6,29,23,10,34,54,14,24,16,11,15,8,25
Itgb3bp,4,11,6,8,7,27,2,14,6,7,4,3,9
Ccdc130,13,10,20,15,27,41,32,58,9,12,18,17,11
Ttc39d,0,1,0,0,0,0,0,1,0,0,0,0,0
Ppid,56,28,43,56,55,117,18,132,34,54,50,32,43
Slc48a1,39,60,59,66,64,175,63,133,28,24,86,54,37
Ribc2,0,0,1,0,0,3,0,0,0,0,0,0,0
4930583H14Rik,0,0,0,0,0,0,0,0,0,0,0,0,0
4930578I06Rik,0,0,0,0,0,0,0,0,0,0,0,0,0
Ddx47,76,32,41,56,76,196,44,172,51,51,58,51,49
Pkp4,58,28,70,125,142,277,46,180,46,73,122,83,32
5033414D02Rik,52,36,18,33,62,149,33,90,39,22,37,43,42
Prpsap1,30,6,39,41,38,122,66,113,38,34,44,38,26
Gpatch2,28,14,22,31,29,83,10,59,17,14,21,23,6
5830433M19Rik,20,2,14,14,11,36,15,44,15,26,17,12,12
Arpc5,203,148,177,221,257,462,144,365,130,154,127,148,155
Myst1,11,19,19,34,21,77,28,62,11,26,25,14,29
Cdk2ap2,12,11,26,19,21,49,22,51,32,20,25,20,23
Ilf2,56,49,44,65,71,173,42,139,52,34,58,49,68
Ahctf1,155,83,60,120,166,345,103,245,105,51,107,99,53
Plxnd1,40,12,48,56,55,47,16,58,13,7,28,81,2
Sfr1,98,99,86,180,203,298,96,265,71,114,100,111,87
Dalrd3,36,56,46,54,83,145,71,134,37,17,62,66,30
Rgs8,0,0,0,2,0,0,0,0,0,0,0,0,0
Snrnp48,30,23,9,40,28,92,32,79,26,28,31,22,29
Pnrc2,140,145,134,195,216,510,148,414,125,185,212,123,194
Dgat2,17,11,16,43,40,19,0,24,3,5,3,14,6
Pllp,3,1,3,2,2,26,3,12,6,9,18,2,17
Tprgl,51,42,82,74,78,197,59,165,57,67,77,76,45
Poldip2,47,42,53,61,52,179,53,136,48,25,47,48,39
Ubxn4,153,92,91,153,154,417,109,316,100,106,119,110,58
Ppp2r2d,64,48,59,67,83,136,39,133,38,43,60,50,26
Tmem70,38,38,25,31,37,87,42,82,34,51,50,29,41
Nmral1,6,2,5,12,20,42,11,19,9,5,8,16,24
Lce1f,0,0,0,0,0,0,0,0,0,0,0,0,0
Rer1,121,112,114,126,160,305,94,284,82,90,116,64,160
Brix1,48,31,28,54,59,99,27,102,35,26,30,25,45
Pop5,10,9,16,11,19,34,14,46,11,4,17,12,27
Wdr83,18,4,10,24,16,36,8,37,6,6,11,10,13
Mrp63,5,5,7,5,7,20,4,16,6,0,11,4,15
Atg3,92,66,58,70,80,227,48,150,54,67,67,53,52
2610027L16Rik,30,13,23,25,31,63,25,69,26,24,25,16,24
Rab32,66,36,55,36,46,149,53,158,50,47,48,37,41
Rnf115,101,49,69,104,106,191,73,177,60,68,56,52,59
Tmem39a,50,22,24,23,33,122,30,85,21,39,40,28,41
Cdca5,1,0,2,1,1,4,0,1,1,1,1,0,0
1700021F05Rik,3,3,4,13,18,26,7,24,3,6,9,1,19
D2Ertd750e,4,1,1,0,1,6,1,2,1,4,1,2,4
Asprv1,8,4,11,12,8,1,0,7,0,0,0,6,2
2310002J15Rik,0,0,0,0,1,0,0,0,0,0,0,2,0
S100a16,6,15,17,10,10,43,13,45,7,10,15,10,36
Yipf4,75,109,64,89,64,254,79,182,65,87,104,64,107
Rgs10,502,280,399,539,628,1456,548,1285,537,600,412,363,674
Cela3b,0,0,0,0,0,0,0,0,0,0,0,0,0
Paip2,145,146,123,152,182,458,141,328,113,147,189,128,215
Enoph1,20,12,22,17,25,41,19,46,14,11,12,26,14
Mrrf,17,10,24,12,26,34,4,28,10,4,13,13,15
Mri1,3,1,3,4,9,13,1,17,3,3,4,5,3
Dcxr,23,11,23,29,36,29,15,34,9,5,15,17,10
Tpbpb,0,0,0,0,0,0,0,0,0,0,0,0,0
Uxs1,16,22,18,21,18,52,17,38,21,15,17,22,23
1810043G02Rik,7,2,14,11,22,30,12,27,11,7,9,16,12
Tmem66,390,254,353,447,437,1010,409,742,269,256,310,266,331
Tmem100,43,24,25,13,29,84,25,80,35,50,33,27,59
Ufm1,69,85,57,71,73,185,41,121,49,20,94,47,64
Tmem86a,154,92,193,127,144,418,212,331,150,156,122,112,128
Ppa1,11,27,24,32,39,47,12,50,9,11,16,8,30
Ccdc80,14,3,5,17,12,11,1,16,1,4,4,5,4
Pef1,20,47,69,56,52,113,37,112,40,15,30,34,35
Cmc1,10,8,8,14,21,47,9,21,7,9,17,9,12
Mtfp1,7,3,5,5,8,12,7,17,5,2,15,5,17
Sumf2,20,14,19,11,27,39,15,32,15,12,15,4,10
Rgs19,69,31,59,74,94,260,91,225,91,75,60,71,55
Ppm1m,19,5,29,33,42,78,32,70,23,23,21,31,11
Galntl5,0,0,0,0,0,0,0,0,0,0,0,0,0
Coq9,25,36,34,34,47,110,34,82,23,27,47,20,39
Mak16,59,51,33,38,61,114,44,124,30,33,50,24,50
Ube2f,66,50,46,83,124,244,44,112,57,51,33,31,67
Fam32a,63,54,52,59,60,161,57,145,50,58,72,52,83
Tceb1,78,67,38,67,99,208,57,142,49,54,56,49,91
Abca14,0,0,0,0,0,0,0,0,2,0,0,1,0
Ccdc70,0,0,0,0,0,0,0,0,0,0,0,0,0
Serpini2,0,0,0,0,0,0,0,0,0,0,0,0,0
1700129C05Rik,0,0,0,0,0,0,0,0,0,0,0,0,0
Wdr55,9,4,6,9,25,36,18,28,4,1,3,8,3
Rps27l,27,58,20,28,33,69,29,80,27,19,28,14,55
Atp5g2,0,0,0,0,0,1,0,3,0,0,2,0,0
Tex13a,0,0,0,0,0,0,0,0,0,0,0,0,0
Spata6,45,37,20,38,54,96,22,73,17,17,62,38,35
Mki67ip,53,45,25,50,47,90,24,74,30,34,40,13,37
Tubb6,33,28,66,64,120,84,16,73,13,20,10,38,7
Sugt1,71,76,44,93,125,240,85,153,57,67,86,51,125
Zcchc10,18,3,7,7,11,32,6,23,9,8,15,2,7
Ooep,3,15,9,8,7,17,6,13,0,0,6,6,17
Tppp3,1,3,8,8,6,8,1,11,4,2,0,0,7
Atp2b1,222,111,158,198,167,590,155,515,197,147,197,192,104
Mphosph10,34,24,14,27,32,75,27,50,24,15,35,21,19
Ccny,128,121,80,152,164,336,89,235,97,91,153,93,64
Trabd,11,5,13,10,26,50,19,59,8,9,20,21,2
Tctn2,28,40,47,34,30,73,24,68,13,0,43,11,17
Atad1,194,144,89,166,180,396,126,295,116,115,196,108,209
Hormad1,0,0,0,0,0,0,0,0,0,0,0,0,0
Mrpl19,11,13,18,12,25,69,11,32,19,10,20,11,21
Ssxb1,0,0,0,0,0,0,0,0,0,0,0,0,0
Cspp1,38,19,9,30,24,135,15,92,21,33,44,47,23
Ppcs,10,0,8,5,8,17,10,14,1,1,12,5,18
Grhl2,0,0,0,0,0,0,2,0,0,0,0,0,0
Nudt12,11,17,5,18,13,23,2,24,5,9,15,3,9
Mrps11,3,4,28,7,16,19,6,22,9,4,6,8,11
Srsf6,294,158,196,232,387,713,195,541,183,207,194,216,134
Ddx59,9,5,8,9,22,21,9,28,13,6,9,14,15
Fam134c,81,41,67,78,100,315,86,293,93,89,95,70,88
1110004E09Rik,12,45,19,41,16,57,17,33,11,2,23,11,38
1110058L19Rik,10,31,18,16,13,40,27,33,3,4,21,8,39
Coq5,25,8,26,13,22,49,18,39,11,17,21,16,9
Bambi,14,8,21,19,20,29,7,35,12,9,15,9,17
Snrpg,5,5,1,1,12,21,5,13,2,2,2,0,11
Zwilch,2,1,1,8,4,11,3,7,6,9,0,1,1
Trap1,45,34,61,70,83,171,57,175,42,43,70,49,47
Murc,0,0,1,0,0,1,0,0,0,0,0,0,0
Ftsj2,4,0,1,0,1,7,6,18,0,3,2,1,4
2810002N01Rik,11,3,8,14,14,36,11,27,12,14,14,13,12
Bphl,25,46,28,39,30,94,27,62,22,12,43,24,37
Pdf,39,10,18,22,21,64,27,61,20,11,32,15,11
Cdc42ep3,33,29,28,29,48,37,12,33,11,11,19,22,7
2810417H13Rik,0,1,1,1,2,5,1,4,1,0,0,2,1
Tmem178,1,0,0,2,0,4,0,2,1,0,0,0,1
Rpl22l1,42,23,22,58,58,66,9,56,20,19,19,17,44
Tmem85,37,37,28,28,35,85,39,78,14,20,32,21,69
Fam122a,15,12,4,30,25,57,23,38,18,8,25,20,16
Zfp706,156,96,150,161,153,540,158,395,144,148,195,118,131
Nmb,1,2,0,8,1,2,0,1,1,1,1,0,1
N6amt2,12,13,10,23,9,28,6,26,6,11,9,4,19
Chac2,5,2,4,6,6,11,3,10,2,1,6,7,10
2700060E02Rik,50,51,36,43,47,108,37,89,24,32,25,27,42
2700062C07Rik,18,1,6,5,5,43,10,21,5,8,12,6,14
Mpnd,12,16,19,27,33,49,21,48,18,9,17,31,29
Nutf2,4,2,19,15,11,26,7,25,5,8,11,6,11
Rps13,3,0,1,5,3,13,2,9,7,7,1,5,2
Ubxn2b,18,20,21,23,23,70,19,58,19,7,27,18,26
Serpina12,0,0,0,0,0,0,0,0,0,0,0,0,0
Ddx56,22,25,30,22,30,73,31,83,23,19,25,43,20
Chd1l,17,13,17,12,30,77,19,71,19,28,23,14,16
Slc25a39,38,48,118,75,87,137,50,158,35,27,54,75,40
3010026O09Rik,4,4,8,3,6,25,8,13,5,6,1,6,7
Psmd8,112,104,106,175,185,356,86,279,89,76,115,56,140
Fam173b,14,8,8,6,15,44,11,28,9,5,11,14,16
1520402A15Rik,0,1,4,0,2,7,4,5,4,0,3,0,3
Pdcd2l,18,9,20,15,27,35,12,40,16,19,11,4,21
Pak1ip1,77,59,36,67,88,150,38,103,33,36,59,30,51
Dcakd,18,8,41,33,65,83,23,74,15,26,16,31,5
Arpc4,160,81,173,241,241,521,177,379,163,162,173,179,108
Yif1a,24,19,18,37,26,65,24,65,24,20,25,23,41
Ncbp2,37,32,25,44,29,106,39,97,33,34,43,46,61
Rcn3,4,3,10,2,5,7,2,10,6,0,5,12,9
Rchy1,52,69,67,69,66,218,52,86,38,37,48,44,31
Fam92a,20,30,6,27,21,74,11,41,12,1,23,8,30
Txndc17,31,44,22,49,83,108,37,105,38,43,36,45,77
Cdca8,0,0,0,1,1,1,2,14,1,5,1,2,3
Cntd1,39,13,9,31,38,72,32,55,25,32,37,14,14
Apool,12,22,18,13,17,56,23,37,13,12,24,13,38
9430023L20Rik,9,5,13,14,40,56,19,40,11,15,10,10,25
Yeats4,53,28,21,43,47,86,24,66,17,32,31,23,25
Lhfpl5,0,0,0,0,0,0,0,0,0,0,0,0,0
Gcsh,18,7,6,5,13,42,10,49,5,17,19,12,21
Upf3b,31,24,7,30,46,82,33,76,15,21,27,19,23
Etaa1,28,9,8,7,8,50,20,38,18,19,21,10,6
Arl13b,47,25,48,112,104,192,43,172,42,60,44,80,29
Gar1,19,3,8,9,17,11,12,20,6,8,12,6,10
D10Wsu102e,31,28,46,28,43,79,29,72,26,32,27,25,17
Wls,272,273,165,278,280,709,216,599,195,200,297,178,264
D6Wsu116e,234,94,90,221,247,450,179,381,164,169,136,166,66
Stx19,0,0,0,3,2,1,2,7,1,3,0,3,0
Mrpl24,74,52,79,77,104,226,69,191,74,48,90,60,111
B230118H07Rik,20,26,19,35,19,69,18,51,18,15,28,14,45
D730048I06Rik,0,0,0,0,0,0,0,0,0,0,0,0,0
Rpl39l,0,1,0,1,0,0,1,1,0,0,0,0,2
6230427J02Rik,13,6,28,13,22,46,29,55,19,21,17,15,20
Ebpl,6,20,12,21,18,41,9,39,9,12,12,14,20
Cgnl1,190,244,170,285,250,617,184,633,101,25,413,220,93
Hyi,7,0,3,4,1,14,15,11,3,4,2,6,2
Bcas2,47,51,48,55,52,151,41,105,25,27,48,36,52
Denr,57,49,53,80,82,154,46,141,43,61,87,60,73
Fam135a,81,45,46,47,54,232,32,166,58,41,68,33,39
Sympk,61,36,67,78,93,189,78,202,56,46,67,74,22
Leprotl1,86,84,83,104,92,264,95,244,86,89,108,61,79
Ndufb4,2,0,2,2,0,2,1,4,2,0,0,0,1
Rnaset2b,14,2,1,3,7,15,4,17,8,8,6,12,6
Ndufb2,21,29,7,27,30,41,17,36,8,4,26,4,44
Ccdc34,15,23,4,12,16,44,7,29,8,10,17,11,11
Ndufa5,11,45,15,26,32,38,12,43,15,9,25,15,51
Urm1,10,8,18,22,19,42,24,33,10,7,12,20,13
Rnaseh2c,1,2,4,2,2,3,1,2,3,0,3,1,11
Tmbim4,71,89,77,97,111,192,70,158,66,66,93,62,115
Ccdc56,23,25,34,23,43,74,29,74,15,15,38,21,93
Gsto2,1,0,4,2,2,1,3,2,0,0,1,0,1
Fam98b,37,24,15,46,34,83,28,64,28,22,38,21,28
3110057O12Rik,5,10,11,6,8,31,4,13,3,4,6,6,14
Nudt21,2,1,7,5,5,15,1,4,2,2,7,1,0
Fam166a,7,15,13,12,12,36,7,31,6,1,13,9,14
1700067P10Rik,0,0,0,0,0,0,0,0,0,0,0,0,0
Efcab2,8,7,5,16,9,26,1,21,7,4,11,7,7
H2afb1,0,0,0,0,0,0,0,0,0,0,0,0,0
2410066E13Rik,0,2,0,2,2,5,1,3,2,4,10,0,4
Gtsf1l,1,5,1,3,2,4,3,2,0,0,0,1,2
Nhp2,16,11,18,29,28,41,13,32,10,1,6,10,42
Rpa3,5,5,0,3,9,8,5,13,4,7,5,4,6
Fam195a,0,6,0,5,8,14,2,8,6,0,3,1,6
A930018P22Rik,0,0,0,0,0,0,0,0,0,0,0,0,0
Fam96a,25,24,18,28,50,96,32,79,34,21,48,32,96
5430437P03Rik,28,21,31,27,45,91,26,51,16,27,24,29,18
Ggct,2,4,10,4,3,5,6,3,3,0,6,1,7
Cdipt,55,32,76,69,63,173,62,138,42,37,56,59,49
Art4,0,0,0,1,1,0,0,0,0,1,0,0,0
Fam111a,70,65,47,80,79,393,120,389,137,106,114,79,126
Ift80,34,67,19,52,35,139,50,110,15,9,44,37,58
Trmt12,9,6,3,1,6,18,4,11,9,3,10,3,5
Agpat4,16,23,37,26,26,35,22,45,8,4,11,15,15
Iqcf3,0,0,0,0,0,0,0,0,0,0,0,0,0
Zdhhc21,63,36,23,38,61,136,28,96,28,32,48,43,37
Lrrc50,4,1,4,2,3,6,2,6,2,3,3,3,3
Pomgnt1,74,87,102,125,87,216,101,211,45,21,110,92,79
4930547C10Rik,0,0,0,0,0,0,0,0,0,0,0,0,0
Toe1,22,17,20,35,55,87,27,77,17,25,28,24,29
2310057M21Rik,12,6,12,9,11,21,4,12,4,3,13,7,9
Mto1,31,17,20,30,28,123,29,95,24,26,42,26,13
Mfsd10,10,4,14,10,30,39,17,48,12,8,10,13,4
Prps2,205,239,184,191,245,465,156,413,123,97,231,132,209
Vps53,34,23,32,69,50,127,35,80,46,29,52,35,22
Cep57,42,26,24,49,38,122,38,93,51,50,57,27,38
Ubn1,202,60,124,192,205,625,137,442,130,181,147,175,37
Fam114a1,35,30,30,40,28,80,27,59,18,9,42,34,29
Lrriq4,0,0,0,1,0,0,1,0,1,0,1,0,1
Zmym1,18,12,16,9,11,51,30,53,22,12,18,12,20
Lypd2,0,0,0,1,1,1,0,0,0,0,0,0,1
Gstm7,4,2,8,2,10,14,4,6,1,0,8,4,10
Aph1c,36,60,38,39,45,84,27,90,13,1,40,29,46
Nudt22,6,2,31,10,15,23,8,15,7,7,5,10,4
0610007P22Rik,8,4,4,8,7,12,10,13,4,3,9,8,12
Rab13,0,1,6,6,5,11,1,7,1,0,1,2,10
Blvra,19,21,9,27,31,75,34,70,26,25,24,22,38
Golt1a,0,1,0,0,0,1,0,0,0,0,0,0,0
Ccdc88c,8,5,6,10,14,25,5,28,1,1,7,17,4
Ndufb10,43,69,38,62,72,110,54,147,18,22,48,38,109
Tmem174,0,0,0,0,0,0,0,0,0,0,0,0,0
0610011F06Rik,13,14,36,23,17,39,18,52,7,5,17,9,44
Ndufs3,8,20,7,16,5,25,6,35,11,9,10,6,25
Mul1,30,24,39,47,91,84,27,85,27,21,36,44,26
Aspdh,0,0,0,0,0,0,0,1,0,0,0,0,0
Gabarapl2,11,13,10,7,12,52,23,33,9,7,18,11,14
Etfb,25,54,52,70,87,123,69,129,31,16,38,40,116
0610030E20Rik,44,9,23,22,30,98,16,83,36,22,42,33,16
Rab14,461,192,252,289,290,1006,346,937,300,345,421,258,207
Tmem129,23,24,22,34,19,81,22,82,22,18,30,22,30
Pbld1,1,0,0,0,0,0,0,1,1,1,1,1,0
Ndufa8,23,33,19,49,57,100,35,85,24,16,40,28,70
Tlcd1,1,5,6,6,5,16,0,10,0,0,7,1,3
Mogat1,1,4,0,2,0,0,0,0,0,0,0,0,2
Ccdc163,8,1,10,7,7,23,10,22,0,7,12,3,12
Sycn,0,0,0,0,0,0,0,0,0,0,0,0,0
Ankrd13a,153,41,134,188,178,501,163,398,119,144,115,148,28
Lmbrd1,215,225,144,188,233,541,126,426,175,103,275,157,227
Ankrd13d,8,5,12,11,17,36,24,30,11,17,16,21,8
Slc39a13,24,35,62,40,45,91,50,95,30,9,53,27,20
Dusp23,4,1,9,3,2,13,1,7,5,0,4,2,2
Echdc2,2,3,3,3,4,10,2,6,0,0,3,1,7
Ict1,13,23,41,33,26,64,26,43,14,8,31,12,42
Gpihbp1,2,0,0,1,1,1,0,0,1,0,0,1,2
Ppp1r14a,0,0,0,0,0,0,0,0,0,0,1,0,1
Mrpl14,8,6,11,16,10,9,8,7,6,4,9,6,22
Tmem126b,15,14,8,18,15,41,12,33,7,20,10,5,15
Mob1b,62,51,15,45,57,154,37,115,47,34,52,51,29
Phf5a,18,11,25,53,37,69,32,60,21,23,28,11,46
1110007C09Rik,10,7,15,31,33,60,11,60,11,18,21,27,21
9530077C05Rik,1,7,2,0,4,10,3,5,0,0,6,2,3
Slc46a1,39,31,114,59,70,158,76,160,52,38,48,47,48
Zfp579,5,0,11,6,12,24,6,20,7,2,5,7,2
Ndufaf4,19,32,21,20,22,78,26,60,24,16,36,16,43
Tspan11,0,0,0,0,4,1,1,0,0,0,0,0,0
Mrpl53,14,5,3,10,13,19,8,14,4,6,12,8,14
Nsmce2,8,12,9,14,22,41,10,37,10,13,7,12,18
Ints1,26,7,38,52,48,104,55,131,28,38,28,58,4
Myadml2,8,4,5,0,1,28,12,10,6,6,6,7,6
Zfyve21,6,4,19,5,11,25,10,19,7,7,12,4,26
Fam96b,12,11,15,9,22,28,7,44,11,9,14,12,19
Mphosph6,17,11,4,25,20,31,10,28,10,7,5,10,28
Mrpl13,33,36,27,27,39,87,34,56,23,31,33,21,45
2310036O22Rik,26,27,35,28,50,87,22,67,25,16,33,36,17
Col6a4,0,0,0,0,0,0,0,1,0,0,0,0,0
Uckl1,38,24,37,38,32,90,43,95,39,34,34,27,29
Dpm3,0,7,8,2,12,9,2,8,3,1,1,0,37
Mrps18a,24,16,39,20,30,71,18,54,7,19,18,16,24
Cdc42ep2,4,6,12,8,3,14,4,9,3,0,1,6,0
Hbxip,31,35,22,32,46,80,34,64,18,31,31,17,43
Tmed10,315,179,241,304,252,760,246,614,203,207,280,193,207
Vps25,52,33,55,55,61,138,41,99,39,27,65,41,56
Cthrc1,1,5,1,10,8,15,4,6,0,1,9,4,20
Mocos,3,9,3,6,10,10,0,12,5,0,5,0,1
Syf2,72,70,62,100,127,238,75,203,56,65,61,51,87
Pmvk,3,14,23,15,28,30,13,35,10,4,18,13,11
Ube2c,1,2,0,1,6,1,0,8,1,1,0,1,5
1110012L19Rik,12,34,8,11,24,24,6,24,11,10,14,13,12
Mthfd2l,2,3,10,1,1,16,3,3,3,0,4,1,6
Wdr65,14,5,0,6,6,22,7,17,0,0,9,5,4
Ifi27l1,128,182,157,201,228,373,131,282,88,43,143,113,285
Fbxw9,3,5,17,10,11,17,17,16,3,1,11,7,5
Agpat5,43,65,31,45,47,111,29,91,24,18,53,28,43
Myct1,1,0,2,1,3,5,4,3,5,3,10,0,3
Deb1,11,11,10,22,10,28,2,32,9,3,14,4,24
Tm2d3,11,20,25,24,40,59,22,58,17,13,36,21,44
Smyd2,10,3,0,10,5,23,8,13,8,7,12,4,6
Tmem216,4,14,5,7,10,24,7,11,3,2,9,7,13
Svop,0,0,0,0,0,0,0,2,0,0,0,0,0
Klk5,0,0,0,0,0,0,0,0,0,0,0,0,0
Krtap4-2,0,0,0,0,0,0,0,0,0,0,0,0,0
Fitm1,0,0,0,0,0,0,0,0,0,0,0,0,0
Mlh1,25,8,25,13,20,67,21,59,24,17,19,23,16
Lce1e,0,0,0,0,0,0,0,0,0,0,0,0,0
Hddc3,1,12,3,5,6,17,6,16,3,2,4,2,12
Ppp6r2,34,10,21,34,42,103,46,77,29,24,38,44,12
Dysfip1,0,0,0,0,0,0,0,0,0,0,0,0,0
Upk1a,0,0,0,0,0,0,0,0,0,0,2,1,4
Gtf2f2,23,24,26,19,27,60,19,49,13,17,17,14,21
Rabl2,7,6,17,10,13,38,11,24,6,2,17,9,8
Cilp2,0,0,0,1,0,3,0,0,1,0,0,1,0
Dhrs1,29,31,46,36,49,86,25,94,23,15,47,15,52
Ifitm1,6,10,12,11,29,3,0,4,2,3,1,23,5
D4Bwg0951e,2,14,3,6,1,10,1,9,0,0,5,2,4
Lce1b,0,0,0,0,0,0,0,0,0,0,0,0,0
Arl8a,80,33,64,95,87,243,66,205,66,72,60,57,20
Dus1l,28,6,16,23,19,52,25,54,20,19,21,21,9
Lrrc16a,16,5,4,16,26,45,14,36,15,16,19,15,10
Mrps18c,10,8,5,7,17,29,11,27,6,10,9,13,32
Tmem219,25,17,44,43,48,87,35,56,18,32,18,35,37
Mybphl,0,0,0,0,1,0,0,0,0,0,0,0,1
Cgrrf1,32,25,21,34,41,95,23,82,24,33,40,25,50
Krtap4-6,0,0,0,0,0,0,0,0,0,0,0,0,0
Ms4a6d,198,161,104,216,278,233,100,190,106,145,74,61,98
Taf11,15,10,14,12,20,36,18,42,10,14,20,8,17
Tmem53,2,2,11,5,7,14,3,3,3,1,2,4,7
Pdgfrl,1,0,0,0,1,2,0,1,1,0,1,1,4
1110059M19Rik,47,123,59,82,72,174,56,124,17,0,103,41,163
Ubqln1,175,116,108,183,145,429,129,428,165,128,164,122,83
2310061C15Rik,1,6,4,5,6,16,5,14,7,5,3,3,11
Ppil1,5,4,11,5,16,15,5,18,8,1,12,6,15
Mtmr14,42,19,56,61,58,128,31,94,36,26,35,31,10
Pdcl3,43,33,59,48,61,115,41,103,49,46,40,37,83
Mrpl52,13,13,9,14,30,29,9,22,8,6,13,2,21
Asb11,0,0,0,0,3,1,0,0,0,0,2,0,0
Dtwd2,3,5,1,8,2,7,1,14,4,8,2,3,1
Arv1,6,3,7,5,7,23,4,16,10,5,12,4,9
Zfp644,97,66,34,82,67,232,63,201,64,81,88,67,42
Gkn3,25,10,34,32,35,32,12,61,29,21,71,50,90
Ubac2,46,27,35,40,52,113,31,102,28,15,33,50,35
Cd177,6,4,10,7,10,1,0,3,2,1,4,6,4
Rasl11a,5,2,1,4,8,10,1,3,1,2,5,6,3
1700113I22Rik,3,1,0,1,2,2,1,2,0,1,5,4,6
Disp1,3,2,11,9,12,38,12,29,6,12,4,14,2
Pygo2,42,11,11,25,46,129,34,102,37,29,37,29,3
Hint2,14,25,13,31,35,30,19,52,9,3,16,7,50
Ptcd2,16,23,21,24,29,72,27,73,30,17,46,19,31
1190005F20Rik,71,26,42,42,50,179,78,180,59,73,72,69,35
Aspscr1,19,17,31,34,35,80,28,64,12,17,23,28,16
Rasl11b,2,8,9,10,8,11,7,18,4,3,8,3,5
Chmp2b,72,33,46,58,66,188,29,145,38,66,67,39,26
Pink1,50,64,64,101,70,225,90,178,62,34,91,70,47
1500011H22Rik,7,14,11,16,18,30,11,29,4,5,18,11,24
Chmp2a,53,61,60,79,98,174,64,144,49,53,63,43,81
Srrm4,0,0,0,0,0,9,0,5,0,1,0,0,0
Ap1s2,101,185,94,152,142,299,78,276,84,62,121,56,99
Phkg2,40,19,41,52,46,133,43,70,30,24,31,35,44
Ngdn,27,16,22,36,53,77,30,62,30,17,32,25,46
Cdan1,49,12,29,17,47,132,42,97,31,43,41,35,16
Eif1b,42,42,43,47,69,171,49,117,48,55,34,33,60
1500001M20Rik,10,2,1,6,9,20,5,21,13,13,8,7,6
Med27,10,7,22,16,16,36,6,20,10,14,10,10,10
Haghl,11,7,27,26,23,34,13,27,11,6,8,7,10
Wdr53,9,5,11,6,16,21,5,17,8,5,11,5,34
Ssu72,59,44,62,61,84,144,61,101,34,33,49,44,92
Zfp580,2,0,0,1,3,4,0,3,1,3,3,0,1
Mcts1,36,25,19,38,53,95,35,87,37,39,39,18,53
Anapc10,24,18,10,20,22,70,10,55,14,25,23,18,19
Cts3,0,0,0,0,0,0,0,0,0,0,0,0,0
Sectm1b,0,0,0,0,0,0,0,0,0,0,0,0,0
Cab39l,236,620,278,483,403,1055,296,851,140,34,573,255,542
Thap7,0,5,16,3,6,18,7,18,2,1,5,2,9
Spcs1,78,108,60,86,136,225,83,200,86,50,122,54,205
Snx15,7,3,5,8,9,36,14,33,8,8,6,20,5
Mitd1,13,11,7,23,22,27,10,25,5,15,11,13,11
1500032L24Rik,25,33,37,30,55,80,17,79,10,20,37,25,60
Lyzl4,1,0,3,2,3,9,3,4,0,2,2,0,2
4930579G22Rik,2,0,0,0,1,2,1,3,0,0,1,0,0
Zdhhc3,31,24,40,53,40,93,32,82,29,29,43,24,26
Zg16,0,0,0,0,0,0,0,0,0,0,0,0,0
Isca1,49,64,80,80,74,160,46,127,37,40,66,60,67
Atp2c2,0,0,0,0,0,0,0,0,1,0,0,0,0
Ovol2,0,0,0,0,1,0,0,0,0,0,0,0,0
1810014F10Rik,6,16,10,9,17,20,5,19,1,8,7,5,31
Chac1,0,4,0,0,0,0,3,0,0,0,0,0,0
1810011O10Rik,18,17,25,50,35,79,27,94,33,28,39,37,44
Ebna1bp2,17,30,16,47,54,98,23,93,15,26,44,22,41
Triap1,13,17,24,16,22,51,18,44,19,19,21,11,37
Zc3h15,54,60,32,68,93,153,52,156,43,59,61,37,60
Sult1c2,2,22,5,8,7,7,2,6,0,0,2,0,4
Oxa1l,64,48,71,79,66,172,64,168,53,56,64,65,53
Tmem160,2,7,5,12,1,15,7,9,5,1,1,4,10
Ydjc,0,1,0,2,1,1,0,0,0,0,0,0,0
Stoml1,14,5,26,14,36,51,23,38,12,13,19,23,11
Snrpd2,5,11,36,12,17,41,9,23,14,7,13,5,33
Alkbh3,35,15,17,29,48,85,17,58,29,24,21,21,22
Adh6a,0,0,0,0,0,0,0,0,0,0,0,0,0
Eci3,2,12,2,8,6,10,8,21,0,0,6,4,6
Cnot8,100,96,76,95,81,266,91,289,97,99,122,92,97
Ociad2,44,134,43,58,52,116,43,106,28,0,74,34,81
Pex11c,0,1,4,1,7,6,1,2,2,2,2,2,1
Tusc1,0,1,0,2,0,0,2,1,1,1,0,0,0
2200002K05Rik,0,0,0,0,0,0,0,0,0,0,0,0,0
Cd209f,2,0,2,0,1,0,0,2,1,1,0,4,2
1810035L17Rik,16,17,20,26,22,67,12,55,17,15,21,8,40
Stx18,28,27,15,38,35,98,16,65,21,28,33,21,22
Gsdmd,127,41,114,163,175,330,117,270,95,119,102,93,60
2200002J24Rik,0,0,0,0,0,0,0,0,0,0,1,0,0
Lzic,21,10,12,24,21,71,22,61,15,14,35,17,19
Ccdc124,5,3,15,10,22,21,14,17,5,5,4,7,11
Comtd1,8,0,13,17,12,23,18,15,6,12,7,9,4
Rhebl1,1,1,2,1,1,2,2,10,2,0,2,1,4
Manbal,21,19,27,19,32,60,16,46,22,28,14,17,15
Sec31a,168,78,164,203,193,557,171,497,143,137,182,182,39
Cd209b,0,0,0,0,0,0,0,3,0,0,0,1,0
Bola1,0,0,5,3,3,7,2,4,0,1,2,1,5
Faim3,1,3,1,0,0,2,0,3,0,0,0,0,1
1810031K17Rik,45,26,60,110,70,206,65,169,73,72,72,73,22
C1qtnf2,0,0,0,0,0,0,0,2,0,0,2,0,1
Dtwd1,7,4,1,10,6,11,5,13,1,3,10,4,11
1810027O10Rik,17,46,27,30,43,52,20,58,7,7,29,16,79
Erp27,3,2,0,3,3,2,1,6,0,1,2,1,0
Mll5,256,80,149,205,205,844,229,621,226,293,221,287,41
1810033B17Rik,17,5,7,14,16,3,5,5,2,1,2,17,1
Dhx16,24,20,31,35,43,113,50,106,40,29,33,51,14
Ptms,83,39,128,145,141,419,152,334,116,88,81,152,33
Srsf11,217,108,108,176,235,621,158,419,150,145,182,192,91
Sat2,10,4,0,5,2,7,4,7,1,4,6,2,2
Dnajc24,16,7,3,8,21,41,5,43,14,14,9,13,16
Ddah1,1,0,2,2,2,7,1,1,3,2,9,4,1
Cryzl1,34,46,33,39,31,96,29,70,19,18,42,20,58
Snx6,180,122,109,169,160,470,138,368,169,168,172,119,193
Zfp688,2,2,6,4,4,11,14,11,3,2,4,5,9
Gtpbp4,101,78,89,144,207,249,70,170,70,65,76,66,90
2610034M16Rik,0,0,0,0,0,1,0,0,0,0,0,0,0
Polr2d,16,19,9,43,34,49,18,50,16,15,16,7,48
Zfp397,50,38,26,23,38,129,29,112,42,44,66,40,28
Kctd5,28,23,37,29,32,89,34,58,18,32,24,22,23
Rfc3,17,12,14,21,14,35,18,26,9,6,4,6,17
Crygf,0,0,0,0,0,0,0,0,0,0,0,0,0
Krt5,0,0,0,0,0,0,0,0,0,0,0,0,0
Scnm1,23,20,33,19,39,81,20,55,20,12,22,15,27
Gins1,0,4,4,0,4,13,3,14,6,6,2,0,7
Sec62,270,356,176,311,324,742,223,614,203,199,365,199,272
3300002I08Rik,0,4,2,2,5,4,1,1,2,2,3,2,5
Glipr1l1,1,0,0,0,0,0,0,0,0,0,0,0,0
Cmtm2a,0,0,0,0,0,0,0,0,0,0,0,0,0
Cst13,0,0,0,0,0,0,0,0,0,0,0,0,0
Lrrc46,0,6,2,1,2,6,3,7,2,0,7,3,3
Asb9,0,0,0,0,0,0,0,0,0,0,0,0,0
Dcps,25,17,18,26,33,69,20,61,15,14,25,24,21
Efcab9,1,1,0,0,0,1,0,0,0,0,0,0,1
Pacrg,6,11,15,9,9,30,9,32,1,1,14,9,15
Izumo3,0,0,0,0,0,0,0,0,0,0,0,0,0
1700001L19Rik,0,1,0,0,3,3,0,1,1,0,1,2,1
Hmgb4,0,0,0,0,0,0,0,0,0,0,0,0,0
1700007K09Rik,0,0,0,0,0,0,0,0,0,0,0,0,0
1700007K13Rik,10,10,3,5,4,16,4,22,5,0,8,7,11
1700003M02Rik,4,15,8,8,9,25,11,28,3,0,15,5,10
Lelp1,0,0,0,0,0,0,0,0,0,0,0,0,0
Pfdn5,66,86,55,110,134,178,73,160,49,58,61,54,180
Gcap14,127,95,67,119,143,255,50,220,79,57,128,94,55
Ccdc54,0,0,0,0,0,0,0,0,0,0,0,0,0
1700008P02Rik,0,0,0,0,0,0,0,0,0,0,0,0,0
1700008O03Rik,0,0,0,3,0,0,1,0,0,0,0,0,0
1700008A04Rik,0,0,0,0,0,0,0,0,0,0,0,0,0
Slc38a4,0,0,1,0,0,0,0,0,1,0,0,0,0
Cst12,0,0,0,0,0,0,0,0,0,0,0,0,0
Spaca4,0,0,0,0,0,0,0,0,0,0,0,0,0
1700012P22Rik,0,0,0,0,0,0,0,0,0,0,0,0,0
1700017D01Rik,0,0,0,0,0,0,0,0,0,0,0,0,0
1700023A16Rik,0,0,0,0,0,0,0,0,0,0,0,0,0
Btbd9,71,29,45,87,97,188,58,150,58,55,71,66,18
C8g,1,0,0,2,0,1,0,1,0,0,1,1,2
1700013G24Rik,0,0,0,0,0,0,0,0,0,0,0,0,0
1700024P04Rik,0,0,0,0,0,0,0,0,0,0,0,0,0
Tmem89,0,0,0,0,0,0,0,0,0,0,0,0,0
1700014N06Rik,0,0,0,0,0,0,0,0,0,0,0,0,0
1700018F24Rik,0,0,0,0,0,0,0,0,0,0,0,0,0
1700019A02Rik,0,0,0,0,0,0,0,0,0,0,0,0,0
Plac8l1,0,0,0,0,0,0,0,0,0,0,0,0,0
1700025E21Rik,0,0,0,0,0,0,0,0,0,0,0,0,1
1700025F22Rik,0,0,0,0,0,0,0,0,0,0,0,0,0
1700019M22Rik,0,0,0,0,0,0,0,0,0,0,0,0,0
1700016C15Rik,0,0,0,0,0,0,0,2,0,0,1,0,1
Fam116b,6,1,11,8,6,32,11,20,4,3,6,12,4
Lyzl6,0,0,0,0,0,0,0,0,0,0,0,0,0
1700027L20Rik,0,0,0,0,1,0,0,0,0,0,0,0,0
Clic3,1,0,5,8,0,8,2,2,0,0,6,5,5
Krtap4-13,0,0,0,0,0,0,0,0,0,0,0,0,0
Bap1,66,34,65,71,80,189,54,147,48,61,57,68,45
4930579C15Rik,1,0,2,0,0,0,0,0,0,0,2,2,0
2300009A05Rik,1,2,0,1,2,4,1,0,1,3,3,0,0
2310003L22Rik,5,14,4,12,5,21,14,19,10,9,16,9,15
Dydc1,0,0,1,0,2,0,0,4,1,0,3,0,3
Klk12,0,0,0,0,0,0,0,0,0,0,0,0,0
Mrpl30,16,11,22,16,20,41,10,44,10,18,22,14,31
Esam,42,22,45,42,92,68,35,114,37,26,100,59,40
1700030J22Rik,2,6,3,4,2,13,12,10,1,3,4,4,3
2310002L09Rik,0,0,0,0,0,0,0,0,0,0,0,0,0
Krtap26-1,0,0,0,0,0,0,0,0,0,0,0,0,0
Avpi1,1,4,11,8,8,11,8,10,0,1,3,5,8
2310004N24Rik,10,8,8,16,22,38,15,28,9,4,4,11,15
Lyg1,0,0,0,0,0,0,0,0,0,0,0,0,0
Capns2,3,1,2,3,5,17,12,19,7,7,4,13,0
Wdr5b,3,1,3,2,1,30,8,9,2,4,6,0,4
Nkpd1,0,0,0,0,0,2,0,0,0,0,0,0,0
Klhdc2,49,24,36,58,49,129,54,112,52,45,52,37,36
Itgb1bp3,0,0,0,0,0,0,0,2,0,0,0,3,0
Vkorc1l1,3,6,8,3,6,7,8,14,10,3,6,4,3
Mfsd3,0,1,5,8,8,8,7,11,2,2,1,2,5
Fastkd3,13,11,6,7,9,33,12,21,7,11,11,11,9
Hfe2,0,0,0,0,0,0,0,0,0,0,4,0,0
Gpx8,43,162,50,60,67,141,45,142,28,3,98,52,152
Odam,0,0,0,0,0,0,0,0,0,0,0,0,0
2310035K24Rik,6,3,16,18,11,40,10,23,11,4,2,10,4
Afg3l2,51,16,34,63,70,157,50,110,52,50,57,35,15
Otop3,0,0,0,0,0,0,0,0,0,0,0,0,0
Mtfmt,12,3,3,6,11,36,12,27,8,13,11,10,1
Sec24d,33,30,37,44,53,102,29,95,20,40,28,40,15
Ovca2,44,24,27,36,40,77,31,111,40,32,36,36,19
Lce1d,0,0,0,0,0,0,0,0,0,0,0,0,0
Khnyn,65,19,38,82,65,232,49,156,57,51,57,64,22
Arhgef12,222,211,121,243,236,751,133,522,166,115,366,237,59
Enho,1,7,3,2,7,6,2,9,0,0,5,3,4
Wdr20a,22,22,22,15,17,62,15,48,7,9,22,14,18
2310046A06Rik,0,3,0,2,0,3,0,2,0,0,0,0,0
Cd164l2,0,0,2,0,1,1,0,0,0,0,0,1,0
Pir,0,11,4,9,8,34,5,13,4,2,22,2,14
Tmbim1,54,35,58,58,100,171,49,128,47,38,52,50,37
2310061N02Rik,0,0,0,0,0,0,0,0,0,0,0,0,0
Ddx51,24,17,18,18,24,75,21,48,20,18,19,16,8
Krtap1-5,0,0,0,0,0,0,0,0,0,0,0,0,0
2310043J07Rik,0,0,0,1,0,0,0,0,0,0,0,0,0
Ccdc115,22,16,14,14,29,94,12,45,20,20,35,31,20
Tmem52,4,1,3,4,9,7,5,8,2,3,4,5,3
Il1f8,0,0,0,0,0,0,0,0,0,0,0,0,0
Ypel5,246,123,118,261,302,489,121,313,133,138,127,127,171
Hddc2,7,10,8,13,12,14,11,29,4,6,14,6,18
2310057N15Rik,0,0,0,0,0,0,0,0,0,0,0,0,0
2310079G19Rik,0,0,0,0,0,0,0,0,0,0,0,0,0
Col22a1,0,0,0,0,0,2,0,3,0,0,0,1,0
Ndufaf1,7,9,1,10,7,22,10,26,10,9,12,3,13
Tecr,89,120,187,131,170,306,136,267,67,35,122,101,99
Pin4,1,1,0,0,0,1,0,0,0,0,0,0,0
Trip13,1,0,0,1,1,4,1,7,0,0,1,1,0
Ipmk,93,27,38,94,105,232,62,185,70,54,56,49,31
Def6,19,1,16,22,29,29,15,17,7,18,13,17,1
Rpain,37,26,10,46,60,73,15,77,24,33,19,31,33
Rnaseh2a,8,3,2,21,9,30,14,34,8,8,4,10,8
Smyd3,12,14,11,12,23,38,15,30,13,11,15,15,6
Gemin7,18,12,16,22,17,45,16,50,10,7,14,12,25
Nup37,11,2,0,0,10,12,0,12,6,7,4,1,7
Dph5,15,14,12,19,24,34,14,31,10,9,11,17,14
Tm2d2,48,59,68,69,62,154,59,129,23,43,68,62,84
Pold4,18,13,31,55,53,75,33,58,21,21,14,19,21
Zswim7,2,5,7,6,7,20,4,7,2,2,6,4,9
Zfp511,9,3,12,12,18,35,13,27,8,5,11,18,11
Leng1,8,8,23,18,23,53,14,54,17,14,13,15,8
Mrpl12,8,14,18,20,25,32,18,39,10,20,16,14,27
Tnfaip8l2,85,50,153,76,110,192,96,190,61,62,45,53,89
1600002K03Rik,7,5,4,1,12,6,5,7,4,0,5,4,17
Ms4a6b,193,110,63,109,103,235,82,200,101,116,85,72,125
Ceacam13,0,0,0,0,0,0,0,0,0,0,0,0,0
Anxa13,0,3,0,0,0,0,0,1,0,0,1,0,0
Med30,25,29,9,38,15,53,18,53,18,6,21,15,22
Med6,33,20,20,24,39,67,19,50,7,18,31,16,24
Tmem147,39,114,57,70,84,162,68,144,33,12,71,56,160
1810046K07Rik,0,0,0,0,0,0,0,0,0,0,0,0,0
Cdc42ep1,4,5,5,6,6,14,7,15,5,3,12,7,1
Prss32,0,0,0,0,0,0,0,0,0,0,0,0,0
Krtcap3,0,2,2,0,0,11,4,7,1,0,4,6,2
2010001M09Rik,0,0,0,0,0,0,0,2,0,0,1,1,0
Cobll1,25,51,30,43,28,111,18,104,25,15,90,45,18
Glod5,0,0,0,0,0,0,0,0,0,0,0,0,0
Zmynd8,110,60,87,98,100,290,91,243,75,96,76,111,23
Polr2f,4,6,14,3,24,15,9,21,5,4,9,2,33
Eif1ad,18,10,25,21,44,64,19,65,22,24,31,19,19
2010003K11Rik,0,0,0,0,1,0,0,0,0,0,0,0,0
Ttc39b,125,86,81,115,178,311,80,268,112,126,116,108,52
1810065E05Rik,0,0,0,0,0,0,0,0,0,0,0,0,0
Polr3gl,22,16,17,36,43,99,25,42,21,20,21,28,21
2010007H12Rik,4,1,3,1,3,3,2,7,1,0,1,1,2
Ndufa11,11,33,47,46,67,49,37,75,12,4,35,31,127
Snrpf,8,1,2,7,3,11,4,17,1,3,1,2,5
Zfp219,8,10,24,21,22,43,19,41,11,16,11,13,1
Tlcd2,3,1,5,0,7,15,2,8,5,3,0,5,6
2010305A19Rik,6,5,7,11,14,21,3,13,7,6,8,8,2
2010107G23Rik,2,0,0,0,0,2,1,1,0,0,1,2,0
Ints4,56,44,48,61,72,240,63,178,55,58,84,47,65
Obfc2b,17,1,18,13,19,51,18,42,3,14,23,7,15
Rnf157,8,4,19,12,12,32,11,29,9,10,4,14,0
Polr2i,7,7,10,13,20,28,7,20,13,11,7,8,27
Vrk2,67,36,39,76,67,216,69,161,60,77,65,48,66
Apitd1,0,0,0,0,3,5,1,4,3,0,0,0,0
Zfp715,188,124,63,88,116,570,161,420,167,160,170,140,123
Rg9mtd3,9,4,10,13,9,33,4,32,10,8,8,11,13
Scrn1,3,3,0,6,1,23,2,16,2,0,3,4,8
1110034A24Rik,3,0,13,4,6,12,0,7,8,2,8,4,4
Exoc1,71,33,37,48,55,181,52,147,48,61,52,54,39
Ptcd3,37,46,30,51,48,140,46,112,29,39,41,26,35
Cdc16,60,55,45,55,64,221,62,139,39,47,67,72,46
2810432D09Rik,5,6,12,10,16,26,9,19,4,5,7,10,22
2810422O20Rik,13,7,8,10,15,27,9,44,12,13,17,5,5
1700026L06Rik,1,4,7,7,7,9,6,8,0,0,1,0,18
Manba,75,38,60,68,73,163,51,156,61,70,79,45,78
Nt5dc2,63,23,53,69,46,112,40,122,41,32,35,34,30
Mcm10,0,0,0,3,3,2,0,1,0,1,0,3,0
Tspo2,0,0,0,0,0,0,0,1,0,0,0,0,0
Dopey2,57,29,58,84,82,236,66,198,70,64,67,101,22
Cmtm8,8,12,14,11,24,36,15,41,13,7,32,20,28
Rab28,28,33,39,38,32,102,18,83,25,15,49,14,47
Ccdc89,0,0,0,0,0,0,1,3,1,0,0,1,0
Sdr9c7,0,0,0,0,0,0,0,0,0,0,0,0,0
Ctag2,0,0,0,0,0,0,0,0,0,0,0,0,0
H1fnt,0,0,0,0,0,0,0,0,0,0,0,0,0
Zdhhc25,0,0,0,0,0,0,0,0,0,0,0,0,0
2210010C17Rik,0,0,0,0,1,0,0,0,0,0,0,0,0
Lysmd2,3,4,7,6,9,11,2,8,3,1,12,3,3
Meaf6,11,8,9,14,26,70,10,41,14,13,9,10,17
5-Mar,113,103,62,139,181,233,63,158,46,59,79,64,62
Ube2q1,138,47,66,112,118,351,95,266,87,139,110,99,51
Znhit1,8,4,12,19,30,39,17,27,8,10,14,19,22
Ifi35,47,31,61,63,100,83,30,70,27,42,18,44,36
Srrd,24,11,46,26,32,102,28,65,34,14,16,36,11
Sfxn1,19,10,24,26,48,96,13,77,32,9,25,21,35
Mllt3,20,10,9,18,10,42,7,31,8,14,16,19,10
Mettl7a1,84,70,58,76,78,166,52,142,45,54,80,48,55
2210016F16Rik,37,28,35,29,41,95,33,70,24,29,32,29,19
Vps36,18,24,11,22,40,61,16,61,22,19,37,32,30
Lipn,0,0,0,0,0,0,0,0,0,0,0,0,0
Fam162a,9,15,8,20,19,34,10,25,11,4,20,10,32
Cd209g,0,0,0,0,0,0,0,0,0,0,1,0,0
Ctsll3,0,0,0,0,0,0,0,0,0,0,0,0,0
Taco1,13,8,14,8,13,20,10,27,3,19,16,3,7
Rbm25,252,135,156,188,260,663,140,463,175,144,180,203,63
Ppil3,16,5,6,15,18,34,12,28,13,12,20,7,38
Gorasp2,89,43,84,110,99,272,79,210,73,86,79,71,54
Cd2bp2,42,27,44,38,49,133,43,137,35,39,56,38,42
Poc1a,3,0,2,3,0,4,7,6,0,0,3,3,3
Rnf168,46,32,33,28,41,80,22,71,28,42,44,26,15
Ufsp1,0,0,1,2,1,9,1,4,0,0,1,4,4
2010107E04Rik,47,124,38,85,78,176,46,132,29,15,98,55,171
2010110P09Rik,3,1,0,0,1,3,1,2,1,3,0,2,1
Ly6g6e,2,1,1,0,4,3,0,4,2,0,2,0,1
Rpf1,29,20,18,30,52,76,40,82,22,27,28,26,27
Gcc2,88,111,42,62,53,223,68,144,65,70,108,48,21
Fuz,15,19,20,23,25,60,16,47,5,8,17,21,8
2510012J08Rik,14,1,23,15,20,38,11,46,11,9,14,20,6
Hdac8,16,12,15,12,12,44,3,35,14,8,16,8,12
Tet1,28,7,14,31,13,84,14,76,21,30,35,29,14
Iyd,0,0,0,0,0,0,0,0,0,0,0,0,0
Ube2cbp,2,0,0,0,4,1,0,1,1,0,1,0,2
Basp1,186,73,164,305,237,861,241,590,230,277,177,177,41
Isl2,0,0,0,0,0,0,0,0,0,0,0,0,0
Steap1,24,129,64,54,53,93,50,107,25,0,77,31,110
Lman1,148,96,112,137,100,292,111,262,108,114,144,104,98
Fndc5,0,0,0,2,0,2,0,4,1,0,0,0,0
Psg21,0,0,0,0,0,0,0,0,0,0,0,0,0
Bag5,22,33,27,20,25,88,22,53,21,24,25,9,20
1700020O03Rik,66,31,52,59,91,196,55,144,60,65,56,59,32
Aldh1l1,13,14,25,31,18,38,17,42,5,0,29,13,10
Ica1l,9,6,1,4,2,11,1,7,1,1,2,3,0
Mospd1,43,63,44,58,62,129,32,104,10,9,68,36,73
Tecpr1,14,8,25,29,44,68,26,52,18,24,25,30,3
Ccdc99,4,4,1,0,2,2,4,1,2,3,2,5,0
Ttc9c,53,53,28,58,47,152,33,106,42,44,44,21,33
Calml3,0,0,0,0,0,0,0,0,0,0,0,0,0
2810408A11Rik,1,0,4,0,0,1,1,0,0,1,0,0,1
2610034B18Rik,4,1,2,8,3,8,2,14,1,3,6,5,4
Ints2,31,18,13,37,35,90,20,88,24,16,47,25,12
Mier2,19,4,25,20,32,65,38,39,16,14,12,22,1
Polr3b,39,35,40,40,57,133,44,92,31,36,43,40,19
Rufy2,94,49,35,47,63,189,61,154,65,69,62,48,34
2610109H07Rik,0,0,0,1,0,1,0,2,0,0,5,0,0
Taf15,133,64,76,135,166,333,90,233,62,90,91,80,61
Cenpl,7,2,6,9,12,34,5,13,10,8,12,3,6
Brp44,37,63,33,21,34,58,23,54,19,16,34,8,49
Wdr77,47,30,26,20,29,106,40,99,43,25,39,25,33
Rprd1b,46,10,39,28,40,130,44,124,47,27,44,29,17
Pnma1,1,2,0,1,3,7,1,1,0,2,4,0,1
Atp6ap2,507,539,361,660,583,1278,357,1046,282,242,501,348,518
Bbx,106,62,42,85,63,264,64,176,62,53,111,74,35
Rnf167,114,57,144,125,122,331,127,276,108,92,130,110,79
Fam86,18,34,45,25,40,98,29,54,21,16,18,24,19
Lca5,6,4,5,4,2,38,7,22,0,2,25,11,2
Glipr2,16,18,15,24,43,10,10,19,2,9,4,24,1
Lrfn2,0,0,0,0,0,0,0,0,0,0,0,0,0
Btf3l4,19,19,18,14,18,47,12,30,12,16,26,5,22
Chrnb3,0,0,0,0,0,0,0,0,0,0,0,0,0
5730437N04Rik,14,20,29,30,33,63,25,70,14,11,39,20,47
Slc25a33,25,30,19,57,33,120,35,83,29,22,31,43,13
Wars2,34,10,16,17,29,45,15,51,12,25,12,15,5
5730469M10Rik,60,201,82,129,94,238,77,204,27,1,125,58,160
Cpm,3,6,12,8,6,2,1,4,2,1,12,7,1
Gfod2,2,7,8,2,7,27,2,14,4,8,6,4,10
Pak4,11,5,15,19,25,39,13,41,10,10,8,22,5
5730455P16Rik,35,18,30,24,45,120,24,78,27,22,30,27,12
Ecd,27,18,39,43,49,96,30,94,26,18,32,32,20
Zfp398,16,7,8,13,13,57,14,42,16,32,15,17,4
Ankrd24,8,3,8,6,5,15,9,15,4,7,4,13,8
Sugp1,20,23,18,25,27,63,22,63,24,25,23,26,17
5730508B09Rik,13,10,3,15,8,8,2,15,3,5,9,2,0
Med26,3,5,13,13,17,44,16,41,15,9,12,15,2
Dcp2,152,129,55,83,152,212,64,188,60,75,109,62,45
Rragd,32,81,32,59,38,128,42,117,19,1,81,32,24
Actr8,26,29,23,51,29,94,35,89,28,38,57,19,30
Zcchc8,63,24,55,41,50,171,47,154,53,49,52,70,29
Tmem144,39,10,25,24,28,134,40,93,31,56,31,29,27
Sik3,79,36,55,78,89,206,76,177,50,41,65,105,5
Prdm16,37,24,38,40,36,116,38,95,17,3,54,25,6
3830403N18Rik,7,3,0,18,0,28,6,25,13,1,9,13,10
Hrct1,0,1,1,4,1,2,1,4,2,1,4,1,1
3830417A13Rik,0,0,0,0,0,0,0,0,0,0,0,0,0
Nup205,81,52,47,65,76,197,53,149,68,58,93,68,87
Pvr,87,46,81,71,114,122,29,96,22,35,40,54,17
Gpr137c,0,6,0,1,1,4,0,3,2,0,6,2,1
6330406I15Rik,0,0,0,0,0,0,0,0,0,0,0,0,0
Rasgef1a,4,1,2,3,4,6,1,2,2,4,0,5,0
6330409D20Rik,2,0,0,3,1,6,4,8,3,0,1,3,0
Rufy3,14,9,6,7,12,47,17,24,11,15,7,17,4
Ppp2r2b,2,2,0,2,4,3,3,9,0,0,1,2,0
3200002M19Rik,5,5,4,8,10,16,4,22,3,12,5,8,7
Kdsr,38,25,19,30,37,85,23,61,23,30,33,23,19
Gpr173,0,1,2,0,1,11,3,0,0,0,0,1,0
Ggnbp1,3,2,8,2,4,1,3,7,0,1,0,2,0
Cwf19l2,62,39,37,47,36,172,35,106,39,58,51,28,54
Prdm5,8,6,6,10,19,27,2,28,5,0,5,2,7
Serpinb7,0,0,0,0,0,0,0,0,0,0,0,0,0
Klhl30,0,0,0,0,1,6,1,0,0,0,2,1,0
Kynu,4,1,2,0,6,3,0,0,0,0,0,0,0
Usp38,97,55,73,115,126,279,64,198,78,85,92,75,41
Cep192,93,30,13,44,60,275,70,205,79,81,84,80,25
Pgrmc2,88,67,49,55,79,216,75,175,63,36,113,66,56
Wdr96,20,40,19,20,22,85,17,44,16,4,25,11,9
Arrdc2,28,5,13,12,18,51,9,36,10,9,10,15,3
Krt34,0,0,0,0,0,0,0,0,0,0,0,0,0
4921507P07Rik,1,3,0,1,1,4,1,1,0,0,1,3,1
Krtap31-1,0,0,0,0,0,0,0,0,0,0,0,0,0
Ldhd,2,1,1,2,7,3,0,2,1,0,1,1,0
P2ry12,4951,3308,3277,3531,3654,16868,5454,13186,5579,6494,5015,3512,5947
Slc22a16,0,0,0,0,0,0,0,0,0,0,0,0,0
Krt28,0,0,0,0,0,0,0,0,0,1,0,0,0
Lrrc63,0,1,0,0,0,1,1,0,0,0,0,0,0
Akr1cl,0,0,0,0,0,0,0,0,0,0,0,0,0
Spata16,0,0,0,0,0,0,0,0,0,0,0,0,0
4921517L17Rik,1,1,1,5,4,2,3,4,1,2,3,6,1
Micalcl,1,0,0,0,3,1,2,1,0,0,1,0,0
Nt5c1b,0,0,0,0,0,0,0,0,0,0,0,0,0
Ints10,33,17,18,45,61,111,29,89,33,29,27,23,28
Ttll7,31,56,27,54,63,59,14,86,12,16,94,24,39
Fam71d,0,0,0,0,0,0,0,0,0,0,0,0,0
4921524L21Rik,0,0,0,0,0,0,0,0,0,0,0,0,0
Lpcat2b,0,0,0,0,0,0,0,0,0,0,0,0,0
4921504E06Rik,0,0,0,0,0,0,0,0,0,0,0,0,0
Nsun7,6,0,0,0,0,7,2,1,1,0,3,2,0
4921511H03Rik,0,0,0,0,0,0,0,0,0,0,0,0,0
Usp15,104,72,46,84,109,278,67,194,89,85,78,79,63
Speer4f,0,0,0,0,0,0,0,0,0,0,0,0,0
Wdr20b,0,0,0,0,0,1,0,0,0,0,0,0,0
4921528I01Rik,0,0,0,0,0,0,0,0,0,0,0,0,0
Tex19.2,0,0,0,0,0,0,0,0,0,0,0,0,0
Psd3,33,20,7,33,31,77,14,52,28,5,43,30,20
Pgm2l1,29,9,10,19,16,66,17,54,19,17,17,20,9
Ccdc105,0,0,0,0,0,0,0,0,0,0,0,0,0
4931407G18Rik,0,0,0,0,0,0,0,0,0,0,0,0,0
4931417G12Rik,1,0,0,0,0,2,0,1,0,0,0,0,0
4931431F19Rik,0,0,0,0,0,0,0,0,0,0,0,0,0
4931423N10Rik,0,0,0,0,0,0,0,0,0,0,0,0,0
Prss54,0,0,0,0,0,0,0,0,0,0,1,0,0
Spef1,4,9,6,10,12,37,8,29,4,3,13,11,7
Phf6,56,24,20,43,47,59,23,81,19,30,47,19,14
Naa40,30,16,32,32,34,138,33,84,31,38,24,40,16
Prss41,0,0,0,1,0,1,0,0,0,0,0,1,0
Spats1,1,0,0,0,0,1,0,0,0,0,0,0,0
Speer3,0,0,0,0,0,0,0,0,0,0,0,0,0
Tmem30c,0,0,0,0,0,0,0,3,0,0,0,0,0
Ept1,45,57,26,43,29,119,41,100,39,28,71,31,56
Pcgf6,19,6,13,13,7,34,8,35,5,12,6,16,8
4933405L10Rik,0,0,0,1,0,0,0,0,0,0,0,0,0
Tekt3,0,0,0,0,0,0,0,1,0,0,0,0,0
Hsfy2,0,0,0,0,0,0,0,0,0,0,0,0,0
Rimklb,1,0,1,2,2,8,0,11,0,0,1,0,1
Adam30,0,0,0,0,3,0,1,2,1,0,0,0,0
Arhgap19,22,4,12,11,7,74,12,51,27,28,24,20,19
4933412E24Rik,0,0,0,0,0,0,0,0,0,0,0,0,0
12-Sep,0,0,0,0,0,0,0,0,0,0,0,0,0
Sntg1,0,0,0,0,0,0,0,0,0,0,0,0,0
Tssk4,0,0,0,0,0,0,0,0,0,0,1,0,0
Gpr39,0,0,0,0,0,4,2,0,0,3,0,1,1
Zranb3,10,3,9,10,3,16,8,15,13,11,10,6,2
Cabyr,5,3,1,5,0,8,2,4,5,3,4,1,6
Oxsm,31,14,18,20,25,78,20,51,26,11,29,11,20
4933413G19Rik,0,0,0,0,0,0,0,0,0,0,1,0,0
Eri2,17,14,8,21,15,57,13,39,9,19,25,13,18
4933416I08Rik,0,0,0,0,0,0,0,0,0,0,0,0,0
4933421I07Rik,0,0,0,0,0,0,0,0,0,0,0,0,0
Zdhhc11,0,0,0,0,0,2,0,0,0,0,0,0,0
Nbas,63,55,36,63,73,198,53,166,46,54,77,75,35
Nipbl,374,200,134,279,260,896,245,779,265,351,271,289,51
Fbxo24,0,0,7,1,2,5,1,5,0,2,0,1,0
Iqgap2,49,72,36,44,23,83,23,64,17,2,45,31,22
Otud1,138,25,74,126,128,506,121,374,156,141,149,134,27
Dydc2,1,7,5,6,11,3,2,9,0,0,8,0,7
Katnal2,0,11,2,7,9,17,5,15,0,0,9,5,9
Nudt4,116,87,127,161,186,611,126,400,121,124,168,129,65
Cage1,0,0,0,11,1,6,3,5,0,1,1,1,0
Dym,39,21,25,45,27,130,39,80,29,29,33,25,13
Enkur,7,3,2,13,2,43,2,18,5,3,3,3,7
Dmrtc2,0,0,0,0,0,0,0,0,0,0,0,0,0
Spata24,4,6,2,2,2,9,3,8,2,2,3,10,9
Poc1b,39,22,30,35,40,78,22,81,29,33,28,27,15
Mro,0,0,0,0,0,8,1,2,1,0,1,0,0
4933437F05Rik,4,2,0,0,4,5,2,2,0,3,1,0,0
Ccdc57,2,2,6,5,1,12,3,10,0,1,1,4,1
Taf3,23,8,9,19,18,55,14,57,12,20,15,15,2
Cpvl,0,0,0,0,0,0,0,0,0,0,0,0,1
Rnf148,0,0,0,0,0,0,0,0,0,0,0,0,0
Fsip1,1,3,0,1,0,8,3,1,2,0,3,0,0
Rassf8,10,11,18,26,10,57,21,36,20,12,23,11,15
Tchhl1,0,0,0,0,0,0,0,0,0,0,0,0,0
Treml1,0,0,0,4,4,4,1,2,0,0,0,1,0
Rcbtb1,35,33,28,39,33,140,51,99,35,37,41,33,28
5430402E10Rik,0,0,0,0,0,0,0,0,0,0,0,0,0
Cpne3,152,104,59,139,131,328,101,288,102,90,148,82,112
Col24a1,0,0,0,0,0,0,0,0,0,0,0,0,0
Krtap7-1,0,0,0,0,0,0,0,1,0,0,0,0,0
Pdss2,6,5,8,12,9,22,6,17,4,6,9,5,5
Fam57a,0,0,2,0,0,3,0,4,2,1,6,2,3
5430425J12Rik,0,0,0,0,0,0,0,0,0,0,0,0,0
Kctd6,29,24,21,23,45,90,21,73,21,23,29,27,11
5530400C23Rik,0,0,0,0,0,0,0,0,0,0,0,0,0
Fam83c,0,0,0,0,0,0,0,2,0,0,0,0,0
Dhrs2,0,0,0,0,0,0,0,0,0,0,0,0,0
Amtn,0,0,0,0,0,0,0,0,0,0,0,0,0
Tmem80,7,6,13,8,6,14,5,26,8,6,8,10,8
Ankrd40,112,81,86,107,115,330,95,263,85,59,141,89,35
Krtap2-4,0,0,0,0,0,0,0,0,0,0,0,0,0
2610015P09Rik,23,8,13,21,18,47,13,58,11,16,17,18,13
Obox1,0,0,0,0,0,0,0,0,0,0,0,0,0
Alpk1,56,22,26,33,51,66,16,61,25,12,20,55,11
Bbs7,22,18,14,28,22,46,10,54,9,4,22,12,11
9030624J02Rik,128,47,124,87,126,337,72,257,97,123,95,123,88
Cyp2u1,6,3,2,4,4,6,5,5,4,0,9,4,0
Grap,60,17,105,70,87,156,47,163,49,64,64,48,64
Ggt6,0,0,0,0,0,0,0,2,0,0,0,0,0
Arhgap42,12,31,25,38,22,74,14,56,11,1,39,21,9
Afmid,11,1,11,2,17,24,7,25,5,8,9,8,4
Fam110c,0,0,0,0,1,0,0,0,0,0,0,0,0
Izumo4,2,1,4,1,3,15,2,9,4,2,3,5,3
Mcm9,20,6,22,17,13,56,9,35,15,12,17,14,3
Sval1,0,0,0,0,0,0,0,0,0,0,0,0,0
9130008F23Rik,0,1,0,0,0,0,0,0,2,0,2,1,4
Ifih1,237,122,110,219,238,164,38,131,45,58,57,48,22
Isx,0,0,0,0,0,0,0,0,0,0,0,0,0
Ceacam20,0,0,0,0,0,0,0,0,0,0,0,0,0
Snx20,21,10,23,28,26,74,26,69,31,43,20,23,6
Arl14,0,0,0,0,0,1,0,0,0,0,0,0,0
Krtap5-2,0,0,0,0,0,0,0,0,0,0,0,0,0
Rarres2,10,8,24,18,8,75,11,52,9,13,15,3,27
Mettl7b,0,0,0,0,0,0,0,0,0,0,0,0,0
0610007C21Rik,115,96,120,119,141,311,90,227,94,82,126,68,198
Acy3,1,1,0,0,1,0,1,1,1,0,2,0,1
Rnf215,32,22,44,39,43,119,48,71,37,27,39,36,13
0610010F05Rik,28,18,22,31,23,67,28,64,25,13,32,22,16
Brox,99,45,71,62,82,216,64,207,54,66,48,52,54
Atp5h,24,53,12,39,58,88,32,93,19,13,53,19,77
Galnt14,0,0,0,0,0,4,1,3,0,0,0,0,0
Tmem25,1,1,3,0,1,2,2,0,0,0,0,0,0
Colec11,0,0,0,0,0,0,0,1,0,0,0,0,0
Pnpt1,65,54,33,47,84,94,34,90,19,29,46,31,48
Armcx3,15,15,20,19,11,45,16,29,11,10,31,16,20
Arhgef3,74,96,76,118,116,155,62,157,52,45,87,55,56
Slc46a3,85,45,69,97,88,318,110,250,80,114,115,76,71
Ubiad1,15,5,12,10,6,24,7,25,9,9,16,8,5
Csnk1d,203,89,187,266,267,578,169,554,182,175,192,185,70
Syde1,6,2,11,8,10,31,15,21,3,0,15,10,2
Mus81,16,1,19,17,37,59,18,41,13,18,7,15,15
Dram1,17,7,11,13,15,9,6,4,4,0,4,13,7
Cdc40,84,39,55,50,63,153,52,115,58,65,63,71,55
Dhx34,25,9,34,31,50,77,22,62,21,25,16,23,3
Tns1,477,160,352,413,508,705,223,674,233,215,409,353,20
Smug1,15,7,2,12,3,8,4,13,6,7,10,0,1
Stk11ip,48,15,49,49,46,159,37,111,31,39,42,73,19
Vps11,107,62,102,83,132,264,96,194,76,91,93,71,44
Susd2,1,0,0,2,1,5,0,3,0,0,1,3,1
Lrwd1,10,5,20,15,38,41,33,37,28,31,11,10,6
Ppp1r12a,149,67,58,155,144,396,121,310,116,130,130,142,41
Ulk3,17,9,11,14,23,96,20,54,24,14,24,25,12
Coasy,17,20,22,27,32,69,38,73,19,36,22,35,18
Rhpn2,8,21,2,11,10,31,11,25,2,2,19,13,9
Gramd1a,236,86,292,309,482,657,195,499,156,144,129,255,54
Gtf3c2,146,73,106,146,133,492,147,357,120,128,121,162,38
Tmprss6,0,0,0,0,0,0,1,0,0,0,0,0,1
Dhdh,22,2,6,14,15,58,9,37,25,8,16,16,8
Cpn2,0,0,0,0,0,0,0,0,0,0,0,0,0
1300018J18Rik,31,9,25,41,39,98,42,73,30,28,34,28,16
1300010F03Rik,51,51,57,75,67,180,42,141,36,43,64,50,38
Amdhd1,0,0,0,0,0,0,0,0,0,0,0,0,0
C2cd2l,32,16,38,44,33,78,37,68,21,23,14,34,8
Raver1,42,23,54,59,59,134,53,127,42,51,49,50,9
Tysnd1,12,3,13,10,5,27,11,33,8,6,10,7,1
Vwce,0,1,1,0,0,0,0,0,0,0,0,0,0
Bbs10,4,7,3,7,4,6,5,14,4,3,5,3,2
Shroom1,0,0,4,1,2,21,6,11,4,0,8,7,2
1300017J02Rik,0,0,0,0,0,0,0,0,0,0,0,0,0
Tha1,15,16,20,12,28,17,5,14,9,1,12,14,0
8-Mar,67,96,71,95,110,276,76,188,65,57,120,93,46
Slc16a14,1,0,0,0,1,0,1,0,0,0,0,0,0
Ankle2,155,69,85,117,108,326,103,312,127,136,135,89,44
Pdgfd,13,30,21,30,22,58,11,63,16,6,64,24,54
Trnau1ap,8,16,22,15,34,46,30,45,18,27,22,12,22
Cpa4,0,0,0,0,0,0,0,0,0,0,0,0,0
Ints12,71,56,25,50,81,169,47,119,29,37,43,31,31
Chst13,0,0,0,0,0,0,0,0,0,0,0,0,0
Fam54a,1,0,0,0,3,9,1,1,0,0,1,3,0
Ranbp3,35,12,53,48,69,139,60,135,37,36,43,51,21
Rnf180,33,16,28,52,21,150,48,107,38,43,43,31,24
Tmem50a,179,121,199,229,282,554,197,425,145,215,185,160,325
Caskin1,4,3,3,6,8,14,5,13,1,1,4,8,0
1700006A11Rik,0,0,0,0,0,0,0,0,0,0,0,0,0
1700001F09Rik,0,0,0,0,0,0,0,0,0,0,0,0,0
Lrrc34,3,8,4,7,7,20,5,12,2,0,11,2,8
Ddi1,0,0,0,0,0,0,0,1,0,0,0,0,0
Pdilt,0,0,0,0,0,0,0,0,0,0,0,0,0
Csl,0,0,0,0,0,3,0,0,0,0,0,1,0
Dcaf7,141,81,92,124,112,371,144,383,121,113,145,128,54
Zbtb43,35,20,14,47,58,128,30,81,35,44,33,50,32
1700003E16Rik,1,1,2,5,2,7,2,6,0,0,2,5,1
Phf7,12,9,5,7,12,39,14,23,8,10,7,14,12
Osgin1,4,2,22,14,25,21,6,23,4,2,4,5,4
Tekt4,0,0,0,1,1,6,0,2,0,0,0,0,3
1700008I05Rik,0,0,0,0,0,0,0,0,0,0,0,0,0
Gmcl1l,0,0,0,0,0,0,0,0,0,0,0,0,0
Pdia6,337,334,392,404,504,934,424,999,330,247,378,287,539
Dpep3,0,0,0,0,0,0,0,0,0,0,0,0,0
Wfdc3,0,0,0,3,2,6,3,0,2,0,0,0,1
Wdr16,13,33,10,37,18,58,12,58,10,0,33,7,27
Zswim2,0,0,0,0,0,0,0,0,0,0,0,0,0
1700019O17Rik,0,0,0,0,0,0,0,0,0,0,0,0,0
1700026J04Rik,3,1,0,1,2,5,4,9,1,0,4,5,5
1700023E05Rik,1,0,0,0,0,3,0,0,0,0,0,0,0
Ccdc19,5,10,11,8,9,19,7,18,11,1,11,3,5
Mlf1ip,41,17,13,20,33,68,18,44,27,30,23,16,8
Efhc1,10,24,12,20,6,48,12,35,3,0,16,9,14
Fam83d,1,0,0,3,0,1,0,3,0,0,0,0,0
Acsl5,161,85,147,198,142,291,115,271,142,117,109,101,77
2310001A20Rik,90,98,71,85,84,212,63,136,46,36,94,43,108
Coq2,35,17,19,30,40,72,22,71,24,16,28,36,20
Chit1,0,0,1,0,0,0,1,2,0,0,1,0,1
2310003H01Rik,10,4,19,11,10,29,9,27,7,8,9,14,4
Ppm1j,1,0,3,1,1,2,0,2,0,0,0,0,0
Krt33a,0,0,0,0,0,0,0,0,0,0,0,0,0
Epn3,14,26,45,59,29,84,49,61,6,0,50,22,11
Mad2l2,13,13,7,9,23,25,8,24,10,5,15,10,13
Cdadc1,32,45,30,26,28,95,38,95,18,17,50,31,42
Noxo1,14,1,6,4,7,28,8,15,7,1,8,2,3
Lypd6b,0,0,0,1,0,2,0,1,0,1,1,0,7
Tmem106b,196,247,148,206,192,551,172,479,174,137,312,141,222
Cand1,176,139,86,191,188,499,143,386,107,147,177,159,101
Paqr7,46,29,83,88,82,185,56,136,58,69,60,57,39
Serpina9,0,0,0,0,0,0,0,0,0,0,0,0,0
Cldn23,0,0,0,0,0,1,0,1,3,0,0,0,0
Haus5,5,2,4,1,5,2,4,14,3,1,1,5,1
Ppapdc1b,20,14,17,21,14,45,14,53,12,5,14,11,24
Jsrp1,0,0,0,0,0,1,0,0,0,0,0,0,0
Dus4l,7,7,7,12,6,10,3,14,6,4,6,6,11
Rpap3,6,5,11,8,14,29,16,29,8,9,8,9,10
2310047M10Rik,9,5,12,8,18,24,7,49,6,15,12,8,3
Tube1,0,1,0,2,0,2,0,1,0,2,0,5,4
Itfg1,218,329,167,238,190,562,200,474,180,131,333,144,255
Rpusd1,3,4,2,4,9,13,2,9,4,3,3,4,3
Tom1l1,43,61,36,74,65,188,39,127,43,35,61,35,70
Xrcc4,41,20,16,18,25,47,14,35,21,31,20,9,40
Endod1,150,116,136,101,82,319,132,299,91,91,146,100,64
2310067B10Rik,29,21,36,42,40,91,36,92,32,34,33,43,7
Lass5,60,62,57,61,76,220,65,156,51,45,74,63,56
Napg,58,33,30,48,57,131,46,128,56,46,54,41,32
2400003C14Rik,149,98,107,159,185,420,89,361,97,120,115,114,129
Rnf135,34,11,37,16,34,88,20,80,19,29,32,24,17
Cpsf3l,26,8,14,19,37,82,40,67,25,23,34,22,24
Myh14,11,23,19,38,27,62,26,48,7,0,17,24,0
Gatsl3,7,6,12,11,20,40,8,19,10,12,9,20,10
Cdca4,19,10,41,28,37,87,34,69,25,29,19,20,22
Nkiras2,11,11,37,21,23,66,19,42,9,17,18,24,12
Zswim1,13,3,12,4,4,35,11,35,3,3,4,3,2
Dnmbp,29,14,12,24,24,95,30,67,26,37,30,36,5
Rbpms2,3,5,4,2,6,8,3,7,7,0,5,6,2
Zdhhc13,51,46,29,55,44,115,39,90,39,45,33,36,53
Ppp2r2a,161,54,62,137,137,260,81,206,70,89,102,72,30
2410012M07Rik,0,0,0,0,0,0,0,0,0,0,0,0,0
Tdrd12,0,0,0,0,0,0,0,1,0,0,0,0,0
Tmco6,13,13,15,19,27,43,24,41,25,18,16,13,25
Acad10,5,3,5,11,17,13,5,11,1,4,8,6,1
Ddx28,2,3,9,11,12,16,5,27,5,3,7,9,0
Esco2,1,3,0,0,2,7,2,5,0,4,1,1,2
Rpusd4,16,6,21,30,13,48,13,47,10,18,23,24,33
Ddx54,43,9,56,57,85,136,33,115,21,29,19,51,15
Ercc8,8,6,4,8,7,20,2,23,9,10,14,12,4
D1Bwg0212e,31,20,33,26,32,90,24,65,29,20,41,19,5
Cnn3,94,125,119,147,159,233,73,213,25,13,117,67,89
1600014K23Rik,0,0,0,0,0,0,0,0,0,0,0,0,0
1500002O20Rik,32,10,38,46,42,70,19,86,31,22,19,26,5
Slc25a35,5,4,10,4,4,3,7,10,4,6,5,6,3
Fbxo22,39,41,34,29,36,94,30,75,28,29,29,35,15
1600016N20Rik,0,0,0,1,4,4,0,5,1,0,1,3,2
Tmem38b,19,27,24,36,43,68,14,46,13,8,23,26,31
Zfyve19,40,9,23,44,53,92,34,82,31,24,31,33,13
Btbd17,0,0,0,0,0,1,0,0,0,0,0,0,1
1600002H07Rik,1,4,4,4,6,14,4,11,2,3,5,1,4
Cyb5r1,32,14,37,39,36,111,38,85,22,29,37,27,27
Fundc1,74,74,49,100,84,195,67,159,73,78,79,56,92
Zfp654,53,47,37,64,55,195,41,98,38,49,71,42,19
Slc35f2,0,0,2,3,4,11,1,13,2,3,20,4,8
Trmu,7,5,11,3,15,25,8,19,8,4,6,5,2
Slc39a4,14,35,44,36,29,56,24,37,9,5,16,13,37
Cnpy3,81,49,97,104,122,241,130,220,86,80,67,85,38
Alkbh4,4,0,2,2,5,12,4,16,1,6,6,5,7
Cotl1,134,47,323,222,252,648,207,514,167,176,129,156,98
Sulf2,14,6,18,28,17,94,27,57,29,14,23,21,14
Ddx42,136,71,82,132,145,412,78,323,135,124,122,96,42
Tnfrsf13c,0,0,1,0,0,0,0,0,0,0,0,0,0
Tmub2,34,19,58,42,62,132,44,114,38,33,47,54,27
1810055G02Rik,5,11,8,14,12,35,6,8,3,3,6,8,0
2010111I01Rik,14,17,19,11,20,30,6,33,11,10,15,22,11
Chaf1b,1,0,2,1,4,3,0,4,1,1,0,0,0
Anks4b,0,0,0,0,0,0,0,0,0,0,0,0,0
Gcnt3,0,0,0,0,0,0,0,0,0,0,0,0,0
Cyp2c55,0,0,0,0,0,0,0,0,0,0,0,0,0
Osgepl1,21,20,11,18,19,46,8,25,10,13,22,13,28
Entpd8,0,0,0,0,0,0,0,0,0,0,0,0,0
Ugt2a3,0,0,0,0,0,0,0,0,0,0,0,0,0
Mettl10,11,20,10,10,10,36,7,28,16,11,10,5,16
2010300C02Rik,4,2,11,1,8,15,6,21,1,1,7,8,4
Tmem68,83,60,55,52,54,232,82,180,77,61,90,60,120
Dusp11,198,111,85,142,241,515,144,377,166,190,186,154,129
Jmjd8,62,70,126,116,134,283,102,258,73,47,92,83,74
Ddhd2,43,21,31,36,45,148,46,116,38,27,59,40,30
Ppp1r14d,0,0,0,0,0,0,1,0,0,0,0,0,0
Adck1,21,15,14,29,29,58,27,47,29,11,24,23,21
Zbed3,17,5,3,13,9,45,12,31,13,5,19,6,1
Naa50,165,109,84,230,241,690,128,448,130,158,173,114,113
Pygo1,1,6,1,7,3,5,1,2,2,0,2,3,2
Chst14,10,3,17,6,9,22,10,37,10,7,10,5,5
Wdsub1,16,22,15,29,36,104,16,46,18,15,31,23,18
Ddb2,80,51,55,75,68,216,59,171,61,61,45,35,32
Ccdc123,10,13,23,16,13,45,21,33,13,8,15,20,8
Adpgk,34,32,46,26,41,96,32,48,24,24,26,30,13
Slc37a3,19,14,20,22,23,87,38,74,23,16,33,32,19
Zbtb46,9,4,12,4,13,9,3,13,3,2,12,16,0
Strada,44,20,52,57,47,154,41,119,45,55,34,58,19
Frmd6,18,6,6,10,22,37,7,11,9,6,15,11,4
Rfc5,9,2,13,7,7,11,3,15,5,7,7,4,3
2610020H08Rik,9,2,6,4,11,26,7,16,7,2,5,3,1
Zfp157,31,15,38,23,18,78,32,81,30,24,36,43,29
Cenpn,7,0,0,3,6,4,5,3,3,0,1,1,1
Pgm2,30,26,26,39,45,105,29,66,30,22,24,17,32
Egln3,2,2,2,0,1,13,2,4,2,0,2,3,0
Tmem163,0,2,0,0,0,3,0,7,0,0,1,2,0
Dhx36,122,99,56,86,76,272,82,196,76,53,114,79,61
Thumpd2,7,2,6,12,4,33,8,15,9,12,7,9,12
Atxn7l1,18,15,10,21,20,30,15,33,12,14,23,24,8
Mfsd8,39,20,11,18,14,85,13,38,22,8,24,4,16
Nsun4,25,24,10,27,32,53,15,48,12,21,23,18,15
Klhl35,1,0,0,0,1,1,1,2,1,0,0,0,0
Dbndd1,1,1,2,2,7,8,1,4,0,1,1,1,2
Scaf11,226,115,122,228,187,770,212,599,222,232,246,190,82
Fbxl20,146,68,81,143,142,400,125,376,132,110,155,154,41
Supt7l,14,16,24,18,24,57,17,48,17,6,21,18,10
Skiv2l2,81,79,74,82,102,267,89,205,79,88,105,60,84
Mms19,100,40,80,106,160,291,85,254,82,96,75,88,51
1700001P01Rik,0,0,0,0,0,0,0,0,0,0,0,0,1
Fam75d3,0,0,0,0,0,0,0,0,0,1,0,0,0
1700021F07Rik,0,0,0,0,0,0,0,0,2,0,0,0,0
Tbc1d5,151,41,115,141,111,429,120,359,123,166,131,128,44
1600014C23Rik,0,0,0,0,0,0,0,0,0,0,0,0,0
Fam71e1,1,2,2,0,0,1,0,0,0,0,1,0,0
1700030K09Rik,12,11,11,7,17,43,12,36,16,17,11,29,10
Tram1,295,168,166,213,183,695,205,590,193,231,262,162,228
Lrrc8e,0,0,0,0,0,0,0,0,0,0,0,0,0
Ndufab1,8,3,8,8,8,14,5,7,4,2,9,3,3
2200002D01Rik,0,0,2,0,2,2,2,6,0,0,1,1,0
1700030F18Rik,0,0,0,0,0,0,0,0,0,0,0,0,0
Sh2d4a,1,3,0,0,1,3,0,1,0,0,0,3,2
1810062G17Rik,0,0,0,4,0,2,0,0,0,0,0,0,0
Oraov1,16,4,19,8,16,28,14,26,13,12,18,13,22
Lsm11,7,5,2,1,7,18,5,27,9,10,6,2,0
Nkd2,1,2,4,0,3,8,1,14,5,5,3,3,1
Rusc1,6,3,28,12,20,40,10,30,9,6,8,18,7
B3gnt3,7,2,11,4,11,6,3,8,3,0,3,10,0
Cyp2c65,0,0,0,0,0,0,0,0,0,0,0,0,0
Brf1,41,26,43,49,87,218,67,147,48,43,62,76,29
Fryl,156,71,71,99,103,435,93,265,91,82,156,181,46
Cyth4,597,230,782,665,887,2440,881,2151,700,751,577,779,321
2510003E04Rik,67,60,69,72,80,214,63,141,68,47,72,61,63
Xpo5,69,48,44,71,65,171,52,147,49,46,54,63,41
1300018I17Rik,42,20,43,44,52,157,50,132,38,38,35,70,18
Kbtbd5,0,0,0,0,0,0,0,0,0,0,0,0,0
Wdr89,9,4,1,3,3,13,5,15,5,1,9,2,4
Dusp3,63,52,85,112,136,294,55,203,61,42,110,102,27
Ptar1,13,22,20,20,18,58,14,30,8,7,23,18,10
2210016L21Rik,7,5,10,7,15,35,15,34,5,12,11,10,7
Psca,0,0,0,0,0,0,0,0,0,0,0,0,0
Fam192a,36,16,47,54,51,109,31,86,26,37,49,32,37
Cdkn3,0,0,0,2,1,3,0,3,0,0,2,0,1
Rbm12b,9,7,0,4,7,33,11,29,7,11,9,6,9
Brap,45,27,43,79,61,157,48,142,50,48,62,49,14
Pinx1,12,10,9,9,13,42,19,13,9,9,9,7,11
Shmt2,6,3,19,13,20,35,20,38,18,16,14,20,6
Kcnmb2,0,0,0,0,0,0,0,0,1,0,0,0,0
Sgol1,0,2,0,0,2,13,1,3,3,0,0,1,0
Lrpprc,125,88,73,106,117,270,90,261,91,67,132,101,71
Rbm33,239,63,117,201,168,627,152,455,203,183,171,200,37
Ttc30b,16,33,27,29,19,47,15,41,8,3,15,15,12
Ceacam18,1,1,0,3,1,1,0,1,0,1,0,1,0
Rab38,0,6,1,8,7,10,0,13,1,0,8,0,5
Htatsf1,46,42,31,65,54,148,36,128,39,29,52,46,25
Prcp,171,60,119,156,148,425,156,371,172,142,161,100,132
Zfp131,0,0,0,0,0,0,0,0,0,0,0,0,0
Tmem87b,132,81,60,86,117,312,90,226,91,79,92,104,75
Acbd6,14,5,17,19,19,31,2,29,10,12,8,8,4
Dzip1l,1,4,5,6,6,11,4,11,1,0,7,3,1
Immp1l,8,15,11,7,5,24,5,12,4,3,6,1,8
Tmem173,341,295,406,312,415,1146,457,987,407,407,360,326,427
Setd3,91,65,80,101,110,293,74,219,68,72,117,82,78
Fgfbp3,1,0,0,0,2,0,0,1,0,0,0,3,0
Tmem55a,53,42,14,36,43,148,33,102,27,27,62,23,58
Col16a1,2,0,1,0,0,1,0,4,0,0,2,0,0
Aldh1b1,4,0,3,1,3,6,1,1,2,0,2,2,1
Exosc6,1,0,9,4,7,4,3,6,3,1,3,3,2
1700112E06Rik,0,0,4,0,0,1,0,0,0,2,1,1,5
Utp14a,75,26,23,56,74,132,34,118,53,37,43,29,25
Naalad2,39,23,18,29,26,128,28,76,24,47,32,38,24
Pcbd2,4,1,8,8,9,7,3,12,3,6,12,1,17
Uaca,48,26,60,66,123,67,30,62,20,21,80,93,29
Bbs5,6,28,10,12,20,32,15,27,5,2,22,12,18
Zufsp,113,61,46,89,104,197,59,136,51,64,63,58,40
Pan3,279,79,87,202,175,618,189,521,205,209,190,191,65
Ppme1,25,26,41,31,53,148,41,100,45,20,41,38,37
Pdia5,15,5,27,18,15,30,6,43,17,17,9,5,15
Car10,15,54,21,35,14,75,24,47,3,0,38,31,25
2700029M09Rik,35,20,17,48,46,127,29,91,35,43,37,30,35
Pih1d2,2,14,3,9,3,24,6,10,1,0,12,6,15
Anks3,40,18,37,45,58,127,53,112,37,29,32,46,25
Pdzd11,27,36,28,58,52,101,21,52,19,15,36,12,63
Pus10,26,36,24,43,41,107,39,97,37,36,35,34,26
Hspa12b,4,0,6,6,3,23,11,31,8,5,32,14,9
Tdrkh,28,8,11,29,21,37,11,50,15,17,24,20,20
Mob2,17,23,30,26,39,70,36,62,18,22,28,34,42
Ccdc12,13,11,34,24,50,86,40,56,25,26,13,20,54
2700097O09Rik,4,6,2,9,13,32,6,23,9,8,9,9,6
Dis3,49,21,14,43,44,96,28,95,31,27,31,30,18
2810030E01Rik,2,2,1,0,1,7,0,6,1,2,4,0,5
Zfp518a,92,86,66,68,74,239,48,189,70,52,72,71,54
Adipor1,153,124,197,225,237,606,207,509,176,146,224,167,156
Zcchc12,3,13,1,1,0,7,4,4,2,1,3,0,6
Zfp618,0,0,0,1,1,0,1,2,0,0,2,2,0
Angptl1,4,0,1,1,2,3,0,6,4,4,5,2,3
Zfp248,2,6,4,3,2,12,2,22,3,6,7,1,8
Tmx1,113,168,95,106,138,349,101,285,94,88,170,72,156
Ttc39c,5,5,7,4,4,12,4,2,6,0,3,0,0
Tmem135,222,141,190,226,244,724,190,550,186,212,213,149,118
Neil1,1,1,6,5,5,7,7,16,4,4,4,8,2
Sass6,15,7,5,8,9,47,13,31,21,16,17,8,8
Rspo3,0,5,1,4,3,4,0,7,0,0,1,0,2
Tdp1,25,12,23,21,20,68,10,48,9,24,17,24,16
Tmem48,9,4,13,10,15,32,11,31,15,14,18,7,15
Ssbp1,14,16,8,9,24,48,21,43,19,13,14,14,12
Ttc19,18,30,17,18,32,72,16,59,12,18,18,20,10
Mon1a,9,6,10,12,17,33,9,23,6,4,10,16,5
Pot1b,36,23,20,35,36,158,33,86,56,28,53,35,29
Mblac2,9,12,4,3,6,29,6,18,7,3,17,8,4
Cxx1c,4,2,12,12,15,20,11,14,7,2,12,10,22
Pfn4,0,0,0,0,0,0,1,1,1,0,0,0,1
2900006K08Rik,4,10,1,8,9,28,5,31,4,6,5,4,6
Zdhhc4,14,8,11,21,17,46,14,35,17,11,7,16,11
Ccdc94,8,0,8,11,16,18,11,17,5,7,5,6,2
Setd5,268,96,164,201,225,729,157,590,165,211,216,248,37
Asphd2,0,0,0,1,0,0,1,0,0,0,0,0,0
Ndufv2,75,121,60,115,105,211,83,163,60,43,111,50,175
Anln,7,3,4,2,2,16,0,13,5,2,7,3,2
Hspb11,3,5,3,1,10,12,2,11,6,2,7,4,14
Agxt2l2,20,13,9,27,23,59,14,48,19,17,11,17,11
Ccnt2,132,77,89,98,111,269,75,242,83,95,106,91,61
Zfp493,4,6,2,2,1,14,7,9,2,3,5,7,4
Top1mt,10,7,3,7,1,20,5,7,4,1,4,9,6
Prkrir,57,57,27,75,80,130,43,127,49,35,89,55,48
Tmem138,9,6,2,4,7,20,7,17,7,1,11,4,7
Ciz1,52,15,70,52,60,181,63,118,32,36,37,65,12
Kremen2,0,0,0,0,0,0,0,0,0,0,0,0,0
Ttc9b,0,0,0,0,0,0,0,2,0,0,0,0,0
Glrx5,6,4,16,11,15,23,9,24,6,7,15,4,9
Camk2n2,0,0,0,0,1,0,0,0,1,0,0,0,0
Gtpbp5,8,6,18,21,17,49,15,32,9,8,17,12,19
3110007F17Rik,0,2,0,0,0,5,2,1,0,0,2,1,0
Tmem192,8,10,21,23,28,31,9,27,12,11,16,11,14
Fut11,33,13,24,21,20,77,23,55,15,22,38,21,19
Ppil6,6,3,3,4,4,21,1,13,0,0,6,0,1
Pmpcb,86,62,68,69,92,183,56,143,55,33,85,45,75
2900092C05Rik,0,0,0,0,0,0,0,0,0,0,0,0,0
3110003A17Rik,31,24,19,42,32,70,20,49,20,32,29,17,39
Fam101a,0,1,1,0,3,3,1,3,0,0,1,3,0
Prkcdbp,20,14,35,12,44,20,9,14,3,1,11,9,12
Trip11,116,82,49,88,107,337,51,280,98,99,129,112,25
Prrc1,54,29,69,58,51,147,50,138,49,47,81,53,17
Cenpv,5,2,0,2,4,21,3,14,3,7,5,5,3
Gulp1,16,92,17,41,39,60,13,72,14,2,54,11,47
Larp1,229,93,140,215,247,543,167,520,143,129,165,195,22
Otud3,4,6,2,7,6,23,9,20,8,3,7,11,1
Tm7sf2,8,8,3,4,4,12,7,5,3,2,6,9,12
Wasl,88,59,55,79,80,211,54,196,54,76,104,85,39
Fezf1,0,0,0,0,0,0,0,0,0,0,0,0,0
3110082I17Rik,15,3,13,16,19,33,9,16,7,3,5,8,1
Bmper,1,2,1,5,2,1,0,4,0,3,1,0,3
3110079O15Rik,0,0,0,0,0,0,0,0,0,0,0,0,0
3110082D06Rik,0,0,0,0,0,2,0,0,0,0,0,0,0
Prl8a1,0,0,0,0,0,0,0,0,0,0,0,0,0
Rassf6,0,1,0,0,0,1,0,0,0,0,0,0,0
1600027N09Rik,14,5,14,6,10,34,16,30,9,5,12,8,6
Ceacam5,0,0,0,0,0,0,0,0,0,0,0,0,0
Ccdc18,3,0,0,1,0,9,2,1,1,1,2,0,0
Cib4,0,0,0,0,0,0,0,0,0,0,0,0,0
1700037C18Rik,0,0,7,0,3,5,1,10,0,0,1,2,0
1700040L02Rik,2,16,4,8,5,27,9,9,5,0,6,2,14
Ccdc103,5,6,2,2,2,4,3,6,2,0,6,1,4
Rhobtb3,1,2,2,1,2,11,5,7,2,1,8,0,0
1700031F05Rik,0,0,0,0,0,0,0,0,0,0,0,0,0
Lrrc69,0,0,0,0,0,0,0,0,0,0,0,0,0
Calr3,3,3,2,1,4,6,0,2,1,0,5,0,4
Actrt2,0,0,0,0,0,0,0,0,0,0,0,0,0
Actrt1,0,0,0,0,0,0,0,0,0,0,0,0,0
1700056E22Rik,0,0,0,0,0,0,0,0,0,0,0,0,0
Col20a1,0,0,3,0,4,0,1,6,4,0,0,0,0
Phospho2,38,35,23,28,34,67,22,103,41,42,26,39,60
Dcbld2,74,48,46,61,73,114,21,80,28,20,49,48,15
Cmtm2b,0,0,0,0,0,0,0,0,0,0,0,0,0
Prss52,0,0,0,0,0,0,0,0,0,0,0,0,0
Pebp4,0,0,0,0,2,1,0,0,0,0,0,0,0
Fam177a,0,0,0,0,0,0,0,0,0,0,0,0,0
Bpifa3,0,0,0,0,0,0,0,0,0,0,0,0,0
Nipsnap3a,0,0,0,0,0,0,0,0,0,0,0,0,0
Tepp,0,0,0,0,0,0,0,0,0,0,0,0,0
1700065D16Rik,0,0,0,0,2,2,0,1,1,0,0,1,0
Smap1,94,35,76,56,74,172,75,187,63,68,79,76,32
1700054N08Rik,1,0,0,0,5,3,2,2,0,2,0,2,0
1700049G17Rik,13,8,2,13,14,59,14,38,15,14,18,12,8
1700057K13Rik,0,0,0,0,0,0,0,0,0,0,0,0,0
Zfp763,11,16,9,5,6,24,14,22,10,8,24,12,14
Rasip1,51,25,82,41,68,23,14,33,7,7,8,64,4
1700055N04Rik,0,0,0,0,0,0,1,1,0,0,0,0,0
1700066M21Rik,23,10,3,6,11,43,8,21,10,10,14,14,11
Kif2b,0,0,0,0,0,0,0,0,0,0,0,0,0
1700074P13Rik,0,0,0,0,0,0,0,0,0,0,0,0,0
1700072E05Rik,0,0,0,0,0,0,0,0,0,0,0,0,0
Mbd3l1,0,0,0,0,0,0,0,0,0,0,0,0,0
Speer4b,0,0,0,0,0,0,0,0,0,0,0,0,0
1700080E11Rik,0,0,0,0,0,0,0,0,0,0,0,0,0
1700094D03Rik,19,5,20,26,20,91,12,60,20,12,18,12,17
Dusp21,0,0,0,0,0,0,0,0,0,0,0,0,0
Vgll3,5,5,2,6,3,15,3,8,2,0,3,4,2
1700106N22Rik,2,1,0,12,3,9,0,4,2,1,7,1,8
Marveld3,5,1,1,2,3,23,2,5,0,0,12,4,3
1700125H20Rik,0,0,3,0,0,0,0,0,0,0,0,0,0
Cybrd1,1,0,0,1,3,10,1,11,2,0,1,0,0
Ms4a6c,172,131,91,193,161,135,54,108,60,42,53,59,71
Thoc3,21,12,27,14,22,68,21,44,19,5,19,21,15
2410076I21Rik,4,2,1,2,2,13,0,5,5,2,6,5,1
Wdr75,38,31,26,44,59,116,30,86,33,30,45,22,32
Tex19.1,0,0,0,0,0,1,1,1,0,0,0,0,0
Zbtb8a,1,1,3,1,4,12,3,4,2,3,4,1,3
Trmt11,27,6,7,17,25,49,12,38,13,27,18,12,20
Bloc1s2,7,6,4,16,6,25,10,20,4,7,11,5,12
Glipr1,39,35,57,56,81,148,42,100,36,36,21,31,45
2410091C18Rik,49,34,25,52,27,128,34,100,35,46,60,27,68
Ppp2r1b,63,39,42,68,51,178,59,140,49,55,68,57,34
Dppa2,0,0,0,0,0,0,0,0,0,0,0,0,0
Fam125a,8,2,19,7,21,36,11,29,5,4,12,13,12
Krtap16-7,0,0,0,0,0,0,0,0,0,0,0,0,0
Lce1c,0,0,0,0,0,0,0,0,0,0,0,0,0
Cst6,0,0,0,0,0,0,0,0,0,0,0,0,0
1110017D15Rik,1,12,1,6,5,24,2,15,6,0,12,1,18
Lce1a2,0,0,0,0,0,0,0,0,0,0,0,0,0
Mcee,32,58,30,55,44,88,26,87,17,12,45,12,82
Lce1l,0,0,0,0,0,0,0,0,0,0,0,0,0
Kprp,0,0,0,0,0,0,0,0,0,0,0,0,0
Fcf1,9,10,3,17,11,15,10,22,11,17,11,5,12
Haus7,14,12,7,20,14,30,11,33,5,8,23,9,11
Cby1,8,6,8,21,17,38,10,29,11,6,8,8,26
Man2c1,49,20,78,55,63,150,67,138,41,35,27,66,17
1110034G24Rik,9,5,14,9,9,30,14,24,5,5,11,11,15
Gadl1,7,3,1,5,7,18,4,2,2,2,3,3,2
Efha1,78,59,68,40,54,194,53,126,62,41,82,45,49
Tmtc4,20,10,5,34,15,48,16,35,22,6,23,16,12
4930404H21Rik,0,0,0,0,0,0,0,0,0,0,0,0,0
Satl1,0,0,0,0,0,0,0,0,0,0,0,0,0
F630110N24Rik,6,2,9,12,3,17,11,19,3,10,3,10,3
Klraq1,347,157,255,318,358,429,148,337,162,161,127,198,83
Eif3k,42,43,72,79,105,159,71,144,39,46,45,58,118
Klk9,0,0,0,0,0,1,1,0,0,0,0,0,0
Slc35b2,99,51,100,81,140,276,103,226,75,96,75,78,46
Ankrd45,7,43,25,29,30,57,13,48,10,0,42,28,22
Ankrd42,8,16,15,7,9,27,6,21,3,0,16,7,4
D3Ertd751e,33,37,30,35,46,61,17,49,17,5,32,11,33
4930415F15Rik,0,1,0,0,0,3,0,0,0,0,0,0,1
Fam122c,0,0,0,0,0,0,0,0,0,0,0,0,0
Fam161a,14,22,5,25,22,40,13,36,9,1,24,15,19
Zdbf2,6,14,2,8,9,44,4,23,4,0,13,9,3
Ppih,3,2,0,1,1,0,0,4,1,2,0,0,1
Irak3,36,23,29,68,51,12,4,21,2,5,5,25,2
Ift57,20,53,16,30,33,92,25,76,19,6,38,17,29
4930403N07Rik,1,6,1,6,5,16,0,6,6,2,2,3,3
Obfc2a,89,60,35,80,83,232,54,161,55,61,52,49,26
Herc3,41,26,24,36,41,82,18,51,19,21,30,9,8
Psd2,19,32,33,27,43,86,25,78,13,0,46,67,19
Jakmip3,0,0,0,0,0,0,0,0,0,0,0,2,0
Arsg,83,134,103,107,98,248,102,222,69,41,107,83,130
Slc25a27,6,0,1,0,3,8,0,7,2,0,2,0,1
Rap2b,23,7,9,30,13,44,8,39,16,19,15,11,8
Rftn2,0,0,4,6,4,8,1,10,3,4,7,0,3
Phf19,1,0,2,0,3,4,0,2,2,0,3,2,1
Traf3ip1,6,6,10,10,12,29,12,23,7,3,20,19,7
Cpne4,0,0,0,0,3,1,0,0,0,0,0,0,0
Nphp3,8,3,9,10,9,39,12,24,15,4,12,16,6
Msl1,119,43,43,83,82,319,103,275,105,113,113,106,14
Rin2,658,287,378,529,649,1976,428,1329,422,507,457,431,276
Sdr42e1,5,6,6,4,4,7,1,9,6,2,3,5,4
Nfam1,150,45,111,124,146,590,254,530,247,212,197,237,70
Pex26,11,3,4,6,8,16,9,18,11,5,5,4,1
Esyt2,106,93,74,72,100,225,44,186,98,76,201,89,71
Pacsin3,0,3,7,4,7,14,3,8,2,0,4,8,2
Ttc21a,10,17,13,24,23,52,10,38,4,1,17,20,6
Grip1,0,1,0,0,0,1,0,1,0,0,0,0,0
4931406B18Rik,0,0,0,0,1,0,0,0,0,0,0,0,0
Ifltd1,0,0,0,0,0,0,0,0,0,0,1,0,0
Pi4k2b,11,11,13,9,12,38,8,21,6,4,14,17,4
Slc7a13,0,0,0,0,0,0,0,0,0,0,0,0,0
Paqr5,26,17,32,47,55,73,24,53,21,15,54,36,31
Npl,52,34,34,103,112,163,45,120,36,39,36,40,63
Tjap1,8,6,17,15,43,48,21,47,11,11,11,19,1
Pop7,6,3,10,6,14,9,5,18,2,6,2,1,10
0610037L13Rik,58,35,31,51,92,144,46,110,30,31,48,42,73
Slc35a5,123,95,65,66,56,197,69,181,89,55,112,53,73
Nebl,17,30,14,21,28,47,14,28,19,14,73,33,23
Gga2,36,30,18,38,30,124,43,85,31,34,33,29,22
Dcaf6,30,33,48,51,27,101,24,82,23,32,38,23,37
Parn,64,46,27,34,56,121,29,97,25,36,47,42,37
Rbm19,17,10,17,28,24,52,21,60,23,26,9,23,3
Cbx6,35,34,33,23,36,104,39,96,22,20,59,42,10
Acoxl,0,0,0,0,0,0,0,0,0,0,0,0,0
Tmem43,64,33,92,78,69,179,61,199,88,69,65,64,60
Syvn1,53,25,57,68,63,180,68,216,53,53,63,75,7
Krt80,0,1,0,0,0,1,1,5,0,0,2,0,0
Ccdc97,66,31,66,52,59,204,68,209,61,69,52,62,9
Dmgdh,3,11,3,9,2,9,7,5,1,0,4,2,3
Sash3,151,52,107,99,136,407,167,347,130,180,110,92,90
Rnf6,45,31,35,68,52,148,48,141,31,44,54,61,23
Cyp2s1,0,0,4,1,2,1,1,0,0,0,0,0,0
Scyl3,55,22,24,44,51,164,50,99,54,53,58,52,28
Ampd2,23,27,44,42,44,104,31,94,30,18,20,40,13
Tm9sf1,73,48,74,90,88,232,88,185,53,61,75,60,54
Lonp1,60,32,58,57,76,160,56,128,36,44,54,57,16
Robo4,50,28,91,45,97,25,7,42,12,6,35,48,7
F13a1,34,18,13,18,26,73,17,53,13,11,47,32,43
Dock8,340,89,255,337,310,1490,508,1268,483,453,382,421,75
Slc35f5,68,46,38,95,122,164,38,97,53,43,54,45,38
1300002K09Rik,0,0,0,0,0,0,0,0,0,0,1,0,0
Acot12,0,0,0,0,0,0,0,0,0,0,0,0,0
Ftsjd2,113,67,122,149,129,265,79,254,85,77,116,93,60
Josd1,34,9,15,29,31,79,31,101,22,18,27,23,10
Nudt9,28,23,47,45,36,118,34,100,31,32,27,29,23
Crct1,0,0,0,0,0,0,0,0,0,0,0,0,0
Tgm5,0,0,0,0,0,0,0,0,0,0,0,0,0
Muc5b,1,0,0,0,0,2,0,0,0,0,0,1,0
Gbe1,51,60,49,49,64,123,28,103,29,31,72,41,40
Katnb1,7,8,16,14,14,39,8,36,9,10,9,6,7
Phactr3,0,0,0,0,0,1,0,0,0,0,0,0,0
1200009I06Rik,5,0,8,5,13,1,0,0,0,0,0,0,1
P2ry13,1416,1000,1011,1077,1142,4622,1503,3457,1529,1755,1566,1098,1926
Arpc5l,61,43,40,48,53,180,40,122,37,38,63,38,49
Rnd3,51,30,25,15,30,26,8,19,7,2,21,23,4
Elp3,52,38,56,49,46,172,41,118,49,32,65,42,47
Gtf2e1,30,17,14,25,30,68,20,47,20,11,24,25,24
Vit,2,0,4,3,0,6,0,3,0,1,0,0,0
2810403A07Rik,58,41,52,29,40,167,70,134,48,57,70,40,26
Cep97,10,4,6,20,8,42,12,34,13,13,21,8,8
Xpo6,109,42,80,101,119,288,80,223,85,88,83,92,25
1700017B05Rik,226,38,279,252,253,742,307,638,253,272,174,282,27
Dnalc1,21,32,8,24,28,75,20,59,15,7,34,31,9
1700011F03Rik,0,0,0,0,0,0,0,0,0,0,0,0,0
14-Sep,0,0,0,0,0,0,0,0,0,0,0,0,0
Paqr8,5,1,4,5,8,15,1,12,3,0,9,2,5
Mterfd3,1,7,4,7,7,12,4,6,4,1,4,5,4
Iqce,20,13,20,35,49,148,47,103,34,38,30,38,9
Atg7,38,16,46,57,39,97,29,77,34,32,33,28,12
Ctbs,58,43,44,58,54,160,31,137,32,69,72,44,31
Tmem110,20,6,25,27,24,52,24,51,16,27,25,13,9
Armc1,64,51,42,57,65,161,51,127,62,34,54,24,62
Tspan17,2,5,1,7,6,4,4,12,4,2,1,2,6
Aven,9,8,9,12,10,38,11,39,8,8,14,5,5
Usp20,19,12,27,27,26,64,21,59,13,11,26,17,11
Mageb5,0,0,0,0,0,0,0,0,0,0,0,0,0
Spata17,2,5,3,0,3,8,2,8,1,0,2,1,6
Cldnd2,0,0,0,0,0,0,0,0,0,0,0,0,0
Chic2,45,7,24,50,47,95,28,88,31,41,34,33,24
1700080O16Rik,0,0,0,0,0,0,0,0,0,0,0,0,0
Spatc1,1,0,2,0,1,0,0,0,0,0,0,0,0
Tbc1d21,0,0,0,0,0,0,0,0,0,0,0,0,0
Spem1,0,0,0,0,0,0,0,0,0,0,0,3,0
1700106J16Rik,0,0,0,0,0,0,0,0,0,0,0,0,0
Mtmr3,143,61,87,159,200,457,149,394,121,130,152,136,42
Rnf145,183,53,87,182,131,511,147,352,116,140,141,106,63
Isca2,23,32,30,43,45,69,17,61,23,28,20,25,46
Zc3hav1,95,39,47,110,147,138,49,124,37,53,38,56,21
1110005A03Rik,15,17,18,13,39,67,12,46,8,18,22,13,15
Cxxc1,19,11,46,42,37,110,44,97,27,25,28,39,16
Cltb,34,34,49,61,64,72,23,74,21,6,25,27,29
Hnrnpr,79,77,53,111,111,243,72,190,55,46,82,63,60
5730559C18Rik,0,0,0,0,1,3,0,5,0,0,0,2,1
Dnajc14,107,76,104,112,130,292,106,308,79,112,120,78,104
Snx19,97,53,60,80,65,242,81,231,77,80,104,63,36
Xrcc3,5,1,3,1,4,14,6,15,6,1,4,6,0
Tmed5,355,203,160,337,379,657,176,523,212,257,215,176,144
Palm3,2,0,1,7,0,4,2,2,0,0,1,0,0
Slc6a19,0,0,0,0,0,1,0,0,0,0,0,0,0
Lrrtm1,0,0,0,0,0,0,0,0,0,0,0,0,0
Crtc2,58,15,60,50,78,156,54,120,43,43,39,58,13
Sema3d,0,0,0,0,1,0,0,7,0,0,0,0,0
4632415K11Rik,12,9,9,13,11,39,16,28,5,16,10,10,4
Lrguk,2,5,3,11,3,20,2,10,1,0,5,3,4
Smchd1,160,96,84,117,125,420,104,307,122,162,136,116,52
4931428F04Rik,0,3,9,6,8,14,4,9,6,4,4,1,0
Efhd1,3,8,0,2,2,6,2,2,1,1,2,1,1
4931414P19Rik,2,0,2,4,5,5,9,15,5,4,6,6,3
Spag17,7,1,1,9,5,22,5,10,6,5,4,4,4
Lonrf3,85,51,52,69,87,375,77,249,96,101,80,108,30
Mei1,0,0,0,0,0,0,0,0,0,0,0,0,0
Rptor,202,69,180,209,243,509,210,412,168,201,144,212,60
Gcc1,49,21,56,46,69,85,38,65,23,20,32,33,17
Myo18b,76,16,91,110,139,333,101,226,124,76,54,139,13
Hsf2bp,4,3,7,5,2,19,1,10,4,7,3,3,0
Scara5,12,17,12,11,5,33,15,37,7,0,17,4,15
Dpp8,203,153,96,219,208,632,169,526,177,149,271,175,115
4933403G14Rik,19,5,2,9,5,37,14,25,13,6,16,1,6
Olfr701,0,0,0,0,0,0,0,0,0,0,0,0,0
Zfp819,2,0,0,1,2,5,3,6,1,1,2,1,2
4933406J08Rik,0,0,0,0,0,0,0,0,0,0,0,0,0
Efhc2,4,16,3,9,6,15,3,11,3,1,13,6,8
Ttc25,8,9,7,11,5,15,3,17,2,3,8,6,6
Hyal6,0,0,0,0,1,0,0,0,0,0,0,0,0
Ttll11,0,0,0,0,0,0,0,0,1,0,1,0,0
Ppapdc2,35,42,23,40,49,67,24,54,20,27,47,15,26
Gle1,25,11,15,16,31,55,28,76,18,13,27,17,8
Polr3c,21,16,32,12,27,85,16,67,16,21,22,26,23
Tktl2,0,0,0,0,0,0,0,0,0,0,0,0,0
Eaf1,61,63,53,67,88,184,70,179,84,51,87,68,28
4930452B06Rik,0,4,3,3,1,1,1,2,2,0,10,2,2
Zfp558,10,7,6,4,2,37,7,31,13,7,11,7,8
Sohlh2,0,0,0,0,0,0,0,0,0,0,0,0,0
Lrriq3,1,2,0,1,2,4,0,3,2,4,3,3,0
Clvs1,43,28,24,26,28,88,31,68,33,27,40,22,18
Slco6c1,0,0,0,0,0,0,0,0,0,0,0,0,0
Sgms2,123,223,106,177,171,204,54,176,39,2,130,126,61
P4htm,3,1,0,3,1,3,1,6,0,0,1,3,2
D14Abb1e,127,67,61,62,96,291,83,249,66,69,120,91,49
Nhedc1,0,0,0,0,1,0,0,0,0,0,0,0,0
Arl13a,0,0,0,0,0,0,0,0,0,0,0,0,0
Tmc1,0,0,0,0,0,2,0,0,0,0,0,0,0
4933427G17Rik,1,0,0,3,0,0,0,0,0,0,0,0,0
Hyal5,0,0,0,0,0,0,0,0,0,0,0,0,0
Taf7l,0,0,0,0,0,0,0,0,0,0,0,0,0
Cep72,7,2,1,2,4,7,6,10,2,2,8,3,2
4933433C11Rik,0,0,0,0,0,0,0,0,0,0,0,0,0
4933427D14Rik,17,6,17,12,15,54,11,48,15,18,16,23,4
Snx29,57,12,31,49,57,181,48,144,46,54,39,52,15
Batf2,2,5,2,1,9,1,0,4,0,1,4,2,1
Ifitm7,0,0,1,1,1,0,0,0,0,0,0,1,0
Rbm31y,0,0,0,0,0,0,0,0,0,0,0,0,0
4933430H15Rik,24,15,16,18,18,76,13,50,20,5,14,14,6
Lrrc15,0,0,0,0,0,0,0,0,0,0,0,0,0
Kbtbd13,0,0,0,0,0,1,0,0,0,0,0,1,0
Tmem33,217,258,157,233,248,599,187,586,193,210,272,201,266
Gorasp1,42,26,34,32,36,98,35,74,35,33,33,28,17
Lrrc17,0,0,0,0,0,0,0,0,0,0,0,0,0
Cyp2j9,2,4,1,5,0,10,0,5,1,0,3,3,1
Ppp4r4,1,4,2,3,1,7,1,3,2,5,1,0,4
8430419L09Rik,43,14,21,27,45,95,33,79,28,26,29,34,17
8430406I07Rik,33,14,16,36,31,99,29,76,30,27,22,24,15
Gzf1,43,35,34,27,32,82,20,73,29,19,53,21,44
Tmem168,105,68,59,88,98,244,79,214,68,101,110,73,114
Gsdmc4,1,2,0,2,0,3,0,6,0,1,0,0,0
Pck2,39,12,51,38,38,92,57,100,44,49,41,26,14
Nipal3,58,33,35,57,40,134,48,117,44,33,77,50,13
9130404H23Rik,0,0,0,0,0,0,0,0,0,0,0,0,0
Elovl7,162,335,170,274,233,532,147,449,91,13,360,157,197
Nkx6-3,0,0,0,0,0,0,0,0,0,0,0,0,0
Rasgef1c,0,0,2,0,0,0,0,0,0,0,0,0,0
Mlkl,10,6,6,3,12,9,1,6,2,1,4,6,0
Kcnk16,0,0,0,0,0,0,0,0,0,0,0,0,0
Fam84a,2,0,1,9,0,4,0,1,0,0,0,0,0
4833403I15Rik,0,0,0,0,0,0,0,0,0,0,0,0,0
Pyroxd2,24,9,32,28,56,157,32,101,23,21,20,48,10
Sppl3,55,23,55,64,65,196,64,172,74,51,61,64,34
Mrpl47,8,10,7,9,16,28,4,21,10,10,8,3,25
Stard6,3,0,0,0,3,4,1,1,0,1,0,1,3
Abcb8,22,7,29,24,39,61,24,42,12,3,18,33,7
4833422F24Rik,0,0,0,0,0,0,0,2,0,0,3,0,0
Scrn3,35,30,21,31,47,90,28,72,44,49,51,27,55
Scpep1,105,59,89,115,200,411,97,308,104,90,94,105,84
Tmem81,2,2,1,0,1,16,7,14,8,2,8,3,4
Shpk,1,5,6,8,14,23,8,8,1,5,5,9,10
Spsb1,107,30,96,62,73,201,54,201,47,61,42,68,24
S100pbp,12,8,8,24,15,61,10,32,12,14,26,18,3
4930444A02Rik,22,8,9,14,14,44,12,50,13,18,22,15,11
4930435E12Rik,0,0,0,0,0,0,0,0,0,0,0,0,0
Lrrc48,8,30,20,21,22,68,19,49,5,0,26,18,37
Spdyb,0,0,0,0,0,0,0,0,0,0,0,0,0
Ptchd3,0,0,0,0,0,0,0,0,0,0,0,0,0
4930443G12Rik,0,0,0,0,0,0,0,1,0,0,0,0,0
Tdrd9,1,0,0,0,0,0,1,1,0,0,0,0,0
Tbc1d30,9,0,4,9,8,5,2,6,2,3,14,5,2
4930521A18Rik,0,0,0,0,0,0,0,0,0,0,0,0,0
Wbp2nl,0,0,0,0,0,1,0,0,0,0,0,0,0
Cldn26,0,0,0,0,0,0,0,0,0,0,0,0,0
Tmem188,57,42,31,49,47,104,45,135,47,33,50,14,56
Stx11,27,16,27,33,30,6,0,3,4,3,0,12,0
Trim14,8,0,4,16,9,28,3,26,11,9,7,11,0
Pcf11,334,156,184,431,418,1050,206,775,216,284,196,272,62
5730419I09Rik,31,9,8,32,33,73,25,67,21,10,37,22,10
Ddit4,166,33,76,54,57,63,31,113,102,133,61,89,26
Slamf8,19,3,6,12,24,40,7,29,2,10,7,9,8
5830415F09Rik,6,1,7,13,11,8,8,9,5,5,8,2,8
Nat15,86,35,85,89,101,273,81,234,77,89,81,79,50
Klc4,11,9,12,20,36,67,24,50,16,13,14,25,25
Rg9mtd1,35,18,19,11,28,40,10,45,17,18,19,11,35
Pik3cb,111,55,54,109,100,252,92,161,64,99,69,56,40
Hhatl,2,1,0,2,0,13,0,2,0,0,0,2,0
1110008J03Rik,0,2,2,3,3,5,5,8,3,0,0,4,3
Lmbr1l,16,15,23,25,46,69,27,54,20,27,13,27,13
Sepn1,41,16,51,73,70,159,45,146,41,28,46,38,5
Rrp7a,29,29,49,64,74,108,43,107,40,23,41,32,47
Glt8d2,0,0,0,1,1,2,1,2,1,2,0,0,0
Manf,174,159,148,187,196,474,157,440,155,131,201,122,285
Zmynd17,0,1,0,0,0,1,1,5,3,1,0,6,1
4930404A10Rik,0,0,0,0,0,0,0,0,0,0,0,0,0
4930408F14Rik,0,0,0,0,0,0,0,0,0,0,0,0,0
4930417G10Rik,3,0,0,0,0,1,1,7,1,0,2,0,0
Morn3,2,5,3,1,8,4,2,10,0,1,2,3,0
4930455F23Rik,17,33,15,33,21,59,16,44,15,16,25,10,15
Kbtbd11,20,10,16,13,16,82,19,55,37,26,44,19,15
Atp6v1e2,0,0,0,1,0,0,0,0,0,0,0,0,0
Iqca,2,1,0,2,3,32,1,10,3,1,2,0,1
Qtrtd1,19,18,12,30,15,48,12,20,8,17,8,7,4
4930503E14Rik,0,0,0,0,0,0,0,0,0,0,0,0,0
4930465A12Rik,0,0,0,0,0,0,0,0,0,0,0,0,0
4930511M11Rik,0,0,0,0,0,0,0,3,0,0,0,0,0
4930502E18Rik,1,0,0,0,0,0,0,0,1,0,0,0,0
4930503B20Rik,0,0,0,0,0,0,0,0,0,0,0,0,0
Tmx4,232,211,124,709,344,1259,254,804,200,230,333,271,250
Efcab10,3,18,2,3,2,9,2,9,1,0,0,0,11
Scamp1,250,238,200,198,272,551,183,493,155,153,271,162,227
Sf3a3,49,35,33,51,63,161,39,119,51,43,67,33,52
Zcchc13,0,0,0,0,0,0,0,0,0,0,0,0,0
Spag16,3,11,6,20,12,21,7,19,3,0,11,2,2
Zbtb49,6,2,1,6,8,11,9,14,5,2,6,9,2
Usp50,0,0,0,0,1,1,0,1,2,0,0,0,0
Uhrf1bp1l,64,76,40,67,56,189,57,109,50,26,87,52,36
4930519F16Rik,0,0,0,0,0,4,0,0,0,0,0,0,0
Fam164b,0,0,0,0,0,0,0,0,0,0,1,0,0
Nxnl2,0,0,0,1,0,1,0,0,0,2,1,0,0
Slxl1,0,0,0,0,0,0,0,0,0,0,0,0,0
Rasd2,0,0,0,0,2,0,1,2,0,0,1,0,1
Tmem180,2,1,3,10,3,10,8,4,2,1,4,5,0
Ccdc146,3,8,3,8,6,31,11,19,2,1,8,5,10
4930544O15Rik,0,0,0,0,0,0,0,0,0,0,0,0,0
4930528F23Rik,0,0,0,0,0,0,0,0,0,0,0,0,0
4930538K18Rik,2,1,3,1,0,2,1,2,1,0,0,0,0
4930542N07Rik,0,0,0,0,0,0,0,0,0,0,0,0,0
Rhox2a,0,0,0,0,0,0,0,0,0,0,0,0,0
Sv2c,0,3,0,2,0,2,0,0,0,0,0,0,1
Rnf121,23,23,25,22,26,84,25,70,36,20,39,25,40
Ccdc33,0,6,0,1,0,4,1,3,1,0,0,1,0
Rnf19b,450,145,411,1156,776,1751,451,1311,397,579,291,398,72
Tomm20l,1,0,0,0,0,0,0,1,0,0,0,0,2
4930557A04Rik,0,0,0,0,0,0,0,0,0,0,0,0,0
Pelp1,26,20,19,33,25,78,32,52,19,27,26,31,9
Tmco5b,0,0,0,0,0,0,0,0,0,0,0,0,0
Bcdin3d,3,2,16,4,7,22,1,12,4,8,6,9,6
Slc35f4,0,0,0,0,0,0,0,0,0,0,0,0,0
Ankrd53,0,0,0,0,0,0,0,0,0,0,0,0,0
4930550C14Rik,1,4,0,1,1,0,0,1,1,0,0,0,4
4930547N16Rik,4,1,3,1,1,0,0,1,1,1,0,3,2
Etnk1,401,275,182,342,433,1019,255,683,220,229,342,300,140
4930563D23Rik,0,0,0,0,0,0,0,0,0,0,0,0,0
Atf7ip2,0,0,0,0,0,0,0,0,0,0,0,0,0
Spdya,1,2,12,2,2,7,4,2,9,2,1,3,1
Ccdc83,0,0,0,0,0,0,0,0,0,0,0,0,0
Ttll10,0,0,0,0,0,0,0,0,0,0,0,0,0
Spp2,0,0,0,0,0,0,0,2,0,0,0,0,0
Arhgap24,5,6,6,11,8,31,14,17,14,12,8,8,8
Mrpl32,24,13,12,14,15,52,13,29,11,13,9,10,27
Ndufs7,5,11,25,14,37,30,25,26,7,6,11,11,43
Wbp7,74,25,58,68,107,239,97,201,84,62,49,92,8
Nop14,44,29,17,53,78,103,42,79,36,33,23,35,22
Mettl5,40,27,19,30,45,103,22,88,18,44,27,33,36
Zfp820,4,6,1,1,3,7,2,10,1,2,5,2,6
Tti1,55,21,44,42,49,167,41,139,44,54,46,48,19
1700001C02Rik,0,3,2,2,0,10,0,5,0,0,0,0,2
Ccdc30,1,4,7,10,2,13,3,8,3,0,3,3,3
1700006E09Rik,0,0,0,0,0,0,0,0,0,0,0,0,0
Gm1973,0,0,0,0,0,0,0,0,0,0,0,0,0
Cypt12,0,0,0,0,0,0,0,0,0,0,0,0,0
1700011I03Rik,0,0,1,0,2,5,0,2,0,0,0,0,2
Ascc2,30,19,24,41,61,113,29,97,33,35,41,43,8
Phpt1,18,20,12,25,50,75,17,56,14,1,19,6,53
Prps1l1,0,0,2,2,2,4,0,0,1,8,1,2,0
Cklf,12,18,11,18,22,67,22,24,15,23,11,8,36
Dynlrb2,11,21,18,20,13,47,9,37,3,0,15,14,37
1700011E24Rik,0,1,0,0,1,3,0,0,0,0,1,0,0
Spata19,0,0,0,0,0,0,0,0,0,0,0,0,0
Iqcf5,0,0,0,0,0,0,0,0,0,0,0,0,0
Pfn3,0,0,0,0,0,0,0,0,0,0,0,0,0
1700003F12Rik,0,0,0,0,0,0,0,0,0,1,0,0,0
1700012B09Rik,3,2,0,6,0,6,2,11,2,0,0,1,4
Hspb9,0,0,0,0,2,0,0,2,0,0,0,0,0
1700010B08Rik,0,0,0,0,0,0,0,0,0,0,0,0,0
Morn5,0,10,1,6,4,12,2,12,1,0,7,6,8
Fabp12,0,0,0,0,0,0,1,0,1,0,0,0,0
1700013F07Rik,0,13,6,2,7,8,4,12,0,0,4,0,14
Pou5f2,0,0,0,0,0,0,0,0,0,0,0,0,0
Izumo2,0,0,0,0,0,0,0,0,0,0,0,0,0
Pibf1,46,31,19,27,39,84,28,76,20,31,21,31,23
Ttc32,4,2,3,2,4,15,3,13,12,7,1,4,3
1700018C11Rik,0,0,0,0,0,1,0,0,0,0,0,0,0
Spinlw1,0,0,0,0,0,0,0,0,0,0,0,0,0
1700018L24Rik,0,0,0,1,0,0,0,0,0,0,0,0,0
Lyrm7,4,1,0,4,1,11,1,8,4,0,4,2,3
Fpgt,26,35,29,22,25,80,30,72,45,24,51,19,46
1700019G17Rik,7,13,4,9,4,27,5,19,1,0,30,4,9
Akap13,662,222,352,566,704,1276,361,1027,352,324,337,407,66
Zc3h14,106,93,69,112,112,362,117,273,77,104,126,86,93
1700026D08Rik,2,4,0,3,2,26,0,13,5,1,5,1,6
1700022P22Rik,0,0,1,0,0,1,1,0,0,0,0,0,0
Ep400,233,70,104,137,183,452,151,421,142,140,150,215,22
Rsph9,8,32,39,43,33,51,30,42,11,1,34,30,87
Ccdc101,3,2,24,11,12,27,17,22,12,11,15,15,8
Capsl,11,50,9,17,21,48,12,40,6,0,24,10,36
Nhej1,4,1,0,3,2,6,7,8,1,1,4,3,2
Spata9,0,0,1,0,0,0,0,0,0,0,1,0,0
Acyp2,3,15,1,6,10,12,2,15,2,0,7,5,10
2310007L24Rik,0,0,0,0,0,1,0,1,0,0,0,0,0
2310002L13Rik,0,0,0,0,0,0,0,0,0,0,0,0,0
Zbtb4,105,78,82,125,110,329,104,308,108,76,144,130,20
2310035C23Rik,99,64,79,76,91,268,59,205,57,79,83,59,40
Krtap9-3,0,0,0,0,0,0,0,0,0,0,0,0,0
Dusp9,0,0,0,0,0,0,1,1,0,0,2,0,0
2410003K15Rik,7,2,13,9,16,23,12,19,7,2,9,3,13
Mzt2,13,7,23,16,34,41,27,30,21,17,11,20,39
Prl7b1,0,0,0,0,0,0,0,0,0,0,0,0,0
Tm4sf5,0,0,0,0,0,1,0,0,0,0,0,0,0
Wnk2,3,2,5,4,1,14,3,13,4,0,6,5,2
Chmp4b,143,92,130,203,278,278,101,269,81,68,100,94,61
Gns,1181,402,855,938,891,2343,831,1970,784,840,686,819,234
Med25,8,11,24,25,29,50,29,56,10,16,15,20,4
2810422J05Rik,18,15,25,29,29,74,25,56,14,24,20,19,19
Spaca3,0,0,0,0,0,0,0,0,0,0,0,0,0
1700029F09Rik,22,11,15,21,27,49,12,30,12,16,13,13,13
1700020C07Rik,2,0,2,0,0,0,0,1,0,0,0,0,0
1700011F14Rik,0,0,0,0,0,0,0,0,0,0,0,0,0
Speer4a,0,0,0,0,0,0,0,0,0,0,0,0,0
Lin37,6,4,15,3,3,15,5,24,5,2,12,9,6
Tmem225,0,0,0,0,0,0,0,0,0,0,0,0,0
Tex22,1,0,0,0,0,0,0,0,1,0,0,0,0
Cldn22,2,3,1,0,1,2,0,0,1,0,1,0,0
2210411K11Rik,1,0,0,0,0,2,1,3,0,0,3,0,0
Fam35a,32,8,10,14,11,61,23,52,25,16,20,26,11
Rab4b,27,13,49,42,73,85,29,65,18,26,18,21,13
Krt24,0,0,0,0,0,0,0,0,0,0,0,0,0
Snx24,24,23,15,45,49,115,26,83,31,30,35,27,24
Rbm12,78,47,60,52,52,178,36,107,52,49,56,43,16
Tmem14a,6,5,1,4,8,20,4,19,0,1,7,3,8
Vwa5b1,8,7,6,13,10,30,11,28,2,0,10,10,4
Cul2,50,63,36,70,74,160,40,145,46,35,66,50,64
Pih1d1,12,5,24,22,34,56,21,46,15,10,16,19,25
4933432B09Rik,9,7,3,8,6,24,4,15,9,4,6,16,0
Iqcd,4,3,6,6,9,10,3,5,1,0,7,3,4
Mff,81,130,82,127,146,292,87,239,67,72,151,72,155
Bcl2l12,1,1,2,1,4,18,0,14,1,3,1,4,3
Slc10a6,19,0,2,9,12,0,0,0,0,2,0,2,0
Klf17,0,0,0,0,0,0,0,0,0,0,0,0,0
9130401M01Rik,6,8,4,9,8,13,7,16,6,15,5,9,8
Slx1b,12,4,6,4,7,36,9,25,12,8,11,15,2
Tm7sf4,0,0,0,0,3,0,0,0,0,0,0,1,0
4833424O15Rik,0,0,0,0,0,0,0,0,0,0,0,0,0
Pnpla5,0,0,0,0,0,0,0,0,0,0,0,0,0
Adad2,0,0,0,0,0,0,0,0,0,0,0,0,0
Ttc23l,0,0,0,0,0,0,0,0,0,0,0,0,0
Them4,10,3,2,6,12,20,1,12,4,2,7,3,9
4930402H24Rik,32,23,18,30,39,117,19,113,35,16,54,41,12
Klhl24,182,141,105,222,210,472,119,355,149,155,185,147,121
Wdr95,2,0,0,0,0,1,1,2,0,0,0,0,6
Cdyl2,10,7,8,6,6,20,8,25,12,11,7,10,6
4930447C04Rik,0,0,0,0,0,0,0,0,0,0,1,0,0
Nln,28,20,31,29,23,108,25,47,19,31,22,23,16
Wdr64,0,0,0,0,0,0,0,0,0,0,0,0,0
4930525F21Rik,0,0,0,0,0,0,1,0,2,0,0,0,0
Hormad2,0,0,0,0,0,0,0,0,0,0,0,0,0
4930568D16Rik,0,0,0,0,0,0,0,0,0,0,0,0,0
4930588N13Rik,0,1,0,1,0,0,0,0,0,0,0,0,0
Clec4g,0,0,0,0,0,0,0,0,0,0,0,0,0
Arl5b,58,46,19,74,95,335,39,151,44,72,44,77,23
Tcam1,0,0,1,1,0,1,0,0,0,0,0,0,0
Gsc2,0,0,0,0,0,0,0,0,0,0,0,0,0
Gstt4,0,0,0,0,1,1,0,0,0,0,0,0,0
Adal,15,22,10,16,17,46,16,46,8,11,16,16,21
Vmp1,156,121,108,151,192,375,95,245,79,116,115,104,138
4930579G24Rik,0,1,0,6,3,10,1,2,1,3,0,1,6
Samd7,0,0,0,0,0,0,0,0,0,0,0,0,0
Zdhhc20,259,190,115,202,214,700,162,531,200,218,197,162,173
Rab30,0,0,0,2,1,3,0,5,0,0,3,0,0
Epsti1,39,30,31,57,53,106,25,80,26,55,31,24,26
Urb1,32,19,28,28,38,85,19,48,13,12,23,32,7
Zmym2,143,107,88,151,128,553,120,401,138,138,196,139,132
Ms4a4c,30,31,8,26,44,12,10,12,10,4,5,14,6
Cant1,78,32,77,72,71,168,72,169,47,67,55,90,30
Pcgf5,15,22,5,11,28,46,13,30,10,9,14,9,5
Gbp8,1,2,0,7,4,10,2,18,4,0,5,1,3
Bcor,120,41,104,148,169,400,113,331,102,103,80,116,11
Ttpal,35,36,43,56,63,92,34,72,32,33,40,55,12
Rap2a,112,36,68,90,97,246,80,217,67,105,62,67,35
Gpsm2,18,14,14,21,18,27,5,39,7,8,14,9,16
Prex2,55,77,46,51,89,98,19,86,25,19,121,72,32
Slc35d3,0,2,0,0,0,1,0,0,1,0,0,0,0
6330527O06Rik,0,0,0,0,0,0,0,0,0,0,0,0,0
Snrnp35,10,7,5,18,17,20,11,20,10,11,9,9,11
Gpr165,90,47,38,51,48,382,119,254,117,142,164,99,82
Tmem98,22,56,52,53,59,70,35,86,15,0,47,15,59
Arxes1,0,1,0,0,0,0,0,1,0,0,0,0,0
6530401N04Rik,9,10,4,10,4,22,3,15,3,6,3,2,11
Pwp2,17,14,18,16,24,53,22,27,15,19,18,18,10
Rph3al,3,4,4,2,3,1,0,6,0,0,0,2,2
Keg1,0,0,0,0,0,0,0,0,0,0,0,0,0
Ttc8,14,29,12,27,17,68,16,55,15,15,31,24,25
0610040J01Rik,124,49,98,114,146,332,116,307,108,150,68,98,66
Gstk1,23,27,12,25,23,47,10,41,12,3,18,15,38
Clybl,10,33,21,19,27,56,11,40,4,0,26,10,27
Tsen54,2,4,10,4,5,20,9,17,2,9,8,6,3
Ndfip2,89,69,88,104,107,259,85,178,78,75,91,55,70
Cyp2d26,0,0,0,0,0,0,0,0,0,0,0,0,0
Tax1bp3,5,2,4,4,3,6,5,11,4,2,2,4,3
Tmem59,470,588,419,483,472,1279,476,1172,382,327,597,381,712
Mfap4,0,0,0,0,2,4,0,0,0,0,0,0,7
Asb5,0,1,0,0,0,6,0,0,0,0,1,0,0
Atp11b,104,74,89,97,85,257,77,190,75,61,116,66,61
Kti12,7,1,11,12,17,39,8,16,5,7,12,3,6
Erp44,82,87,58,84,85,230,52,189,65,72,84,57,87
Idh3a,83,176,125,169,191,317,99,273,58,24,186,75,231
Rab1b,47,29,113,74,84,148,86,152,44,65,49,48,28
Tgds,24,8,5,17,20,51,8,47,17,20,17,21,28
Trmt5,17,11,12,11,15,43,11,46,3,11,30,4,23
Mtif3,16,17,15,26,33,85,30,82,23,24,29,22,35
Txndc11,53,36,49,72,56,188,59,159,50,66,43,46,22
Zfp773,2,2,2,1,0,23,2,18,10,3,3,2,5
Det1,10,3,7,7,22,27,12,30,9,7,10,18,7
1700012A03Rik,0,0,0,0,0,0,0,0,0,0,0,0,0
1700012L04Rik,0,0,0,0,0,0,0,0,0,0,0,0,0
1700010D01Rik,0,0,0,0,0,0,0,0,0,0,0,0,0
Il31,0,0,0,0,0,0,0,0,0,0,0,0,0
Pbp2,0,0,0,0,0,0,0,0,0,0,0,0,0
1700018B08Rik,0,0,0,0,0,0,0,0,0,0,0,0,0
1700019B03Rik,0,0,0,0,1,0,0,0,0,0,0,0,0
Sun5,0,0,0,0,0,0,0,0,0,0,0,0,0
Abcc3,302,98,253,181,235,783,295,696,246,297,222,236,100
Znrd1as,0,5,3,4,8,18,8,16,1,7,7,7,6
1700027A23Rik,8,41,19,17,19,60,15,35,3,0,23,12,48
Ccdc46,5,6,11,6,12,17,6,19,8,14,8,5,3
2310003C23Rik,28,12,24,22,34,98,29,98,21,35,33,25,30
1700029J11Rik,0,0,1,0,1,4,0,2,1,0,1,0,0
Lhpp,1,1,4,3,8,12,5,11,2,3,3,2,1
Lyrm1,2,3,2,4,8,19,3,10,3,5,7,3,6
Slamf9,30,36,33,77,30,119,30,85,30,48,27,24,43
Krtap4-7,0,0,0,0,0,0,0,0,0,0,0,0,0
Prss23,40,22,25,39,40,87,10,78,21,21,78,36,66
Casc5,1,3,0,3,0,2,0,13,2,3,1,0,0
Msrb2,40,25,43,32,42,150,54,61,38,34,38,33,33
Pcolce2,32,83,41,47,52,82,48,84,9,0,41,27,56
3110002H16Rik,35,25,37,34,41,140,37,111,30,42,41,39,37
Lmf1,16,15,44,20,37,83,39,72,21,36,21,36,30
Glt8d1,41,54,31,43,40,132,31,123,30,33,61,37,41
Ly6k,1,0,0,0,1,0,0,1,0,0,0,0,1
Ppp1r3g,0,0,3,1,0,2,0,0,0,0,1,0,0
Fahd2a,7,7,9,6,11,14,8,7,3,2,4,7,5
Abhd14b,13,31,21,25,23,71,13,56,11,6,36,14,32
Ppp1r11,30,47,58,86,97,133,44,124,35,38,43,32,81
Ip6k2,37,21,42,53,46,101,31,74,12,30,18,28,30
Commd9,12,12,21,14,37,54,17,40,14,16,20,8,22
Ctsq,0,0,0,0,0,0,0,0,0,0,0,0,0
1600029D21Rik,9,3,10,0,5,1,1,2,2,2,1,2,0
Gpr172b,4,2,13,8,10,27,7,17,15,13,8,20,3
Gatc,46,25,33,26,43,95,31,119,35,40,41,45,30
D19Ertd737e,25,19,15,43,35,47,21,56,7,18,21,16,32
Tmem101,12,12,26,9,7,31,15,20,10,14,13,13,24
Dapk1,54,37,49,59,58,132,42,150,47,28,59,50,11
Atg2b,65,67,39,57,55,202,66,192,58,43,85,71,18
Snx7,14,8,5,11,13,31,12,18,6,5,13,6,18
Mgrn1,117,58,143,143,161,354,131,319,102,102,117,133,37
Fam101b,8,14,17,17,16,64,23,52,11,13,42,11,9
Styxl1,0,0,0,0,0,0,0,1,1,0,0,0,0
Rbmxl2,0,0,0,0,0,0,0,0,0,0,0,0,0
1700027D21Rik,0,0,0,0,0,1,0,0,0,0,0,0,0
Mfsd2a,0,0,1,4,3,25,1,18,3,13,23,1,5
Ipo11,58,64,36,67,57,172,54,129,61,37,64,28,62
Lce1i,0,0,0,0,0,0,0,0,0,0,0,0,0
Dnajc18,63,49,41,39,38,158,41,112,43,40,75,40,25
1700034O15Rik,0,0,0,0,0,0,0,0,0,0,0,0,0
Immt,150,158,106,166,180,483,119,408,126,84,186,105,149
Got1l1,0,0,0,0,0,8,0,1,0,0,0,0,1
Fam65b,18,4,7,11,30,19,7,22,9,7,6,10,4
1700110M21Rik,0,0,0,0,0,0,0,0,0,0,0,0,0
Wbscr28,0,0,0,0,0,0,0,0,0,0,0,0,0
Stambpl1,60,36,59,49,64,157,37,111,44,59,56,50,47
1700113H08Rik,0,0,0,0,0,0,0,0,0,0,0,0,0
Pkd1l2,0,0,0,0,1,0,0,0,0,0,0,0,0
Wdr38,1,0,0,0,1,2,0,1,0,0,1,0,0
Srxn1,22,23,26,60,63,129,30,70,17,35,27,40,12
Arpm1,0,0,0,0,0,1,0,1,0,0,0,0,0
Upp2,0,0,0,0,0,0,0,0,0,0,1,0,0
1700123K08Rik,0,0,0,0,0,0,0,0,0,0,0,0,0
Mdh1b,1,6,4,1,5,3,0,10,1,0,5,1,1
Spcs3,187,121,94,157,204,402,150,391,155,146,168,98,191
Atxn3,56,27,41,37,51,159,31,123,43,54,55,38,35
Cpb1,0,0,0,0,0,0,0,0,0,0,0,0,0
Arpc2,537,279,432,605,647,1168,380,966,321,366,364,341,248
Catsperg2,0,0,0,0,0,0,0,0,0,0,0,0,0
Creld2,26,35,46,50,49,119,63,117,55,34,44,35,55
Snx27,108,59,44,107,77,289,68,220,87,84,127,74,25
Gje1,0,0,0,0,0,0,0,0,0,0,0,0,0
Dapl1,0,0,3,0,3,1,0,1,0,0,0,0,0
Trdn,0,0,0,0,0,0,0,0,0,0,0,0,0
Gsdma2,0,0,0,0,0,0,0,0,0,0,0,0,0
Mospd2,28,29,11,39,41,77,23,78,20,23,28,27,29
2010005H15Rik,0,0,0,0,0,0,0,1,0,0,0,0,0
Wdyhv1,14,12,7,15,17,60,16,41,11,13,17,7,16
Eprs,220,130,110,178,179,445,116,336,101,128,156,100,77
Slc10a7,49,13,26,25,40,93,39,65,23,25,32,26,35
Cluap1,29,31,17,26,23,88,24,76,22,27,37,21,16
Ppfia3,0,0,6,0,3,3,1,2,1,0,2,2,0
Klhdc10,119,100,70,141,136,290,87,272,82,69,153,101,62
Tbc1d9b,175,70,147,186,208,439,153,378,110,112,147,157,35
Cog2,31,21,44,46,57,129,34,85,27,33,31,43,39
2410137M14Rik,0,0,0,0,0,0,0,0,0,0,0,0,0
2510006D16Rik,23,30,50,48,25,96,17,82,20,21,36,30,24
Usp42,48,24,20,55,43,92,33,83,25,42,27,40,5
Rpl18a,24,32,36,39,99,68,47,84,27,23,22,33,79
Bri3bp,17,27,19,33,11,64,27,52,21,10,39,15,4
Sdccag8,34,17,40,49,42,158,35,97,40,41,47,36,21
Fam54b,58,45,61,94,116,280,87,180,52,52,104,51,68
Nubpl,1,14,2,5,6,25,5,9,5,7,6,2,11
Hyls1,1,2,1,1,1,3,2,20,6,2,2,1,5
Polr3f,63,46,27,45,48,128,40,116,52,60,47,40,43
Dtl,0,0,2,1,1,4,2,2,4,1,1,1,2
Rps9,111,104,271,287,518,435,203,449,108,137,124,194,477
Unc5b,2,1,13,0,4,10,2,14,2,2,11,3,2
Gpr30,4,1,14,3,6,8,1,11,6,5,10,5,2
Catsper3,0,0,0,0,0,0,0,0,0,0,0,0,0
Dcun1d5,79,30,42,61,63,149,51,113,52,38,51,38,54
Raf1,122,67,101,149,156,439,121,356,114,122,135,124,96
Rab36,6,5,4,12,6,24,6,24,2,0,6,12,9
Fam81a,58,167,99,104,75,220,60,166,39,3,115,56,89
Cyb5r3,40,40,83,65,63,130,32,109,25,28,57,54,54
Rnft1,67,76,35,68,64,171,46,153,41,30,99,31,82
Lass2,213,167,178,258,242,585,176,461,161,176,220,174,143
Mettl15,10,8,2,10,14,28,6,12,7,7,17,5,14
B3gat1,0,0,0,0,0,0,0,1,0,1,1,0,0
Golga1,23,31,12,23,14,85,22,52,28,11,39,26,23
Lrg1,1,9,2,4,10,1,4,4,0,0,1,2,0
Mnd1,0,3,2,1,1,1,0,0,0,0,0,0,0
Flywch2,0,1,0,0,1,2,0,2,0,0,0,0,1
Arrdc5,0,0,0,0,0,0,0,0,0,0,0,0,0
1700021C14Rik,2,0,3,1,2,5,0,10,1,0,3,3,3
Arfip2,31,30,28,47,65,102,36,76,26,21,43,48,30
Ifi27l2a,11,13,2,16,20,16,11,11,12,2,3,13,34
Lypd5,0,0,0,0,0,0,0,0,0,0,0,0,0
2310014L17Rik,0,3,0,0,3,3,1,1,1,0,1,2,0
Chmp5,108,97,53,80,98,258,80,171,59,68,104,64,160
2610028H24Rik,0,1,0,0,0,0,1,0,0,0,1,0,1
1190003J15Rik,0,0,0,0,0,0,0,0,0,0,0,0,0
Arxes2,1,1,0,3,0,12,1,1,1,0,6,0,0
Scfd1,98,74,81,85,120,217,76,180,83,75,88,66,83
Ddrgk1,48,49,53,64,87,140,59,139,42,41,52,47,56
Ppp1r12c,67,37,82,94,157,309,105,246,84,91,65,98,21
5730590G19Rik,5,0,0,1,1,1,0,6,3,2,1,1,0
Tspyl2,36,11,19,40,53,180,54,111,30,29,44,45,15
Trub1,11,6,8,13,15,50,13,26,8,14,9,14,11
2610029I01Rik,8,9,3,8,13,20,6,29,7,8,15,2,9
2510039O18Rik,49,14,68,44,67,137,55,111,61,59,33,56,14
Jmjd5,6,2,0,1,5,15,2,7,2,0,1,4,3
1700109H08Rik,4,5,0,9,10,18,1,8,3,5,2,2,1
Arsk,90,48,45,72,66,191,62,163,76,94,75,65,75
Hyal4,0,0,0,0,0,0,0,0,0,2,0,1,0
Bcl7a,14,7,20,11,10,44,12,34,7,7,10,11,2
Dync2h1,44,104,27,53,50,147,37,105,19,6,73,44,45
Ccdc41,27,61,27,52,33,119,23,76,26,32,37,49,8
Tmco4,6,14,7,23,19,46,8,17,5,16,13,10,8
Ston1,52,22,29,41,27,26,9,38,6,9,25,37,2
4921530D09Rik,0,0,0,0,0,0,0,3,0,0,0,0,0
Cnrip1,25,11,8,18,22,58,15,45,12,10,23,17,15
5930434B04Rik,9,23,10,18,33,45,24,33,15,5,15,10,18
9230110F15Rik,0,0,0,0,0,0,0,0,0,0,0,0,0
Ocel1,1,4,0,1,7,8,4,5,1,1,1,1,1
Gpbp1l1,96,73,59,75,77,253,72,261,99,87,133,72,57
A930001N09Rik,135,140,54,127,139,294,62,270,93,102,113,89,68
Hnrnpa0,111,26,53,77,81,200,43,175,77,69,74,49,17
Slc35e3,21,23,8,17,12,62,27,66,15,17,21,18,10
Tbcd,53,57,57,88,51,203,63,149,47,27,76,46,41
Rgs7bp,20,17,16,17,20,76,17,64,32,26,27,23,9
Ptgr2,94,105,59,89,83,236,80,201,85,61,130,70,104
Tmem200a,0,0,0,1,1,4,0,1,0,0,1,0,0
Hgsnat,86,52,44,93,86,177,56,140,46,41,72,45,48
Gabpb2,101,53,58,99,98,297,86,239,86,88,108,96,42
9430038I01Rik,0,0,2,2,8,12,3,6,6,5,3,2,2
Zfp142,29,17,25,23,25,103,37,101,30,25,33,35,5
Nkrf,9,8,11,21,15,34,5,11,14,9,6,14,2
Fam162b,0,0,0,0,0,0,0,0,0,0,0,0,0
Wdr82,142,88,104,175,128,373,117,330,130,119,136,110,94
Akr1c21,0,0,0,0,0,0,0,1,0,0,2,0,0
9530003J23Rik,0,0,0,0,0,0,0,0,0,0,0,0,0
C330018D20Rik,25,9,25,13,10,52,24,32,19,21,20,10,22
Kcnk10,0,0,3,0,0,0,0,0,0,0,0,0,0
Stk31,0,0,0,0,0,0,0,0,0,0,0,0,0
Mtus2,4,4,2,4,9,12,0,6,4,1,3,3,2
Tmem213,0,0,0,0,0,0,0,0,0,0,0,0,0
Mbd5,57,28,27,41,29,134,30,110,40,44,41,41,4
Irak4,26,9,31,30,34,79,24,60,21,23,25,27,15
Ptprb,264,136,184,188,273,665,197,859,393,256,936,384,229
Vps33a,57,40,52,86,48,247,59,195,70,53,67,75,45
Fam115a,38,45,33,26,39,104,28,93,31,7,63,28,37
Spns3,11,2,10,3,9,8,15,11,5,6,5,11,3
Bcl9,30,10,22,41,39,155,51,87,42,45,23,51,3
Mboat7,70,34,83,80,80,226,78,189,71,76,60,87,26
Chst15,22,3,9,10,22,56,15,72,28,21,38,21,10
Ddx10,45,33,12,39,49,89,33,83,36,36,41,38,16
Nup210l,7,3,2,4,6,14,1,7,2,1,1,16,1
H2afv,17,20,8,25,33,76,23,47,14,13,50,17,43
Prelid2,5,1,3,4,3,21,4,9,6,4,1,4,10
Apex2,7,4,11,2,5,18,2,18,5,8,13,7,7
Smpd4,49,11,53,47,49,124,35,108,34,25,36,45,7
Efcab6,6,0,1,4,5,8,3,1,2,1,0,1,0
Prdm8,0,0,0,0,0,0,0,0,0,0,0,0,0
Pramef12,0,0,0,0,0,2,0,0,0,0,1,0,0
Snapc3,9,6,5,8,6,19,6,24,9,7,6,3,13
C330007P06Rik,45,29,21,43,55,108,34,118,39,24,48,30,34
Zfp955a,14,20,24,14,9,33,10,50,14,19,25,13,14
Arhgef38,0,0,0,0,0,0,0,0,0,0,0,0,0
Mmab,10,6,3,8,3,24,4,13,10,1,10,6,4
Lcn12,0,0,0,0,0,1,0,0,0,0,0,0,0
Lcn9,0,0,0,0,0,0,0,0,0,0,0,0,0
9230104L09Rik,0,0,0,0,0,0,0,0,0,0,0,0,0
Abcb5,0,0,0,0,0,0,0,0,0,0,0,0,0
Mrps5,14,5,13,15,16,42,9,28,11,2,12,17,9
6030468B19Rik,3,2,9,10,5,18,7,17,7,3,9,6,1
Rnf170,11,3,4,23,10,45,4,36,19,8,14,15,9
Adamtsl1,15,23,21,19,19,57,10,30,5,6,38,21,6
Pmch,3,0,3,0,1,1,0,0,0,0,0,0,0
Ermn,1,0,0,1,4,19,0,4,0,0,14,0,7
Dcst1,0,0,3,0,0,0,0,1,1,0,0,0,0
Ulbp1,3,5,1,0,3,10,2,4,0,1,1,6,1
Cdkn2aipnl,70,48,60,40,71,102,39,113,43,43,48,39,44
Polq,4,1,4,0,9,10,2,2,3,4,2,4,0
Trim35,115,73,129,125,140,339,103,285,73,81,141,96,70
Adamtsl2,9,3,8,9,20,21,8,25,8,8,7,7,7
Sla2,33,26,30,77,77,144,51,100,38,41,34,27,36
Fam159b,0,0,0,0,0,0,0,0,0,0,0,0,0
Lrrc42,5,10,17,13,6,30,7,34,2,5,11,6,8
Rpe65,0,0,0,0,0,0,0,0,0,0,0,0,0
Pigh,42,28,19,24,17,70,19,52,15,17,31,15,22
Tchp,23,13,28,12,30,68,17,54,14,20,18,23,3
Mlana,0,0,0,0,0,0,0,0,0,0,0,0,0
6030458C11Rik,32,23,9,21,39,52,19,57,21,24,29,24,18
Lbh,114,46,113,106,161,317,59,183,49,68,62,84,16
Cryl1,61,33,66,87,91,168,72,155,35,32,32,37,53
Cyp20a1,34,14,15,22,24,72,23,65,23,15,30,16,21
Hook1,10,23,5,21,14,44,10,29,5,0,25,21,17
Ccdc76,32,8,6,12,29,72,24,58,15,28,14,15,16
Rdh12,8,4,6,12,8,12,7,2,4,4,6,1,3
Tmem50b,58,46,64,81,89,305,94,208,77,69,83,81,75
D730039F16Rik,3,7,4,8,3,10,6,6,3,0,9,2,12
Grifin,0,0,0,0,0,0,0,0,0,0,0,0,0
Prr15,2,0,4,0,3,2,1,3,0,1,0,1,1
Ccdc150,0,0,1,0,0,1,0,0,0,1,0,0,1
Mccc2,24,13,10,39,24,40,21,35,12,14,17,20,18
Tmem190,0,1,0,0,0,1,0,0,0,0,1,1,0
Crisp4,0,0,0,0,0,0,0,0,0,0,0,0,0
Golgb1,177,139,110,203,213,678,157,459,153,135,243,238,36
Gm15144,0,0,0,0,0,0,0,0,0,0,0,0,0
Mospd3,5,3,17,4,6,7,9,16,3,4,3,4,3
Dnajc21,23,12,28,33,26,93,13,73,18,24,32,25,8
4930458L03Rik,0,0,0,0,0,0,0,0,0,0,0,0,0
Cox7b2,0,0,0,0,0,0,0,0,0,0,0,0,0
Tmem210,0,0,0,0,0,0,0,0,0,0,0,0,0
Trappc6b,36,43,29,26,37,127,16,107,30,27,46,26,46
Spint4,0,0,0,0,0,0,0,0,0,0,0,0,0
Cst11,0,0,0,0,0,0,0,0,0,0,0,0,0
Batf3,5,2,7,9,5,26,7,13,7,5,1,6,6
Spink12,0,0,0,0,0,0,0,0,0,0,0,0,0
Acbd7,0,0,0,0,0,1,0,1,0,0,0,0,0
Phf23,101,43,112,134,182,311,109,239,89,107,83,81,39
Gpr115,1,0,0,0,0,1,0,0,0,0,2,0,0
Iqch,1,0,0,1,4,3,1,3,0,0,4,1,0
Fam55b,0,0,0,0,0,4,2,1,2,0,7,1,4
4921528O07Rik,0,0,0,0,0,0,0,0,0,0,0,0,0
Zfp687,15,15,26,38,33,93,44,89,25,14,16,31,12
Klhdc8b,27,28,63,47,61,201,97,160,50,38,48,57,37
Creb3l4,0,0,0,2,0,0,0,5,0,0,0,0,0
Zfyve20,63,28,45,59,72,182,43,135,40,42,64,38,28
Hist3h2ba,1,0,0,1,0,2,1,0,1,0,0,0,1
Lsmd1,12,20,18,17,24,34,6,35,17,5,17,5,38
Gpr108,37,38,90,69,91,189,83,134,63,42,62,75,38
Ndufv3,21,62,46,63,74,130,40,129,23,15,58,37,117
Snrnp25,1,2,8,7,9,8,5,6,1,2,3,4,9
Ddx52,78,55,51,66,62,164,60,140,51,66,65,35,62
1700034E13Rik,0,0,0,0,0,0,0,0,0,0,0,0,0
Rnase6,10,6,1,8,8,25,14,9,7,15,9,9,13
Pgpep1l,8,0,2,0,1,1,1,1,0,0,2,1,3
1700090G07Rik,0,0,0,0,0,0,0,0,0,0,0,0,0
Tmsb15a,0,0,0,0,0,0,0,0,0,0,0,0,0
Sf3b2,162,85,200,233,252,563,217,462,145,115,177,148,66
Efha2,25,17,4,11,12,54,10,25,10,6,19,20,11
Rtf1,67,43,49,63,66,210,53,164,68,37,74,41,24
Arhgap10,7,11,2,2,5,14,4,21,2,0,9,7,9
Mrpl9,45,36,22,42,51,86,41,74,27,37,42,24,39
Htra3,5,2,19,5,9,31,5,32,5,3,7,11,1
Cnih4,53,58,44,54,59,152,39,133,49,58,64,36,98
Utp23,16,6,12,7,12,18,9,21,12,5,16,5,13
Srbd1,27,23,19,23,23,70,17,57,18,26,41,24,12
8030411F24Rik,0,0,0,0,0,0,0,0,0,0,0,0,0
Cstad,0,0,0,2,0,0,0,0,0,0,0,0,2
Acap2,352,112,175,234,288,882,225,720,256,324,283,229,120
Zfp449,6,13,3,5,12,26,5,22,5,9,19,11,12
1700061G19Rik,0,0,0,1,0,2,1,0,0,1,0,0,0
Ddit4l,3,1,0,3,4,17,2,13,4,0,7,4,4
Brd8,91,67,49,60,89,264,63,182,46,70,86,81,48
Dhx58,34,12,38,50,67,26,16,47,22,43,9,22,10
Nol3,1,4,6,8,2,3,1,4,2,4,2,1,1
Naa35,130,90,91,116,126,330,118,259,115,122,120,83,104
Troap,2,0,3,3,0,2,0,2,3,3,0,0,0
Csgalnact2,47,25,23,62,63,170,36,112,33,45,61,44,37
Galntl2,13,9,19,15,51,3,2,3,3,3,4,29,3
Rictor,121,114,58,102,163,325,51,268,93,74,110,132,44
2610021K21Rik,0,0,0,0,0,8,0,6,0,0,0,0,0
Mctp1,54,36,14,36,35,116,41,96,37,47,41,24,31
Hhipl2,0,1,0,0,1,3,0,2,0,0,0,0,0
Spata2L,6,4,5,3,3,9,5,13,6,4,2,8,0
Brpf1,82,30,62,90,114,273,62,223,77,82,57,100,13
Clip4,2,8,6,12,10,25,6,16,7,0,7,8,11
Usp54,63,40,56,61,77,104,24,84,19,26,57,93,21
Armc9,7,24,17,12,17,56,10,40,9,2,20,10,5
Zcchc4,10,4,8,18,8,23,3,18,3,5,12,7,7
Ak7,8,31,22,29,10,123,9,46,6,0,19,9,22
Ttc30a1,11,7,4,5,11,17,6,10,6,6,13,1,8
4930555I21Rik,0,1,0,2,1,0,0,1,2,0,0,2,0
4930562C15Rik,0,0,4,0,1,4,1,0,0,0,0,4,0
Gins3,1,0,8,1,4,8,2,12,2,0,7,0,2
Zfp623,29,18,10,13,8,42,11,48,19,16,13,16,14
Hspa13,111,104,69,100,114,293,94,223,90,102,93,70,112
Tspyl4,14,54,27,36,31,95,31,65,19,0,49,28,42
Coro7,26,8,54,50,53,141,55,133,47,35,28,50,13
Cygb,0,0,2,2,0,0,1,1,0,0,2,1,1
Sfi1,51,18,61,47,71,148,52,105,29,38,45,63,12
2310079F23Rik,3,2,6,8,10,27,19,19,16,4,14,3,6
Crispld2,9,8,18,26,38,5,3,14,9,0,19,23,6
Aacs,7,15,12,16,24,34,18,26,3,5,5,16,9
Wrnip1,21,18,25,23,29,81,26,86,20,23,24,19,9
9130017N09Rik,0,0,0,1,0,0,0,0,0,0,1,0,0
Trim42,0,0,0,0,0,0,0,0,0,0,0,0,0
Nadsyn1,11,1,14,18,11,36,16,34,4,7,7,8,8
Fndc8,0,1,0,0,0,0,0,0,0,0,0,0,0
Dlst,146,122,184,200,201,570,147,415,118,123,241,161,95
9130019O22Rik,11,0,7,1,7,15,7,10,3,6,7,5,4
Polr3h,14,25,24,23,14,50,22,41,13,6,14,6,19
Saal1,21,17,14,24,17,27,12,39,8,8,16,9,14
Wdr76,14,2,16,9,8,32,12,26,12,9,10,12,8
Avl9,136,68,79,124,116,338,74,216,85,98,116,104,57
Spz1,0,0,0,0,0,0,0,0,0,0,0,0,0
Dync1h1,523,193,330,414,484,1510,449,1477,448,449,537,554,99
Abcg3,24,4,5,13,12,43,9,38,11,23,13,12,9
2900092E17Rik,15,4,32,39,32,51,28,52,28,22,13,20,20
Setd8,39,16,27,42,47,118,36,86,27,22,28,31,16
Ier5l,0,0,0,0,3,0,1,1,0,0,0,0,0
Tada1,56,35,40,56,61,121,53,91,47,28,36,41,51
Cdk5rap3,25,18,52,42,58,114,37,92,21,38,29,43,49
Nus1,149,122,138,162,157,305,103,301,76,99,128,72,42
Abtb1,23,13,31,27,35,67,34,60,32,26,14,34,14
BC003266,12,14,19,12,22,29,14,39,8,7,10,8,14
Parp9,136,93,130,134,177,197,60,190,68,84,83,59,57
Tusc3,108,193,72,112,89,254,101,211,47,35,111,62,134
Bcl9l,66,14,79,59,68,127,61,120,35,36,26,75,4
Lysmd3,50,34,34,54,72,147,24,85,38,52,47,42,44
Rilpl2,25,27,44,81,65,96,27,79,17,31,23,29,25
Sesn3,12,22,23,15,13,57,16,47,8,11,31,19,16
Pofut2,27,14,43,36,32,93,37,73,35,28,13,37,8
Inpp4a,59,15,20,28,38,113,42,89,53,29,48,47,17
Olfr160,0,0,0,0,0,0,0,0,0,0,0,0,0
Slc19a3,5,6,7,16,46,14,4,15,5,12,43,8,20
Mynn,60,28,25,64,74,190,63,114,52,37,51,35,24
Car15,2,0,3,0,0,5,2,4,0,0,1,5,0
Vps16,44,22,44,52,61,129,53,126,38,28,44,55,48
Cwc22,21,16,16,22,30,70,17,43,11,28,12,11,10
BC004004,46,64,100,81,93,174,77,162,52,55,69,47,67
N4bp1,259,104,122,209,216,419,121,330,108,121,137,142,42
Rnf34,37,35,30,48,58,114,43,109,32,38,50,30,30
Fam20c,13,4,14,4,11,12,6,21,3,4,4,6,0
Rabep2,10,6,18,18,30,43,20,46,12,12,12,19,7
Nbea,162,87,44,154,138,527,110,406,130,130,177,118,44
Dsg3,0,0,0,0,0,0,0,0,0,0,0,0,0
Rcan2,8,5,8,10,15,18,0,10,10,1,31,11,6
Klrb1b,6,8,10,22,18,13,4,16,3,0,4,5,5
Clca2,0,0,0,0,0,0,0,0,0,0,0,0,0
Hist1h1a,0,0,0,0,0,1,0,2,0,0,0,0,0
Fgf20,0,0,0,0,0,0,0,0,0,0,0,0,0
Akr1c6,0,0,0,0,0,0,0,0,0,0,0,0,0
Nfkbiz,1134,488,1238,2022,2212,3964,927,2403,730,959,612,1148,346
Fgf16,0,0,0,0,0,0,0,0,0,0,0,0,0
Gpx2,0,0,0,0,0,1,0,0,0,0,0,0,0
Gys1,22,16,19,27,29,71,24,68,14,5,32,20,11
Trim34a,43,14,29,36,48,71,13,82,27,36,20,14,16
Serp1,302,243,194,528,345,672,190,601,205,206,303,172,263
Slco1a4,101,194,95,168,201,443,92,361,105,116,560,126,317
Il1rapl2,0,0,0,0,0,0,0,0,0,0,0,0,0
Nptxr,2,2,5,6,7,18,5,23,5,3,8,12,0
Igsf6,83,56,55,119,65,157,52,146,55,63,33,68,41
Sacm1l,114,163,73,112,132,360,116,277,93,93,149,85,96
Ifitm2,72,55,101,83,128,48,20,43,12,12,38,71,44
Lrba,211,112,193,194,252,720,260,541,210,210,297,195,194
Kank3,10,9,7,7,12,37,15,48,18,12,30,24,7
Niacr1,112,76,117,89,165,54,20,30,13,10,11,26,18
Cpn1,0,4,3,3,3,14,2,9,2,0,1,1,9
Hspb8,30,51,71,90,107,96,33,113,22,5,65,41,53
Mesdc1,16,5,24,12,20,23,10,33,5,5,18,11,1
Fcrls,2607,1445,2416,2572,3069,6933,2774,5663,2304,2616,2060,1798,2281
Zfhx4,2,15,5,9,5,39,10,30,3,0,20,5,4
Tmprss5,0,0,0,0,0,0,0,0,0,0,0,0,0
Slamf6,31,8,11,14,18,65,22,39,22,30,16,18,15
Erap1,189,128,80,161,178,378,143,316,144,146,155,121,147
Cxcr6,0,2,0,5,3,5,1,6,4,6,0,0,0
Zfp202,21,6,5,8,11,31,10,28,11,5,14,13,4
Dtx3,37,22,51,44,56,138,46,101,21,17,42,56,16
Polh,9,2,15,5,6,24,8,26,8,8,13,6,5
Kcnip2,0,1,0,0,0,0,0,0,0,0,0,0,0
Abo,0,0,0,0,0,0,0,0,0,0,0,0,0
Gatsl2,9,9,8,28,17,62,27,62,18,26,16,25,5
Gpr84,128,90,722,218,438,275,119,184,53,85,52,118,76
Acox3,141,57,127,112,130,404,145,321,101,153,116,145,53
Uck2,1,3,8,7,5,11,1,4,2,1,5,4,0
Syt13,0,0,0,1,0,1,0,2,1,0,1,1,0
Mrgprh,0,2,0,1,1,0,0,0,0,0,2,0,1
Slc26a5,0,0,0,0,0,0,0,0,0,0,0,0,0
9930013L23Rik,0,0,2,4,2,8,3,6,1,1,1,0,0
Nckipsd,33,7,34,44,43,70,32,64,29,24,21,37,3
Rad54l2,91,35,50,50,61,225,45,180,48,49,77,65,10
Trim23,48,43,31,41,30,117,35,131,32,51,51,28,42
Tbl1xr1,137,86,60,129,140,527,123,428,153,192,147,150,84
Gpr63,1,0,0,0,0,1,0,1,0,0,0,2,2
Defb5,0,0,0,0,0,0,0,0,0,0,0,0,0
Vmn1r172,0,0,0,0,0,0,0,0,0,0,0,0,0
Vmn1r148,0,0,0,0,0,0,0,0,0,0,0,0,0
Vmn1r171,0,0,0,0,0,0,0,0,0,0,0,0,0
Vmn1r65,0,0,0,0,0,0,0,0,0,0,0,0,0
Vmn1r58,0,0,0,0,0,0,0,0,0,0,0,0,0
Vmn1r56,0,0,0,0,0,0,0,0,0,0,0,0,0
Vmn1r62,0,0,0,0,0,0,0,0,0,0,0,0,0
Vmn1r63,0,0,0,0,0,0,0,0,0,0,0,0,0
Rnf114,127,69,123,152,189,275,71,292,86,95,103,89,70
Btn3a3,0,0,0,0,0,0,0,0,0,0,0,0,0
Btnl6,0,0,0,0,0,0,0,0,0,0,0,0,0
Sil1,32,52,72,47,48,90,37,115,27,24,33,36,47
Sgpp1,86,70,55,108,61,223,64,209,57,48,102,51,64
Ankrd17,322,174,123,290,297,987,268,668,249,263,338,249,83
Sorcs2,0,5,7,6,4,1,3,5,1,0,3,2,0
Prrt1,0,0,0,0,0,5,0,1,0,0,1,0,0
Ide,58,77,51,99,75,252,67,163,72,59,103,62,41
Cck,0,0,0,0,0,1,3,0,0,1,0,0,0
F13b,0,0,0,0,0,0,0,0,0,0,0,0,0
Hspa8,1262,688,963,988,1211,5044,1234,3815,1395,1288,1059,1205,1006
Id4,6,22,8,22,10,58,13,49,7,1,20,13,8
Kcnmb1,1,0,2,1,9,4,1,9,1,1,7,4,0
Krt8,1,6,9,7,2,24,1,10,5,0,9,3,9
Mageb2,0,0,0,0,0,0,0,0,0,0,0,0,0
Trim17,0,0,3,0,1,0,2,1,0,0,1,2,0
Tnxb,0,0,0,0,0,2,0,7,1,0,0,0,0
Tlr9,109,21,72,91,61,303,93,282,117,89,80,130,11
Sf3b1,1283,651,568,1198,1353,3334,842,2425,910,912,818,849,569
Klb,0,0,0,0,0,0,0,1,0,0,0,0,0
Siglece,114,45,92,162,105,239,72,225,93,73,65,59,20
Tfap4,6,0,9,7,6,16,2,9,3,4,1,4,3
Sp6,0,0,0,0,0,1,0,3,0,0,0,2,0
Glis2,9,4,5,10,5,23,2,36,5,3,15,8,2
Akap12,1456,946,1500,1409,2350,94,16,95,22,26,74,1247,20
Ndst3,0,0,0,1,3,6,0,2,0,0,1,4,1
Tpsab1,0,0,0,0,0,0,0,0,0,0,0,0,0
Myog,0,0,0,0,0,0,0,0,0,0,0,0,0
Pgk2,0,0,0,0,0,0,0,0,0,0,0,0,0
Prl2c2,0,0,0,0,0,0,0,0,0,0,0,0,0
Ren1,0,0,0,1,0,7,1,3,0,0,1,0,4
Ren2,0,0,0,1,0,7,1,3,0,0,1,0,4
Slc22a8,13,45,22,28,37,104,22,84,17,8,67,26,25
Msr1,42,16,18,31,27,24,11,36,7,7,12,22,9
Slc2a2,0,0,0,0,0,2,0,1,0,0,0,0,3
Tfec,1,5,6,0,4,3,1,5,1,1,2,1,0
Tgfa,193,51,118,136,148,499,126,403,144,103,153,164,34
Tsta3,7,9,12,22,25,35,14,44,9,16,13,18,20
Tyrp1,0,0,0,1,0,0,0,0,0,0,1,0,0
Gimap3,0,0,0,0,1,4,1,3,2,1,0,0,0
Lamtor2,15,19,4,28,43,42,24,41,12,9,29,19,55
Cstf2t,45,57,39,39,54,121,37,114,58,43,56,38,44
Ucn3,0,0,0,0,0,0,0,0,0,0,0,0,0
Ctns,60,32,54,49,57,242,68,182,77,53,80,70,47
Il23a,2,0,0,0,3,1,0,3,0,0,0,0,0
Trem2,426,182,524,520,668,1351,492,1007,378,365,246,385,547
Plekha3,45,33,29,29,44,106,44,101,35,16,49,39,23
Plekha2,145,54,104,156,169,468,131,361,119,145,138,110,74
Nxf2,0,0,0,1,0,0,0,0,0,0,0,0,0
Mov10l1,0,0,0,0,0,0,0,0,0,0,0,0,0
Fthl17,0,0,0,0,0,0,0,0,0,0,0,0,0
H28,0,0,0,0,0,0,0,0,0,0,0,0,0
Bglap-rs1,0,0,0,0,0,0,0,0,0,0,0,0,0
Tex15,0,0,0,0,0,2,0,0,0,0,0,1,0
Ngrn,15,18,12,12,22,39,14,52,16,12,26,14,26
Pik3ap1,161,55,170,226,243,555,172,428,133,172,134,141,50
Pramel1,0,0,0,0,0,0,0,0,0,0,0,0,0
Tktl1,0,0,0,0,0,0,0,1,1,0,0,0,0
Fstl3,0,0,0,0,2,0,0,2,0,0,1,0,1
Tex16,0,0,0,0,0,0,0,0,0,0,0,0,0
Tex11,0,1,0,4,1,13,7,1,5,2,1,0,0
Usp26,0,0,0,0,0,0,2,0,0,0,0,0,0
Nlrp4c,0,0,0,0,0,0,0,0,0,0,0,0,0
Pramel3,0,0,0,0,0,0,0,0,0,0,0,0,0
Gtf2a1,102,53,45,80,77,257,91,178,97,79,89,73,45
Wdr6,65,131,132,146,148,258,128,269,36,16,158,93,53
Sytl1,0,0,1,2,3,0,0,0,0,0,1,2,0
Sytl3,1,7,3,1,3,6,3,2,3,2,3,2,3
Cnnm1,0,0,0,0,1,1,0,0,0,0,0,0,0
Bicc1,1,5,5,3,1,20,4,7,1,0,4,3,2
Crispld1,21,11,8,3,16,10,5,7,9,4,19,14,12
Dbr1,17,15,14,15,24,32,11,27,12,12,17,5,9
Actl6b,0,0,0,0,0,1,0,1,0,0,0,0,0
Slc12a9,61,20,102,63,145,222,94,225,44,75,40,84,14
Gigyf1,34,9,32,34,48,119,52,123,40,36,38,69,4
Xlr5c,0,0,0,0,0,0,0,0,0,0,0,0,0
Prp2,0,0,0,0,0,0,0,0,0,0,0,0,0
Smarcd1,54,15,31,33,50,79,24,82,32,24,33,38,8
Dpp7,34,47,65,48,68,138,68,109,29,29,46,48,65
Cenpq,21,16,2,16,11,26,6,18,8,7,12,7,6
Tas1r1,0,0,0,0,0,5,0,1,0,1,0,2,0
Ppp1ca,122,95,171,161,192,420,195,395,139,145,153,141,151
Prkab1,124,54,142,162,121,390,133,298,108,147,116,89,54
Msh4,0,0,0,0,0,0,0,0,0,0,0,0,0
Ghdc,18,4,27,24,35,52,25,36,19,22,15,23,14
Tas1r3,2,1,0,1,2,10,2,3,0,0,2,2,1
Tas1r2,0,0,1,0,0,0,0,0,0,0,0,0,0
Rab3d,8,8,16,5,4,21,8,17,11,7,10,8,4
Wasf1,0,0,0,0,0,7,0,2,0,0,0,0,0
Tnk1,7,17,17,7,15,43,13,37,7,12,9,3,3
Abcg5,0,5,1,0,1,3,3,3,0,0,1,2,2
Tsga14,14,19,22,25,24,45,25,27,15,7,18,13,11
Trps1,19,40,31,34,29,58,15,79,15,5,42,36,20
Nrg4,14,8,1,4,10,21,4,15,11,4,5,4,3
Tssk6,0,0,0,0,0,0,0,1,0,0,0,0,1
Tbx19,0,0,0,0,3,0,1,3,1,0,0,0,0
Mmp1a,0,0,0,0,0,0,0,0,0,0,0,0,0
Mmp1b,0,0,0,0,0,0,0,0,0,0,0,0,0
Slmap,245,166,154,360,311,905,223,666,236,267,293,243,190
Mtap1a,21,6,6,14,18,58,12,27,8,1,20,7,7
Myo7b,1,0,0,0,0,0,0,0,0,0,1,0,0
Kremen1,40,17,41,32,43,107,39,89,36,24,32,19,5
Kcnn1,2,2,2,2,0,6,3,4,1,0,2,0,0
Plvap,3,1,24,11,13,33,9,28,2,1,21,14,1
Gpr87,0,0,0,0,0,1,0,2,0,0,0,0,0
Sucnr1,0,0,0,0,0,0,0,0,0,0,0,0,0
Cd96,0,0,0,4,0,0,0,0,0,0,1,0,1
Kel,0,0,0,0,2,0,0,0,0,0,1,0,0
Hamp,2,2,17,3,21,2,1,0,2,0,0,0,0
Sval2,0,0,0,0,0,0,0,0,0,0,0,0,0
Rnf123,37,27,65,60,61,177,52,158,31,36,64,58,21
Gtpbp3,9,0,8,2,15,28,4,17,8,14,9,16,6
Cdo1,3,1,2,0,5,3,0,8,0,0,1,0,1
Ocm,0,0,0,0,0,0,0,0,0,0,0,0,0
Hes7,0,0,0,0,0,1,1,0,0,0,0,0,0
Tnfrsf25,0,0,0,0,0,3,0,0,0,1,1,0,3
Mbd6,71,18,73,79,81,232,84,193,44,81,58,81,10
Krt7,0,0,0,1,0,0,0,0,0,0,0,0,0
Tars,62,63,55,61,79,175,55,153,44,52,72,40,50
D1Pas1,0,1,0,0,0,0,0,0,0,0,1,0,0
D6Mm5e,4,1,2,5,5,17,1,5,2,5,4,3,5
Nudt19,11,20,9,17,14,32,22,33,14,14,16,10,10
Inpp5e,76,49,60,78,54,208,60,165,76,51,69,58,26
8-Sep,37,11,36,55,40,139,44,139,41,34,52,36,16
Lcn8,0,0,0,0,0,0,0,0,0,0,0,0,0
Fam158a,4,5,1,2,11,24,1,13,3,3,3,7,12
Snurf,18,32,40,30,25,50,22,54,9,1,28,8,37
Lce3c,0,0,0,0,0,0,0,0,0,0,0,0,0
Srebf2,48,35,65,66,85,118,47,98,16,16,41,43,5
Arpp21,0,0,0,0,0,1,0,1,0,0,0,0,0
Actn2,0,0,0,0,0,3,0,1,1,0,0,1,1
Chrm3,0,0,0,0,0,2,0,0,1,1,2,0,0
E2f6,15,43,22,26,27,59,12,63,14,11,17,9,15
Slco2a1,1,5,2,12,20,6,2,18,2,0,5,20,0
Glce,24,20,26,16,21,74,14,59,25,9,33,9,22
P2rx5,0,3,6,3,1,1,0,3,0,0,0,0,0
Lztfl1,26,40,18,24,37,72,16,73,18,26,40,23,27
Dgcr8,22,15,11,11,17,57,16,41,29,19,30,15,15
Loxl2,12,18,3,11,4,24,10,21,4,1,6,17,3
Zfp423,5,1,19,14,18,18,9,17,2,0,8,15,1
Copb1,275,226,147,269,278,702,225,552,186,227,252,217,222
Ppp1r16a,10,7,37,20,21,47,22,41,10,7,16,15,11
Krt23,0,1,0,2,0,6,0,0,0,0,1,0,0
Dock2,495,172,300,378,443,1326,365,1033,394,441,295,350,95
Jmjd6,36,16,43,47,60,126,31,109,33,54,30,40,24
Clic1,256,176,238,398,489,720,319,714,225,285,190,180,293
Arvcf,50,20,71,55,60,180,73,155,48,49,48,70,25
Tfcp2,18,12,11,40,17,108,19,77,20,16,21,21,11
D17H6S53E,10,1,12,9,10,23,12,24,6,2,17,10,10
Ly6g6d,0,0,0,1,1,2,1,6,0,2,0,2,2
Vangl2,1,2,6,4,3,16,0,11,2,1,3,5,1
Laptm4b,73,188,133,121,112,241,101,209,48,22,135,79,153
Ferd3l,0,0,0,0,0,0,0,0,0,0,0,0,0
Spred2,36,6,30,30,25,89,18,44,20,9,32,30,7
Spred1,174,60,82,143,107,424,94,348,112,131,116,102,16
Ubqln4,26,14,15,44,40,113,38,120,34,38,43,28,6
Oas1c,1,8,1,6,3,14,3,11,0,1,2,2,7
Vps37a,92,91,39,98,81,295,81,223,71,87,92,75,59
Eif4h,190,89,208,210,250,478,181,420,149,135,165,155,98
Derl2,63,71,50,51,71,126,69,157,43,71,71,41,110
Klf7,16,12,10,30,23,35,6,46,20,7,11,19,7
Mpv17l,18,34,19,24,20,65,12,51,10,4,23,9,19
Aff4,353,240,201,457,487,1261,289,896,246,316,311,377,96
Cecr6,0,0,0,0,1,0,0,0,0,0,0,1,0
Snf8,17,9,9,18,24,35,15,53,8,6,11,16,18
Cnnm4,18,4,10,35,33,130,27,90,20,18,16,28,5
Fkbp6,0,0,2,0,0,0,0,0,0,0,0,2,0
Wbscr16,10,6,12,10,10,15,10,16,6,8,5,6,8
Prcc,38,22,37,23,42,79,28,72,41,30,24,28,8
Pcdhgb1,107,71,104,145,114,242,64,189,43,32,94,68,29
Pcdhgb2,112,82,113,162,133,281,72,228,58,49,101,77,31
Pcdhgb4,117,72,121,149,123,260,69,211,45,40,99,80,32
Pcdhgb5,106,71,104,145,118,252,64,194,43,37,91,70,29
Pcdhgb6,108,73,107,148,128,256,70,208,43,39,96,72,29
Pcdhgb7,107,72,106,145,119,257,65,196,45,35,93,76,34
Pcdhgb8,110,72,103,143,115,244,64,189,43,36,92,72,31
Pcdhgc3,128,95,136,183,146,308,78,229,49,37,121,101,31
Pcdhgc4,105,73,103,144,115,243,66,191,42,32,93,70,29
Pcdhgc5,107,72,105,144,114,246,64,190,41,32,89,69,30
Pcdhga2,109,73,106,144,115,248,65,196,43,33,90,71,29
Pcdhga3,105,73,102,147,117,245,64,191,41,32,92,68,29
Pcdhga4,114,75,105,148,125,252,69,191,43,32,90,72,30
Pcdhga5,106,80,103,145,115,248,64,197,45,37,89,68,30
Pcdhga6,107,73,106,143,117,249,65,193,44,32,93,74,29
Pcdhga7,106,73,104,156,117,248,70,199,43,33,94,77,30
Pcdhga8,104,74,103,143,115,249,65,191,41,32,90,70,29
Pcdhga9,103,71,103,144,114,248,67,197,41,32,90,77,29
Pcdhga10,105,76,105,145,128,247,70,199,45,34,92,74,30
Pcdhga11,104,74,104,143,116,248,66,197,42,35,90,70,29
Pcdhga12,109,72,104,142,118,250,66,195,44,39,91,75,29
Hist2h4,0,0,0,0,0,1,0,0,0,0,0,0,0
Bcl3,21,10,64,53,64,36,4,15,5,3,3,28,0
Peli2,137,35,79,100,99,185,59,145,66,104,56,38,15
Rnf111,136,31,76,77,82,363,79,228,91,70,104,102,11
Dach2,2,1,0,2,0,4,0,0,2,0,2,3,0
Dqx1,3,1,4,7,6,22,4,12,8,3,6,11,3
Uchl4,2,0,0,0,1,5,1,2,0,0,0,0,0
Sncb,0,0,0,0,0,0,0,0,0,0,0,0,0
Cela1,2,0,2,3,2,2,0,1,0,2,3,0,3
Csprs,0,0,0,0,0,0,0,0,0,0,0,0,0
Atp6v0b,176,143,213,285,310,629,208,537,189,156,166,189,379
Supt16h,105,72,39,61,89,204,50,198,67,74,107,64,40
Pard3,21,17,14,27,26,45,13,45,11,6,35,12,3
Tnfsf13b,16,9,8,18,13,48,14,37,14,6,9,9,6
Lmx1a,6,18,5,30,17,33,11,22,5,0,20,11,12
Strn3,133,99,118,140,111,376,106,277,111,118,136,86,64
Ophn1,268,120,163,214,204,642,214,595,187,218,171,169,109
Adarb2,0,0,0,0,0,0,0,0,0,0,0,0,0
Fxyd1,22,106,111,80,130,156,63,146,28,2,69,93,223
Spock2,30,23,51,62,121,155,42,167,39,49,276,94,25
Olig3,0,0,0,0,0,0,0,0,0,0,0,0,0
Zfp91,173,67,89,169,175,525,147,407,142,147,198,130,59
Lrp1b,0,1,1,0,0,5,0,0,0,0,0,0,0
Agpat3,98,40,97,91,135,233,101,219,70,68,71,97,33
Mlph,292,81,162,306,312,301,133,362,138,142,99,192,18
Chrac1,22,14,42,20,38,46,22,40,19,23,16,29,35
Atg5,59,38,32,62,77,165,53,169,54,75,56,52,66
Car7,0,0,0,1,2,4,0,1,0,0,0,0,0
Cox6c,46,136,66,92,134,174,96,178,46,22,91,47,272
Fgd6,14,14,17,21,17,42,11,44,18,6,31,17,3
Nup62,43,18,53,41,60,99,31,69,24,34,28,22,15
Rheb,93,124,79,166,137,301,95,243,74,93,108,87,109
Slc45a2,0,0,0,0,0,0,0,0,0,0,0,0,0
Slc15a1,0,0,0,0,0,0,0,0,1,0,0,0,0
Aldh1a3,2,0,0,0,0,3,0,2,0,0,1,0,0
Tspan4,39,38,76,64,81,148,63,99,52,52,38,42,55
Tcf23,1,0,0,0,1,1,0,3,0,0,3,1,1
Epgn,0,0,0,0,0,0,0,0,0,0,0,0,0
Ifitm5,1,0,3,0,3,0,0,0,0,0,1,1,0
Naa15,176,109,81,125,158,455,99,314,101,90,116,84,40
Fam126a,80,37,37,58,73,197,68,152,65,57,74,43,55
Cox4i2,0,1,0,0,2,0,0,5,2,0,2,1,0
Tac4,0,0,0,0,0,0,0,0,0,1,0,0,0
Il24,0,0,0,0,0,0,0,0,0,0,0,0,0
Cml2,0,0,0,0,0,2,0,4,0,0,0,0,0
Lmod2,0,0,0,0,0,0,0,0,0,0,0,0,0
Setbp1,13,6,7,15,18,33,7,22,14,8,12,10,3
Trim8,90,34,135,149,138,393,124,344,88,102,76,112,6
15-Sep,269,305,210,354,308,702,299,608,216,233,365,169,331
Entpd7,8,6,6,10,7,48,6,36,8,11,18,13,4
Lmod1,8,1,5,6,12,10,0,7,1,0,21,15,7
Gpr45,0,0,0,0,0,0,0,0,0,0,0,0,0
Clec2d,88,50,51,83,133,82,16,109,17,24,76,60,52
Gpnmb,2,8,1,1,1,8,1,10,4,2,3,1,0
Ear6,0,0,0,0,0,0,0,0,0,0,0,0,0
Ear10,0,0,0,0,0,0,0,0,0,0,0,0,0
Ear11,0,0,0,0,0,0,0,0,0,0,0,0,0
Pabpc5,0,0,0,0,1,0,0,3,0,0,0,0,0
Wnt16,0,0,0,0,0,0,0,0,0,0,0,0,0
Pard6g,7,2,6,3,2,8,2,6,1,0,7,1,0
Echs1,41,59,84,77,80,159,66,105,45,27,59,35,68
Immp2l,3,6,5,5,6,9,1,6,1,0,2,0,4
Smarca1,2,2,0,7,4,14,1,5,3,0,9,0,9
Smarca5,122,64,69,140,120,283,77,223,55,66,86,80,65
Pcdhb3,0,1,0,1,0,1,0,0,0,0,0,0,0
Pcdhb4,2,0,0,1,0,2,0,0,0,0,3,0,0
Pcdhb5,0,0,0,0,0,1,0,0,0,0,0,0,0
Pcdhb6,0,1,0,0,0,0,0,1,0,0,0,0,0
Pcdhb7,0,3,0,2,1,1,1,1,1,0,2,0,0
Pcdhb8,0,0,0,0,1,2,2,0,0,0,2,0,0
Pcdhb9,0,0,0,0,0,0,0,1,0,0,0,1,0
Pcdhb10,0,0,0,2,0,0,1,1,0,0,0,1,0
Pcdhb11,0,0,0,0,0,0,0,0,0,0,0,1,0
Pcdhb12,2,0,0,1,0,1,0,0,0,0,0,2,0
Pcdhb13,0,0,0,1,0,1,0,0,0,2,1,0,0
Pcdhb14,1,2,8,5,5,1,1,4,0,0,3,1,3
Pcdhb15,1,0,0,0,2,0,0,2,2,0,0,2,0
Pcdhb16,4,0,0,4,2,6,2,1,1,0,2,1,4
Pcdhb17,3,5,1,6,4,17,0,6,5,0,8,7,1
Pcdhb18,4,6,2,0,10,5,0,11,2,0,3,5,0
Pcdhb19,0,0,0,0,2,1,0,0,1,0,2,2,1
Pcdhb20,4,1,3,3,3,7,0,3,3,0,1,3,0
Pcdhb21,1,3,0,0,1,0,0,3,1,0,0,0,0
Pcdhb22,8,8,1,9,6,10,3,10,1,4,3,1,7
Hemgn,0,0,0,0,0,0,0,0,0,0,2,0,0
Klra21,1,0,0,1,1,1,1,2,0,0,0,0,3
Klra22,1,0,0,0,0,0,2,0,0,1,0,0,0
Klra18,2,0,0,0,2,0,2,1,2,1,0,0,8
Klra19,0,0,0,0,0,0,0,0,0,0,0,0,0
Allc,0,0,0,0,0,0,0,0,0,0,0,0,0
Tm2d1,19,13,13,18,12,15,10,31,8,14,11,23,27
Mrpl27,13,13,12,15,16,50,7,30,6,9,12,5,26
Mrpl34,5,6,0,4,4,8,2,11,2,4,2,5,2
Mrpl36,11,20,11,8,12,34,13,29,6,14,16,8,25
Mrpl43,12,5,12,25,24,59,28,51,15,10,16,19,29
Clec2h,0,0,0,0,0,0,0,0,0,0,0,0,0
Trim7,0,0,5,2,0,5,1,3,2,0,1,0,1
Trim9,0,0,0,0,0,5,0,4,1,0,0,0,0
Trim11,18,9,16,27,34,77,16,66,16,28,22,21,7
Trim16,14,16,19,17,17,19,0,18,5,7,15,18,2
Csmd1,0,0,1,0,0,15,0,0,1,0,0,0,0
Mepe,0,0,0,0,0,0,0,0,0,0,0,0,0
Kifc5b,1,0,0,0,1,3,0,1,3,1,1,3,0
Hrg,0,0,0,0,0,0,0,0,0,0,0,0,0
Mcoln1,48,25,57,74,54,135,59,129,33,44,36,46,40
Acsbg1,0,0,0,1,0,1,0,2,0,0,1,0,1
Nans,13,11,21,15,25,61,30,49,19,22,17,9,17
Cdk20,10,4,16,5,8,19,4,24,6,9,6,8,1
Ddx50,73,67,34,87,119,241,52,149,45,40,77,64,47
Ugt2a1,0,0,0,0,0,0,0,0,0,0,0,0,0
Col4a6,1,0,1,4,3,4,1,2,0,0,7,3,0
Srd5a2,0,0,0,0,0,0,0,0,0,0,0,0,0
S1pr5,0,0,1,0,0,1,0,1,1,0,2,0,0
Pi15,0,1,0,0,2,2,0,2,1,1,14,1,1
Ric8,67,23,34,46,61,127,40,117,44,50,52,66,38
Slc24a3,47,21,33,37,43,109,43,116,37,50,39,45,5
Sfxn2,14,15,10,23,13,35,10,35,6,5,14,18,12
Sfxn4,14,6,9,12,9,51,10,28,5,12,16,3,8
Cadm3,0,1,3,1,5,0,0,4,1,0,1,2,0
Ces1d,0,1,0,7,0,6,0,10,1,0,0,1,1
Magee1,13,7,12,12,6,34,12,30,13,1,14,13,6
Foxp1,62,32,42,91,69,188,49,159,56,75,106,62,23
Erc1,24,15,14,20,44,57,11,46,10,3,47,22,8
Taar1,0,0,0,0,0,0,0,0,0,0,0,0,0
Magee2,4,7,5,4,4,11,2,14,0,0,3,5,3
Egln1,62,22,38,54,34,144,59,137,35,37,53,43,21
Egln2,18,10,44,41,33,61,19,70,17,18,18,33,11
Tas2r103,0,0,0,0,0,0,0,0,0,0,0,0,0
Tas2r116,0,0,0,0,0,0,0,0,0,0,0,0,0
Myo1f,143,44,129,174,156,713,219,559,185,179,147,194,65
Ugt2b37,0,0,0,0,0,0,0,0,0,0,0,0,0
1700102P08Rik,1,0,3,0,1,5,3,1,1,0,1,2,0
2010002M12Rik,3,4,3,1,4,4,0,0,0,0,2,1,0
Vmn1r48,0,0,0,0,0,0,0,0,0,0,0,0,0
Vmn1r47,0,0,0,0,0,0,0,0,0,0,0,0,0
Vmn1r43,0,0,0,0,0,0,0,0,0,0,0,0,0
Vmn1r42,0,0,0,0,0,0,0,0,0,0,0,0,0
Vmn1r52,0,0,0,0,0,0,0,0,0,0,0,0,0
V1ra8,0,0,0,0,0,0,0,0,0,0,0,0,0
Vmn1r54,0,0,0,0,0,0,0,0,0,0,0,0,0
Vmn1r50,0,0,0,0,0,0,0,0,0,0,0,0,0
Vmn1r53,0,0,0,0,0,0,0,0,0,0,0,0,0
Vmn1r44,0,0,0,0,0,0,0,0,0,0,0,0,0
Vmn1r40,0,0,0,0,0,0,0,0,0,0,0,0,0
Vmn1r46,0,0,0,0,0,0,0,0,0,0,0,0,0
Vmn1r41,0,0,0,0,0,0,0,0,0,0,0,0,0
Vmn1r29,0,0,0,0,0,0,0,0,0,0,0,0,0
Vmn1r25,0,0,0,0,0,0,0,0,0,0,0,0,0
Cldn16,0,0,0,0,0,0,0,0,0,0,0,0,0
Foxp2,1,0,0,2,0,0,0,4,1,1,0,1,1
Kiss1r,1,0,1,8,3,2,2,3,1,2,0,1,0
Aipl1,0,0,0,0,1,0,0,0,0,0,0,0,0
Dok4,8,0,4,9,7,18,5,14,2,2,6,6,8
Lyve1,18,9,1,9,10,6,1,11,7,10,14,11,7
Slc5a5,11,16,7,17,13,29,15,12,6,0,7,7,2
Krt82,0,0,0,0,0,0,0,0,0,0,0,0,0
Crip3,0,1,0,2,1,0,0,2,0,0,0,0,0
Gm4736,0,0,0,0,0,0,0,0,0,0,0,0,0
Zmynd10,3,2,8,5,8,17,4,16,1,0,7,3,6
Tle6,0,0,0,0,1,1,0,0,1,0,0,1,0
Elac1,35,18,28,20,32,114,29,94,26,37,46,37,15
Pth2,0,0,0,0,0,0,0,0,0,0,0,0,0
Rpl31,4,5,12,4,8,9,4,11,6,6,7,4,6
Prss28,0,0,0,0,0,0,0,0,0,0,0,0,0
Prss29,0,0,0,0,0,0,0,0,0,0,0,0,0
Impa2,4,2,3,0,8,7,6,9,2,1,8,4,1
Hsd17b11,206,116,158,192,236,506,158,468,169,197,154,131,213
Hnrnpa3,62,57,35,63,78,165,40,134,49,40,72,52,52
4930444G20Rik,0,0,0,0,0,0,0,0,0,0,0,0,0
Gtf2ird2,32,13,44,31,56,100,35,85,30,25,24,43,12
Selm,3,8,11,7,10,9,6,14,1,3,6,1,13
Rasa2,31,20,13,40,28,124,32,76,30,14,31,32,9
Rad51c,0,7,0,5,8,7,3,9,2,1,2,0,3
Rims2,0,0,0,4,2,8,2,1,0,0,3,0,0
Dhcr24,5,16,14,23,12,42,15,28,7,1,21,10,6
Ttyh2,9,2,10,4,1,19,7,19,7,7,10,10,8
Scgb3a1,0,0,0,0,3,0,0,0,0,0,0,0,0
Scgb3a2,0,0,0,0,0,0,0,2,0,0,0,0,0
Tulp4,74,37,42,104,71,247,54,212,64,64,88,104,20
Antxr1,64,121,64,101,60,242,51,149,27,3,109,74,23
Cd248,0,1,4,1,1,1,1,8,0,0,2,0,4
Msi2,125,128,63,137,91,349,76,253,51,60,178,89,73
Gpr124,12,6,15,14,16,62,16,71,20,13,49,30,9
Hist2h3c2-ps,2,4,2,0,3,3,2,16,1,1,2,1,0
Def8,29,11,22,24,21,60,12,34,14,15,21,12,33
Rcor2,1,1,3,0,0,3,0,1,0,0,0,3,0
Osr2,0,0,0,0,0,0,2,0,1,0,0,0,0
Pip4k2b,113,32,74,92,92,248,108,232,84,81,79,113,14
Gpr98,29,40,29,20,26,90,21,50,8,0,48,16,17
Brdt,7,1,1,2,3,8,2,5,0,0,4,0,8
Slc13a3,33,9,38,137,39,34,12,38,21,21,9,12,8
Pawr,3,8,4,7,10,9,4,7,1,0,3,6,3
Prosc,64,44,53,73,85,182,49,130,36,58,57,41,32
Psg20,0,0,0,0,0,0,0,0,0,0,0,0,0
Ceacam3,0,0,0,0,0,0,0,0,0,0,0,0,0
Psg25,0,0,0,0,0,0,0,0,0,0,0,0,0
Psg28,0,0,0,0,0,0,0,0,0,0,0,0,0
Psg29,0,0,0,0,0,0,0,0,0,0,0,0,0
Plcz1,0,0,0,0,0,0,0,0,0,0,0,0,0
Vsx1,1,0,0,0,0,0,0,0,0,0,0,0,0
Afg3l1,52,23,43,58,41,94,43,79,24,28,49,47,21
Fgfrl1,15,21,9,19,9,34,11,29,6,4,10,18,8
Tsga13,0,0,0,0,0,0,0,0,0,0,0,0,0
Defb6,0,0,0,0,0,0,0,0,0,0,0,0,0
Prelp,70,125,121,188,127,412,105,314,43,5,198,134,29
Baz2a,107,58,86,95,132,376,115,289,87,84,114,124,11
Iltifb,0,0,0,0,0,0,0,0,0,0,0,0,0
Akr1c20,0,0,0,0,0,0,0,0,0,0,0,0,0
Mta1,22,5,43,40,32,96,40,91,31,32,26,39,7
Calcb,0,0,0,0,0,0,0,0,0,0,0,0,0
Alpk3,1,0,0,0,0,0,0,0,0,0,0,0,0
Slc19a2,14,24,8,21,28,58,7,39,2,12,20,4,7
Pnpla3,0,2,2,0,1,4,2,0,2,0,2,1,0
Tgs1,83,72,24,109,79,326,88,228,113,86,130,74,82
Ube3b,48,26,59,63,76,171,68,155,52,48,46,62,13
Acsm1,0,0,0,0,0,0,0,0,0,0,0,0,0
Necab2,0,4,0,6,2,4,0,2,0,0,0,3,2
Pip4k2c,55,37,50,57,63,193,63,151,44,36,66,58,22
Steap4,62,91,35,53,112,14,1,17,2,0,7,24,3
1110038F14Rik,15,3,4,11,6,27,7,25,5,9,11,14,17
2310034C09Rik,0,0,0,0,0,0,0,0,0,0,0,0,0
Ivns1abp,2354,915,1050,1739,1981,6843,1769,5127,2071,2336,1916,1887,1265
Stk33,0,3,4,2,1,15,0,9,2,0,1,0,3
Bag6,83,36,104,137,139,334,140,298,93,124,88,131,11
Fubp1,113,96,86,135,146,422,113,304,103,102,114,163,73
Lmo1,2,0,0,0,0,1,1,0,0,0,2,0,3
Dpf3,0,0,0,0,0,0,0,0,0,0,0,0,0
Recql4,0,1,0,0,0,4,0,0,1,2,0,0,0
Klf16,24,5,25,58,44,87,31,79,10,18,12,27,1
Mrps21,16,12,11,21,25,43,20,37,11,6,16,10,48
Btnl2,0,0,0,2,0,2,1,0,0,0,0,0,0
Elmo2,83,45,106,121,144,292,105,284,82,71,101,117,27
Elmo1,611,183,344,494,428,1714,445,1132,494,567,417,463,160
Grhpr,4,9,8,11,10,17,5,14,4,2,5,6,15
Igsf8,15,7,20,19,13,60,28,57,22,15,23,31,5
Lpo,0,0,0,0,0,0,0,0,0,0,0,0,0
Fezf2,0,0,0,0,0,1,0,0,0,0,0,0,0
Apoa5,0,0,0,0,0,0,0,0,0,0,0,0,0
Adcy4,25,19,53,21,46,29,13,37,21,5,33,47,7
Celsr3,0,0,0,0,1,3,0,4,0,0,0,5,0
Glra3,0,0,0,0,0,0,0,0,0,0,0,0,0
Tssk3,0,0,0,0,2,0,0,0,0,0,0,0,0
Asb7,26,10,16,26,26,69,16,63,17,18,39,25,13
Asb10,5,0,4,2,9,18,7,6,2,4,4,4,1
B3galt6,7,5,3,4,4,11,12,18,3,7,4,5,0
Helb,18,12,14,26,22,65,9,41,14,18,14,15,4
Srgap3,26,26,16,38,32,112,22,76,18,6,55,22,8
Gjc3,1,0,0,0,0,8,0,7,0,0,5,2,2
Synpo2,5,5,14,4,12,17,3,13,1,2,15,2,1
Mmp28,8,0,11,5,4,21,2,15,7,11,11,8,0
Gjc2,0,0,0,0,0,1,0,2,0,0,1,0,0
Tshz2,4,8,4,9,11,17,2,14,6,3,15,6,1
Mrps6,26,58,30,36,32,123,41,98,20,2,55,31,49
Muc4,0,0,0,0,0,0,0,0,0,0,0,0,0
Bsnd,0,0,0,0,0,0,0,0,0,0,0,0,0
Strc,0,0,0,0,0,0,0,0,0,0,0,0,0
Zfp358,11,6,19,12,14,28,22,22,19,13,13,8,6
Hnmt,67,43,32,51,43,161,63,121,44,56,75,40,57
Pofut1,63,22,44,51,65,177,62,136,57,61,61,64,16
Ppp1r3a,0,0,0,0,0,0,0,0,0,0,0,0,0
Kcnn2,0,0,0,0,0,0,0,3,0,0,0,0,0
Kcnn3,3,7,0,6,3,10,1,9,0,0,3,4,0
Atp6v0a4,1,0,0,1,1,1,2,0,0,0,0,0,0
Rxfp2,0,0,0,0,2,1,0,0,0,0,0,0,0
Eri3,20,12,27,45,38,91,30,79,20,20,24,34,8
Smc1b,0,0,0,0,0,2,0,0,0,0,0,0,1
Trim69,0,2,0,1,3,1,2,2,3,1,1,2,0
Itpr3,36,5,62,44,44,107,31,95,46,28,51,54,5
Psmd5,42,26,51,46,48,117,44,134,34,43,60,31,62
Ppap2b,12,19,28,40,42,81,17,82,20,16,65,23,16
Tm9sf2,417,262,240,300,265,774,275,787,252,260,396,223,310
Snx4,79,46,57,88,76,188,68,146,58,81,52,35,63
Ssfa2,343,321,225,433,379,998,288,876,277,248,399,283,145
Sh3bgrl3,108,44,151,126,212,249,123,263,105,81,65,129,116
Ube2n,57,40,27,45,47,137,41,100,22,14,54,32,54
Rnf216,131,56,126,146,129,359,107,328,97,141,105,99,36
Ubox5,19,3,6,14,11,41,29,19,7,8,15,16,7
Acss1,173,79,97,135,151,385,115,296,87,103,112,148,37
Emid1,0,0,0,0,0,3,0,5,0,1,0,0,0
Aco2,123,175,206,228,227,440,171,416,105,66,162,165,142
Hps3,239,107,160,164,192,707,197,500,204,248,190,200,180
Eif3h,54,75,44,84,100,187,59,142,36,38,76,48,82
Hars2,55,33,39,19,32,118,32,98,39,33,49,26,35
Nme5,11,36,20,16,17,51,10,34,6,0,21,14,54
Mvp,38,27,87,89,133,131,48,127,30,31,25,69,16
Timp4,0,0,2,1,2,4,0,5,0,0,1,0,0
Baalc,0,0,2,1,0,0,0,6,0,0,2,0,2
Bhlhe23,0,0,0,0,0,0,0,0,0,0,0,0,0
Caskin2,3,1,5,11,7,33,10,28,9,2,30,8,4
Bmp2k,585,259,335,632,628,1325,339,1085,438,499,324,443,77
Rem2,3,0,0,2,1,3,3,0,0,0,2,2,0
Myh7,1,7,7,6,9,13,4,18,0,0,12,5,0
Il25,1,0,0,0,1,0,0,0,0,0,0,0,1
Setd7,78,67,43,106,112,213,63,166,67,40,76,108,19
Lnx2,19,12,11,13,12,31,9,35,6,9,21,15,8
D17Wsu104e,27,34,38,38,61,113,44,86,33,30,36,30,42
Socs4,31,11,18,22,27,71,13,45,17,12,18,26,18
Serpinc1,0,0,0,0,0,3,0,0,0,0,0,0,1
Ftcd,0,0,0,0,0,0,0,0,0,0,0,0,0
Higd1b,1,0,4,6,14,2,1,2,1,2,5,9,2
Asb15,0,0,0,0,0,0,0,0,0,0,0,0,0
Nek8,4,4,5,7,3,10,3,9,4,2,10,5,3
Pask,3,3,3,2,6,13,2,5,2,1,1,4,2
Slc7a12,0,0,0,0,0,0,0,0,0,0,0,0,0
Slc17a6,0,0,0,0,0,0,0,2,3,0,0,0,0
Slc34a3,0,0,0,0,0,0,0,0,0,0,0,0,0
Zcchc14,50,17,31,59,56,187,68,147,52,40,34,69,9
Asb13,22,13,11,33,32,88,17,56,24,28,30,24,20
Asb12,0,0,0,0,0,0,0,0,0,0,0,0,0
Vps4a,78,23,28,60,54,191,65,140,54,55,60,46,33
Tlr3,284,218,164,147,249,515,161,411,165,178,162,135,151
Pcdh18,1,2,7,3,10,18,0,13,7,0,17,7,2
Colec12,10,21,16,16,27,32,15,23,8,5,37,14,20
Elovl6,23,33,26,40,47,76,21,65,13,3,40,30,23
Slc2a10,2,2,2,2,0,4,2,0,1,2,5,0,0
Bbox1,0,0,2,2,0,12,1,6,0,0,1,0,3
Gpha2,0,0,2,0,0,0,0,0,0,0,0,0,0
Recql5,24,6,28,29,18,82,23,53,22,22,31,16,4
Grin3b,0,0,0,3,0,0,0,1,2,0,1,0,0
Nphs2,0,0,0,0,0,0,0,0,0,0,0,0,0
Cntnap4,0,0,0,0,0,0,0,0,0,0,0,2,0
Sp7,0,0,0,0,0,0,0,0,0,0,0,0,0
Snx18,370,156,274,259,365,933,263,634,255,306,226,224,68
Krtap16-8,0,0,0,0,0,0,0,0,0,0,0,0,0
Krtap16-5,0,0,0,0,0,0,0,0,0,0,0,0,0
Nxph3,0,1,0,2,1,2,3,1,0,0,3,4,0
Card10,4,4,4,0,1,10,3,14,5,7,13,6,2
Cdk9,89,34,105,127,114,250,82,199,67,56,59,116,44
Slco1a5,7,69,13,15,24,40,13,39,4,0,27,15,20
Adrbk1,145,55,212,258,228,818,343,849,300,259,208,285,40
Acaa1a,38,19,41,26,54,85,34,83,36,23,29,25,15
Olfr78,4,2,2,0,6,3,0,1,1,1,6,6,2
Nobox,0,0,0,0,0,0,0,0,0,0,0,0,0
Krtap16-1,0,0,0,0,0,0,0,0,0,0,0,0,0
Krtap16-4,0,0,0,0,0,0,0,0,0,0,0,0,0
Krtap16-9,0,0,0,0,0,0,0,0,0,0,0,0,0
Cdhr1,2,0,0,0,0,1,0,4,1,1,1,0,0
Usp48,200,70,94,166,155,551,148,522,139,179,180,191,61
Otud7a,0,0,0,0,0,0,0,0,0,0,0,0,0
Pabpc4,19,11,15,21,18,35,18,34,9,11,21,16,1
Cyp4f13,49,22,77,66,95,127,47,99,32,36,33,39,24
Idh3b,93,81,81,93,113,268,81,235,60,46,114,50,112
Card14,10,3,6,6,6,27,6,13,2,4,7,6,1
Nxf7,0,0,0,0,0,0,0,0,0,0,0,0,0
Anp32b,51,20,18,42,53,118,28,100,38,32,36,22,26
Rtn4ip1,15,10,21,24,18,47,14,45,8,9,26,20,23
Scrt1,0,0,0,0,0,0,0,0,0,0,0,0,0
Cd209c,1,0,0,2,1,0,0,0,0,0,0,0,0
Cd209d,0,0,0,0,1,0,1,1,0,1,0,0,0
Cd209e,0,0,0,0,0,0,0,0,0,0,0,0,0
Parvb,70,15,61,46,71,89,42,102,41,36,62,66,7
Cacng6,0,0,0,0,0,0,0,0,0,0,0,0,0
Slc5a4a,0,0,0,0,0,0,0,0,0,0,0,0,0
Rogdi,84,47,119,108,137,244,106,248,71,76,52,67,42
Fam198b,1,0,0,4,0,15,9,8,5,7,14,2,9
Cacng7,2,0,12,10,4,12,6,13,0,0,4,2,1
Cacng8,0,0,0,0,0,0,0,0,0,0,0,0,0
Eps8l2,20,10,42,49,54,59,33,83,23,11,42,38,14
Npffr2,0,0,0,0,0,0,0,0,0,0,0,0,0
Il1rl2,31,26,20,37,27,112,36,87,32,44,33,39,12
Scml2,2,0,2,2,0,0,0,0,0,0,0,5,1
Cstf2,57,31,38,66,72,137,43,125,44,36,69,33,29
Pygl,13,14,32,23,18,52,17,43,19,15,19,22,20
Scn4a,0,3,3,0,0,0,0,0,0,0,1,0,0
Mfn2,82,51,62,104,114,233,53,162,60,34,117,63,40
Trhr2,0,0,0,0,0,0,0,0,0,0,0,0,0
Klra17,0,0,3,0,0,0,0,0,1,0,1,0,2
Zscan5b,0,0,0,0,0,0,0,0,0,0,0,0,0
Arr3,0,0,0,0,0,0,0,0,1,0,0,0,0
Kcnh7,0,0,0,0,0,0,0,1,0,0,0,0,0
Zfp287,17,6,7,2,6,43,11,23,3,8,14,11,5
Pilrb1,2,9,0,6,3,3,2,2,1,1,0,0,0
Sertad3,4,5,14,17,6,20,5,15,4,6,10,14,8
Tlr7,1767,891,834,1168,1514,1727,562,1740,770,1033,662,678,675
Tlr8,13,8,4,13,17,10,6,16,10,7,7,4,6
Xpnpep2,0,0,0,0,0,1,0,0,0,0,0,0,0
BC017612,3,3,3,6,3,8,3,9,0,0,6,1,7
Mtmr4,103,49,57,66,101,345,115,275,103,71,130,91,63
Xpnpep1,40,22,60,33,58,107,31,85,26,32,41,39,30
Bco2,82,33,64,75,101,313,83,228,89,100,82,69,80
Zfp704,49,26,21,23,46,131,45,114,43,16,80,60,3
Gcnt2,335,196,246,195,392,248,50,204,73,97,92,167,33
Eltd1,144,154,111,127,225,202,59,244,108,54,324,168,186
Rac3,1,4,8,4,10,12,2,16,3,2,5,11,2
Atp13a1,52,20,64,62,91,211,76,217,45,68,69,71,15
Acbd3,157,78,89,134,167,425,89,272,111,121,134,97,67
Pdzd3,0,0,0,1,0,2,0,0,0,0,1,0,0
Nup155,45,41,33,41,49,105,44,89,44,28,43,45,49
Ripply3,0,0,0,0,1,4,0,6,0,0,2,0,0
Rfxap,16,6,1,8,20,38,8,30,7,17,16,16,8
Bbc3,12,1,19,24,22,51,17,39,6,9,1,18,2
Khdrbs2,0,0,0,0,0,0,0,0,0,0,0,0,0
Glcci1,36,8,12,21,24,93,26,79,15,35,33,28,4
Apcdd1,7,6,12,7,21,49,6,50,13,8,77,11,8
Cd209a,14,13,7,11,15,19,17,19,16,4,8,20,11
Crb1,0,0,0,4,0,0,0,2,0,0,0,0,0
Acot8,2,2,11,5,12,15,6,10,2,4,4,3,0
Mlc1,0,8,5,76,9,106,6,97,1,0,10,1,7
Rbm39,997,436,406,921,1063,2407,574,1727,586,645,657,637,435
Ms4a3,0,0,0,0,0,0,0,0,0,0,0,1,0
Ppargc1b,2,3,1,0,2,5,4,2,1,1,1,3,2
Vgll1,0,0,0,0,0,0,0,0,0,0,0,0,0
Tram2,3,2,11,2,6,14,1,14,4,4,4,3,1
Slc5a2,6,9,18,14,14,40,18,36,8,11,14,8,3
Gsx2,0,0,0,0,0,0,0,2,0,0,0,0,0
Ing4,43,19,31,47,64,138,28,125,32,46,45,30,49
Asb6,10,3,22,15,21,19,17,34,7,4,6,12,9
Dhx30,80,30,84,70,70,182,78,188,58,56,65,58,29
Mapre3,12,11,13,14,17,39,8,30,6,6,22,24,7
Prss8,2,0,3,3,0,3,1,1,0,0,1,1,1
Tm9sf3,605,417,322,502,511,1301,401,1115,462,385,524,339,382
Oosp1,0,0,0,0,0,0,0,0,0,0,0,0,0
Sumo2,0,1,1,0,0,1,2,2,0,1,1,2,0
Krt75,0,0,0,0,0,0,0,0,0,0,0,0,0
Zfp617,22,28,9,9,6,45,12,28,11,6,18,11,13
AY026312,0,0,0,0,0,0,0,0,0,0,0,0,0
Acaca,18,13,9,14,14,38,11,35,10,12,16,10,5
Myoz3,1,0,0,0,0,0,0,0,0,0,0,0,0
Prima1,0,1,0,0,0,0,0,0,0,0,0,0,0
Dnahc5,1,0,0,2,1,37,3,13,3,0,3,0,3
Nmnat1,3,8,4,10,14,17,6,12,5,2,7,2,3
Ppp1r14c,0,1,0,0,0,3,1,2,0,0,2,0,0
Ntng2,2,1,2,5,0,2,1,0,1,0,1,2,0
Edaradd,1,0,0,0,0,2,0,0,1,0,1,0,0
Slc12a6,304,111,130,178,192,755,237,663,251,253,260,235,99
Mat1a,0,0,0,0,1,0,0,0,2,0,1,6,0
Cd81,1015,676,1295,1064,1259,2473,1039,2436,811,962,860,706,846
Crk,259,198,172,196,269,589,166,521,161,175,230,189,133
Cyp2a12,0,0,0,0,0,0,0,0,0,0,0,0,0
Ercc3,37,11,45,32,56,114,50,102,34,45,34,40,26
Ces1e,0,0,0,0,1,0,0,0,0,0,0,0,0
Slc6a12,0,0,0,0,0,0,0,0,0,0,0,0,0
Ier3,207,149,316,230,299,538,133,342,96,125,130,185,117
Lad1,0,0,0,0,3,0,0,0,0,0,0,0,0
Mef2d,48,25,50,96,74,282,62,225,60,64,54,97,4
Ndufv1,44,50,77,68,83,130,42,116,40,18,50,39,76
Pdk2,13,25,27,40,48,74,32,79,20,10,37,22,5
Slc25a3,262,271,232,340,341,878,219,657,176,160,312,224,274
Rp2h,168,130,107,172,150,518,146,498,188,215,215,135,162
Sult1a1,254,129,159,231,357,195,81,241,102,119,94,102,90
Tor1b,67,52,58,66,78,207,69,166,60,86,79,56,66
Arhgef5,8,29,12,33,35,89,28,88,17,4,60,22,10
Osgep,28,11,21,35,16,53,25,78,21,16,13,24,20
Sac3d1,2,0,0,0,3,2,3,3,2,2,4,5,2
Tmem19,82,39,44,68,66,156,40,114,45,52,59,36,52
Mosc2,101,127,100,106,114,230,100,229,80,51,94,47,152
Rab31,208,100,142,195,226,433,117,355,136,116,151,119,111
Qprt,0,0,1,2,3,3,3,1,1,2,2,3,1
Cxxc5,77,25,67,69,47,245,102,202,66,71,82,61,28
4930579J09Rik,0,0,1,0,1,7,0,3,0,0,0,0,0
Atp1b4,0,0,0,0,0,0,0,0,0,0,0,0,0
Pold3,35,29,22,72,43,118,23,123,30,34,33,34,14
Rbm42,20,14,44,26,42,68,56,65,18,32,14,24,7
Fbxl15,0,0,0,2,2,6,2,4,0,0,1,0,4
1110003E01Rik,68,105,58,95,126,240,71,194,51,50,127,59,129
Hrnr,0,0,0,0,0,0,0,0,0,0,0,0,0
Btbd10,29,64,43,44,47,128,46,106,23,11,66,42,42
Prpf6,90,65,89,110,128,278,75,204,52,69,103,64,66
Sec22a,20,31,26,19,25,75,25,61,26,18,33,11,58
Pycr2,19,12,24,15,26,49,17,59,8,17,10,16,24
Tmem97,11,8,14,8,11,15,9,16,10,2,7,8,8
Gmppa,21,11,17,36,45,79,29,61,19,12,23,22,11
Chrdl2,0,0,0,0,0,0,0,0,0,0,0,0,0
Spata4,0,0,0,0,0,0,0,0,0,0,0,0,0
Klk10,0,0,0,0,0,0,0,0,0,0,0,0,0
2310037I24Rik,18,6,8,20,8,53,5,40,14,19,16,11,8
Smap2,625,217,479,618,530,1935,546,1336,486,638,442,538,122
Tmem30a,390,390,265,348,286,942,305,803,274,267,435,277,303
Fam108c,48,23,38,33,48,183,62,137,62,58,53,56,19
St13,162,123,127,153,168,490,126,469,119,147,205,116,156
Kptn,3,1,6,7,10,19,8,12,6,3,5,1,1
Asnsd1,73,55,26,34,46,128,34,102,39,40,37,37,65
2610018G03Rik,7,8,9,2,6,28,5,22,6,2,14,7,6
Krt25,0,0,0,0,0,0,0,0,0,0,0,0,0
Prss22,0,0,0,0,0,0,0,0,0,0,0,0,0
9030425E11Rik,2,0,0,1,4,3,1,0,3,0,1,0,1
Ptcd1,31,40,40,63,63,153,50,108,46,39,51,36,59
Lancl2,12,13,6,12,15,32,6,23,13,4,16,18,10
Antxr2,21,11,15,22,18,41,12,27,11,4,25,16,9
Tmem123,220,174,137,188,245,347,109,292,109,128,178,126,148
Prmt3,11,9,15,19,33,48,23,52,19,20,23,10,16
Lypd3,0,0,0,0,0,0,0,0,0,0,0,0,0
Ccdc71,21,15,28,17,18,46,20,85,19,16,27,15,14
Calhm2,27,11,40,15,22,43,21,49,18,28,21,20,20
Fam98a,32,29,30,33,36,83,29,79,40,30,49,22,25
Insig2,81,72,47,66,62,167,48,140,45,31,87,52,111
2900064A13Rik,91,95,74,111,100,218,78,166,48,57,95,57,151
Fam118a,18,11,10,7,20,17,12,31,11,8,23,7,9
Errfi1,455,264,321,401,546,1074,234,631,213,263,201,369,88
Tubgcp2,37,14,30,48,43,127,26,108,36,32,41,35,22
Gpn1,32,22,26,44,34,84,31,63,16,24,27,29,41
Pgs1,78,40,57,98,114,179,57,147,50,42,45,63,17
Usp47,204,123,77,190,170,541,130,389,134,144,199,160,109
Dcp1a,33,20,30,35,60,124,38,117,34,54,49,57,18
Ncapg2,12,2,10,8,12,40,3,32,19,7,7,9,7
Dnttip1,21,14,29,23,25,60,20,69,33,20,18,20,10
Atp6v0e2,1,0,7,12,6,16,2,10,1,3,8,2,3
Fbxo31,13,2,10,8,15,23,8,22,8,10,8,6,4
Efr3a,143,131,82,163,144,372,105,293,105,109,178,102,73
Mtif2,29,27,25,31,49,132,31,104,32,33,41,32,31
Asl,14,3,29,18,23,59,17,50,18,16,16,12,14
Cyfip2,20,33,27,36,29,95,18,61,11,1,45,16,18
Adck4,19,11,26,13,45,65,27,60,8,10,18,24,13
Memo1,45,26,37,37,36,125,36,111,43,29,30,24,32
Ssbp4,11,8,49,16,26,69,16,52,17,17,13,32,8
Stard4,7,7,3,11,9,14,3,16,7,2,17,8,7
Gpr110,0,0,0,0,0,0,0,0,0,0,0,0,0
Ube2s,1,2,5,6,3,10,2,15,6,7,1,4,0
Fam131a,8,4,18,6,15,39,18,44,9,9,8,15,6
Pigt,32,25,44,54,38,134,39,89,43,20,35,54,6
Tpr,323,203,157,263,247,799,203,640,189,235,231,194,46
Ptges2,8,9,17,19,25,33,18,34,7,5,2,13,10
Smc4,30,14,26,32,28,123,32,89,37,20,33,33,12
Nmd3,94,55,58,111,143,182,51,151,40,65,49,42,54
Icmt,62,59,75,57,68,184,81,157,45,43,77,45,32
Wwc2,56,42,69,82,76,133,45,137,34,31,52,55,12
Pla2g15,316,145,356,263,327,1048,407,886,293,392,284,278,220
Qars,95,69,84,100,111,277,88,219,65,79,84,74,94
Arhgdia,291,110,531,483,572,922,340,846,249,261,230,350,80
4833439L19Rik,139,96,101,167,128,416,99,296,118,100,139,101,70
Exd2,60,23,18,56,53,137,35,120,38,39,30,47,35
Nol12,5,7,9,23,25,40,10,28,7,5,6,10,11
Gtf2f1,26,18,48,60,68,116,46,109,16,26,22,31,34
Dpp3,43,39,37,40,56,121,41,90,25,31,32,51,22
Tmem132a,38,33,101,63,138,231,74,141,30,51,36,129,18
Cops8,54,43,42,76,118,158,53,127,53,39,66,44,58
Uap1,129,79,141,119,176,188,62,187,77,62,73,112,56
Lrrc59,103,46,93,126,146,278,79,252,74,77,80,89,35
Hdlbp,468,369,430,641,625,1640,393,1340,370,368,615,428,248
Kmo,11,1,1,6,2,3,2,4,3,0,2,3,6
Stk17b,301,160,137,535,419,863,205,691,268,316,233,223,241
Lbr,71,46,48,57,108,200,53,149,61,55,83,52,45
Sh3bp4,19,12,54,44,44,24,8,41,15,1,24,12,11
Zfp451,49,46,38,55,60,163,34,132,51,63,42,36,21
AI597479,28,21,19,34,20,79,29,52,22,27,26,20,28
Ppp1r15b,323,142,157,382,359,738,173,491,150,208,206,211,51
Phlpp1,24,7,16,28,33,95,30,76,29,21,42,30,7
Mmaa,16,16,8,16,17,65,16,36,11,18,29,22,13
D1Ertd622e,107,78,71,106,114,213,80,204,74,82,57,56,61
Atp6v1h,89,121,65,93,87,242,88,220,60,78,102,67,131
Mfsd6,2,13,13,19,3,23,7,39,14,2,24,10,7
Gltscr2,23,21,51,57,63,94,36,75,23,30,21,39,17
Rdh10,19,31,27,24,26,100,19,76,20,25,51,17,15
Ubac1,28,20,47,34,18,93,21,50,21,27,38,20,38
Il15ra,66,21,18,34,56,35,16,26,9,16,18,34,10
Cdc123,59,60,31,58,73,140,40,138,55,39,71,43,69
Ehd4,238,84,164,246,293,705,227,533,212,205,232,168,103
Mmadhc,73,55,35,58,86,162,55,130,46,41,58,38,73
Clp1,32,9,18,25,28,74,13,59,22,25,20,21,40
Tm9sf4,129,51,63,114,109,280,77,249,101,101,94,87,50
Hrh3,0,0,0,0,0,1,0,0,0,0,0,0,0
Nusap1,7,5,7,1,4,10,3,9,6,8,4,7,6
Magi3,34,28,24,31,21,88,20,72,27,27,43,39,13
Snapin,51,64,39,51,74,154,40,129,59,45,62,49,53
Usp53,27,52,24,28,36,71,18,81,26,20,59,29,22
Fam63a,25,19,23,24,36,51,13,91,21,20,43,28,32
Olfml3,1670,760,2085,1460,1727,4670,1931,4351,1562,1768,1394,1465,1296
Eps8l3,1,3,0,6,3,8,4,12,3,0,4,1,1
Cept1,318,165,115,168,292,386,142,366,151,198,162,122,187
Ifi44,56,47,19,37,97,9,3,11,9,8,10,4,2
Kdm1a,87,47,50,66,60,230,50,178,54,59,59,49,22
Zbtb48,6,2,12,11,16,34,10,26,5,12,5,13,5
Pafah2,23,14,23,41,31,90,16,52,4,5,24,19,16
C8b,0,0,0,0,0,0,0,0,0,0,0,0,0
Adprhl2,7,8,17,15,17,34,21,32,7,16,5,11,17
Gpn2,7,7,11,14,4,37,14,22,4,6,14,16,11
Osbpl9,231,141,99,179,254,437,126,375,143,127,192,149,183
Stx12,100,79,87,128,165,229,80,230,86,99,100,74,88
Smpdl3b,17,4,22,18,18,22,13,29,9,12,14,10,17
Bsdc1,92,35,82,86,125,266,89,211,61,106,104,76,34
Slc44a1,37,40,24,38,55,115,37,68,21,25,50,24,24
Lao1,1,0,2,1,4,1,0,1,1,2,0,1,0
Oas1d,0,0,0,0,0,0,0,0,0,0,0,0,0
Ugt2b38,0,0,0,0,0,0,0,0,0,0,0,0,0
Slc15a4,114,36,90,108,131,431,102,303,82,123,90,77,42
Lrrc8c,37,9,22,37,43,47,5,45,9,2,32,20,7
N4bp2l1,55,14,15,8,19,86,22,71,43,27,36,23,22
Psph,7,8,8,7,6,20,4,26,5,3,9,8,11
Sdsl,0,0,2,0,0,1,2,0,0,0,2,0,0
Spon2,0,0,0,0,1,0,0,3,0,0,0,0,0
Acacb,18,14,39,44,52,96,30,73,16,8,49,42,12
Papd4,40,29,37,47,44,92,27,65,31,31,31,22,17
Ube3c,94,68,70,90,97,262,98,228,70,82,116,82,48
Gpr125,59,98,57,73,58,215,57,147,51,24,91,37,21
Chpf2,19,10,40,29,32,52,43,70,15,20,27,35,7
Rasa4,54,16,66,85,81,270,56,166,60,58,45,78,10
Eif3b,109,76,138,135,181,290,94,288,79,100,102,97,42
Mlxip,346,118,198,307,417,490,140,410,153,150,116,332,24
Emilin1,3,0,6,4,10,5,3,12,1,0,2,7,0
Nfxl1,66,34,47,75,61,205,54,155,59,65,71,55,21
Krba1,18,11,16,27,24,102,33,72,25,25,24,48,4
Snx21,2,3,4,2,4,8,5,14,0,2,4,8,0
Rbm28,83,27,73,63,92,240,57,190,53,86,60,82,46
Itfg2,5,1,20,9,18,44,14,23,9,3,9,11,7
Chchd4,13,27,13,20,17,32,14,32,10,10,10,6,20
Creld1,6,13,23,25,36,57,19,49,10,11,25,22,20
Pot1a,34,19,20,30,40,108,24,79,34,23,37,28,37
Tada3,15,7,21,15,19,58,23,41,13,9,11,16,9
Rpn1,231,242,293,212,249,687,258,600,182,170,320,173,248
Isy1,23,12,16,35,35,100,25,43,33,23,28,15,25
6720456B07Rik,133,112,104,188,184,396,151,381,96,129,136,103,245
Naa38,5,15,13,16,26,68,16,49,18,19,21,27,48
Fbxl14,89,26,75,33,41,97,31,80,24,28,29,38,11
Dhx32,44,23,37,56,41,123,35,114,37,35,51,24,36
Plekha1,141,52,34,107,112,358,113,254,89,109,116,91,86
Vrk3,37,14,46,50,46,95,46,118,23,18,34,32,19
Numa1,245,105,202,286,320,916,298,867,330,260,266,306,42
Psip1,36,47,33,42,39,115,37,93,28,15,58,35,19
Ptov1,16,11,84,45,70,106,46,85,25,24,34,47,18
Kdelr1,105,68,91,88,92,258,99,231,83,71,106,69,37
Rrp8,19,16,25,30,27,94,24,77,17,21,21,44,17
Unc45a,15,20,23,36,40,58,21,55,16,14,16,23,9
Sf3b3,166,95,146,161,207,420,133,341,108,126,155,97,89
AA960436,18,17,30,25,23,42,17,37,9,19,6,25,11
Rhou,6,5,10,12,1,24,2,11,2,0,7,0,4
Arhgef18,53,32,41,50,50,163,53,143,52,24,75,64,10
Dohh,5,3,9,11,11,23,12,7,4,4,5,8,2
Taf5l,21,11,21,25,44,68,14,80,21,25,20,23,8
Zdhhc7,30,9,32,21,27,79,32,87,12,23,23,25,20
Snapc2,9,6,12,13,17,29,12,20,9,5,10,13,2
Cyp4v3,137,79,70,81,84,272,77,215,75,110,69,53,80
Armc6,4,1,10,6,9,8,8,21,4,6,4,6,1
Cog4,43,38,54,57,45,131,38,110,41,46,59,39,47
Cdcp1,0,0,0,0,0,0,0,0,0,0,0,0,0
Trip12,524,329,225,469,453,1324,340,1224,356,348,523,367,239
Imp3,15,21,19,19,20,44,14,50,24,7,20,3,34
Trf,1240,725,1053,1005,1061,2884,1121,2556,998,1041,952,899,742
Cmtm7,64,36,112,90,97,264,101,236,108,97,63,78,74
Ano10,53,50,48,53,48,126,37,100,32,32,53,46,42
Slc22a13,0,0,0,0,0,0,0,0,0,0,0,0,0
Alg9,40,30,30,35,35,94,43,71,45,41,40,20,24
Rpp25,0,0,0,0,0,0,0,0,0,0,0,0,0
Cd276,30,9,42,28,34,126,20,76,26,20,42,22,11
Hemk1,35,78,58,78,76,107,39,107,18,6,47,28,120
Oxsr1,55,39,45,67,68,192,59,164,55,43,76,66,27
Tcta,16,12,21,15,24,46,16,44,12,12,24,17,17
Il13ra1,275,170,203,222,297,656,180,501,213,292,234,147,217
Ftsj1,20,13,12,17,27,51,15,42,12,11,19,10,19
Pan2,24,21,24,24,54,134,39,101,27,21,27,67,12
Pwp1,45,27,52,59,33,83,35,75,20,36,25,10,36
Gstt3,1,5,9,3,6,25,6,21,5,2,12,5,8
Upb1,0,0,0,0,3,0,6,1,0,0,0,2,4
Apon,0,0,0,2,0,0,0,0,0,0,0,0,0
Apof,0,1,0,0,0,0,0,0,0,0,0,0,0
1810008A18Rik,25,15,21,37,39,86,18,62,22,20,14,36,9
Fig4,32,34,29,28,38,95,27,72,30,32,51,29,29
Traf3ip2,7,4,9,15,10,22,9,16,7,3,5,15,3
Zc3h10,39,13,40,42,42,103,27,70,19,21,22,34,9
Enpp3,0,2,0,0,1,4,1,2,0,0,1,0,0
Rdh5,33,60,77,57,60,96,41,91,8,0,61,39,91
Cisd1,27,38,18,30,31,80,26,49,13,4,42,30,63
Ncln,44,14,89,44,46,163,61,122,42,39,26,70,21
Nup107,23,6,16,14,18,64,17,60,16,25,23,28,19
Tbrg4,33,24,36,29,62,77,25,55,17,15,10,21,8
Mbtd1,95,28,49,86,75,255,61,211,70,81,54,54,30
Psme4,204,124,112,150,165,526,132,440,161,138,191,173,65
Fbxw11,233,149,160,284,301,619,128,478,144,163,185,184,90
Tmed4,68,84,92,84,90,260,81,190,66,46,101,50,131
Pnpo,31,19,39,43,44,119,51,77,26,29,36,38,31
6330403K07Rik,0,2,0,3,0,3,0,3,1,0,1,0,5
Tbc1d10a,32,12,50,49,77,143,30,85,33,33,21,63,26
Tubg1,15,2,17,15,14,41,21,33,9,3,8,12,10
Pex12,19,10,9,16,22,45,10,45,12,22,15,17,16
Tubg2,0,0,3,0,4,2,1,0,0,0,0,4,0
Nt5m,9,5,4,14,16,29,14,41,18,16,11,17,18
Hoxb2,0,0,0,0,0,0,0,0,0,0,0,0,0
Ccdc117,61,29,26,62,69,220,59,169,71,74,81,67,45
Smek2,188,121,83,149,175,348,87,297,124,107,150,98,93
Slc16a6,273,177,221,386,346,1266,314,879,311,287,318,380,167
4930427A07Rik,0,0,3,1,2,1,1,2,0,0,0,3,1
Aldh6a1,71,86,71,102,111,259,67,230,67,32,110,75,94
Cenpo,20,8,22,19,26,53,16,40,15,23,18,22,13
Cbll1,36,12,26,24,21,73,33,72,23,25,32,24,10
Rab15,1,2,0,1,0,8,1,0,0,0,1,2,0
Adi1,29,33,26,44,40,118,37,89,35,26,47,19,47
1110002B05Rik,82,62,49,80,93,197,98,160,75,75,86,49,120
Pelo,4,5,11,8,20,29,6,10,7,2,7,9,8
Ddx41,26,15,32,28,43,79,39,68,23,23,28,22,21
BC016423,203,115,68,124,218,413,92,331,112,101,118,127,51
Epdr1,12,25,14,21,18,37,13,35,6,0,21,7,15
Akr1c18,0,0,0,0,0,0,0,0,0,0,0,0,0
Dusp22,13,11,13,11,8,29,9,17,21,12,21,18,15
Ankrd32,20,35,19,27,26,85,14,34,10,15,18,19,26
Akr1c14,0,0,0,5,6,10,0,9,1,2,5,0,9
Rbm26,280,96,144,206,200,391,120,372,129,122,128,174,42
Chmp7,36,31,26,22,36,108,33,88,40,19,47,39,31
Adk,15,21,6,16,21,51,21,24,15,7,13,10,17
Flnb,406,222,400,338,631,366,81,352,105,76,190,284,33
Dnajc9,13,10,22,20,13,46,12,43,13,6,20,5,8
Farp1,20,3,12,30,30,49,13,50,16,23,26,29,8
Ppif,12,1,10,2,8,49,5,30,6,3,10,11,5
Slc38a1,132,93,80,156,96,454,115,350,101,90,171,110,59
Scrib,29,8,37,32,58,95,53,99,25,32,28,39,4
Kdelr3,3,5,2,7,3,8,0,4,2,1,6,1,1
Sgsm3,16,6,32,14,28,64,24,48,16,15,17,29,5
Mtbp,17,1,2,15,12,25,7,11,2,6,13,9,2
Letmd1,63,19,66,57,56,170,57,149,62,45,49,74,29
Pppde2,43,35,45,28,33,103,23,61,24,24,57,28,22
Fam19a5,2,4,8,6,5,9,1,19,2,0,13,2,0
Topors,102,55,57,108,122,325,57,189,70,79,110,80,57
Mfsd5,19,21,58,30,43,90,30,79,23,20,30,25,29
Psmd2,100,94,82,120,120,351,78,249,74,84,121,85,89
Pla1a,1,2,4,1,1,0,0,2,0,0,1,1,1
Ildr1,25,5,17,17,19,32,12,19,12,16,11,8,1
Kcne2,116,370,169,281,250,580,219,576,94,0,339,124,455
Sft2d1,20,5,21,18,28,65,14,54,11,22,12,29,23
Stk38,74,38,58,76,81,243,67,204,68,83,72,76,39
Gpsm3,31,8,46,42,38,112,62,125,48,37,23,37,20
Pkdcc,8,8,11,13,18,62,28,42,17,18,8,28,6
Nrm,29,12,34,36,16,72,30,70,26,22,22,23,10
Scaf8,148,71,100,97,114,427,122,401,117,125,170,111,56
Ift140,25,20,26,23,46,121,42,86,21,20,24,38,14
Cyp4f15,0,0,0,0,1,1,0,1,0,0,0,0,0
Prpf19,94,79,121,98,131,289,91,256,87,110,91,80,84
Abhd3,29,80,26,34,36,86,35,87,27,13,50,39,67
2010002N04Rik,76,63,70,102,136,131,47,83,21,27,16,28,21
Hmgxb3,60,23,62,68,69,221,57,175,60,63,53,72,12
Slc39a3,18,4,10,20,19,54,16,54,10,13,14,19,1
Fbxo38,118,57,80,104,120,292,58,220,70,82,98,108,55
Psmg2,14,12,17,9,18,45,8,37,10,16,23,17,27
Wdr74,17,9,7,18,18,41,17,42,14,10,12,19,12
Ciapin1,25,15,34,16,36,47,5,51,12,7,22,24,19
Tmem109,47,18,96,77,110,224,95,194,44,86,64,85,35
Macrod1,1,8,10,6,9,14,6,19,3,1,4,2,0
Carns1,2,1,5,2,3,4,4,4,6,1,4,3,1
AI837181,17,3,38,28,29,44,37,30,12,29,15,23,14
Otub1,33,17,69,48,72,135,42,88,32,29,44,49,48
Yars,70,24,58,65,88,159,55,108,35,56,53,69,24
Lpxn,97,62,85,138,122,361,112,319,127,146,93,68,142
Slc25a45,128,33,100,110,138,333,112,322,111,139,87,123,55
Actn1,141,105,148,203,231,260,104,251,69,54,130,161,18
Atp6v1b1,0,0,0,0,0,0,0,0,0,0,0,0,0
AF251705,275,121,204,252,337,722,247,588,253,260,202,188,249
Il17rc,3,5,1,3,7,11,3,8,0,1,7,1,0
Mcoln3,0,2,2,3,4,5,0,2,0,0,3,3,6
Fut10,13,5,10,3,13,33,22,30,19,8,23,10,15
Mbnl3,2,4,3,7,3,8,2,6,2,1,14,4,2
Syt12,6,7,5,8,4,18,3,13,0,1,10,1,11
Vmn1r37,0,0,0,0,0,0,0,0,0,0,0,0,0
Vmn1r36,0,0,0,0,0,0,0,0,0,0,0,0,0
Vmn1r35,0,0,0,0,0,0,0,0,0,0,0,0,0
Vmn1r38,0,0,0,0,0,0,0,0,0,0,0,0,0
Vmn1r33,0,0,0,0,0,0,0,0,0,0,0,0,0
Vmn1r32,0,0,0,0,0,0,0,0,0,0,0,0,0
Vmn1r26,0,0,0,0,0,0,0,0,0,0,0,0,0
Vmn1r24,0,0,0,0,0,0,0,0,0,0,0,0,0
Vmn1r30,0,0,0,0,0,0,0,0,0,0,0,0,0
Vmn1r28,0,0,0,0,0,0,0,0,0,0,0,0,0
Vmn1r21,0,0,0,0,0,0,0,0,0,0,0,0,0
Acot2,10,2,4,4,6,26,4,24,5,3,8,1,6
Galnt10,87,35,116,98,111,236,102,199,69,89,63,87,18
Vmn1r229,0,0,0,0,0,0,0,0,0,0,0,0,0
Vmn1r226,0,0,0,0,0,0,0,0,0,0,0,0,0
Vmn1r228,0,0,0,0,0,0,0,0,0,0,0,0,0
Vmn1r232,0,0,0,0,0,0,0,0,0,0,0,0,0
Vmn1r225,0,0,0,0,0,0,0,0,0,0,0,0,0
Vmn1r227,0,0,0,0,0,0,0,0,0,0,0,0,0
Vmn1r231,0,0,0,0,0,0,0,0,0,0,0,0,0
Vmn1r230,0,0,0,0,0,0,0,0,0,0,0,0,0
Vmn1r234,0,0,0,0,0,0,0,0,0,0,0,0,0
Vmn1r235,0,0,0,0,0,0,0,0,0,0,0,0,0
Vmn1r237,0,0,0,0,0,0,0,0,0,0,0,0,0
Vmn1r236,0,0,0,0,0,0,0,0,0,0,0,0,0
Vmn1r233,0,0,0,0,0,0,0,0,0,0,0,0,0
Vmn1r73,0,0,0,0,0,0,0,0,0,0,0,0,0
Vmn1r80,0,0,0,0,0,0,0,0,0,0,0,0,0
Vmn1r76,0,0,0,0,0,0,0,0,0,0,0,0,0
Vmn1r74,0,0,0,0,0,0,0,0,0,0,0,0,0
Vmn1r75,0,0,0,0,0,0,0,0,0,0,0,0,0
Vmn1r78,0,0,0,0,0,0,0,0,0,0,0,0,0
Vmn1r83,0,0,0,0,0,0,0,0,0,0,0,0,0
Vmn1r81,0,0,0,0,0,0,0,0,0,0,0,0,0
Vmn1r-ps103,0,0,0,0,0,0,0,0,0,0,0,0,0
Vmn1r200,0,0,0,0,0,0,0,0,0,0,0,0,0
Vmn1r199,0,0,0,0,0,0,0,0,0,0,0,0,0
Vmn1r214,0,0,0,0,0,0,0,0,0,0,0,0,0
Vmn1r213,0,0,0,0,0,0,0,0,0,0,0,0,0
Vmn1r206,0,0,0,0,0,0,0,0,0,0,0,0,0
Vmn1r205,0,0,0,0,0,0,0,0,0,0,0,0,0
Vmn1r208,0,0,0,0,0,0,0,0,0,0,0,0,0
Vmn1r215,0,0,0,0,0,0,0,0,0,0,0,0,0
Vmn1r198,0,0,0,0,0,0,0,0,0,0,0,0,0
Vmn1r201,0,0,0,0,0,0,0,0,0,0,0,0,0
Vmn1r218,0,0,0,0,0,0,0,0,0,0,0,0,0
Vmn1r195,0,0,0,0,0,0,0,0,0,0,0,0,0
Vmn1r202,0,0,0,0,0,0,0,0,0,0,0,0,0
Vmn1r193,0,0,0,0,0,0,0,0,0,0,0,0,0
Vmn1r89,0,0,0,0,0,0,0,0,0,0,0,0,0
Vmn1r87,0,0,0,0,0,0,0,0,0,0,0,0,0
Vmn1r70,0,0,0,0,0,0,0,0,0,0,0,0,0
Vmn1r67,0,0,0,0,0,0,0,0,0,0,0,0,0
Vmn1r66,0,0,0,0,0,0,0,0,0,0,0,0,0
Vmn1r185,0,0,0,0,0,0,0,0,0,0,0,0,0
Vmn1r84,0,0,0,0,0,0,0,0,0,0,0,0,0
Vmn1r82,0,0,0,0,0,0,0,0,0,0,0,0,0
Vmn1r210,0,0,0,0,0,0,0,0,0,0,0,0,0
Vmn1r203,0,0,0,0,0,0,0,0,0,0,0,0,0
Vmn1r220,0,0,0,0,0,0,0,0,0,0,0,0,0
Vmn1r219,0,0,0,0,0,0,0,0,0,0,0,0,0
Vmn1r217,0,0,0,0,0,0,0,0,0,0,0,0,0
Vmn1r222,0,0,0,0,0,0,0,0,0,0,0,0,0
Vmn1r212,0,0,0,0,0,0,0,0,0,0,0,0,0
Vmn1r211,0,0,0,0,0,0,0,0,0,0,0,0,0
Vmn1r197,0,0,0,0,0,0,0,0,0,0,0,0,0
Vmn1r216,0,0,0,0,0,0,0,0,0,0,0,0,0
Acot3,0,0,0,0,0,4,0,0,0,0,0,0,0
Acot4,0,0,0,0,0,2,0,1,0,0,0,0,1
Havcr2,605,274,385,516,481,1026,286,903,354,475,296,271,246
Trpm8,0,0,0,0,0,0,0,0,0,0,0,0,0
Elovl5,90,53,81,101,100,152,46,157,48,63,81,64,58
Slc22a27,0,0,0,0,0,0,0,0,0,0,0,0,0
Rgs3,12,3,30,45,30,64,29,51,8,11,25,29,24
Slc26a6,11,7,1,6,12,20,7,24,4,3,4,6,3
Vmn1r27,0,0,0,0,0,0,0,0,0,0,0,0,0
Il17rd,1,7,10,9,7,26,7,32,5,1,20,9,10
Gpr37l1,0,2,4,0,0,18,0,15,0,1,13,0,1
Dst,1411,424,546,1028,1200,2537,721,2432,906,965,868,1037,123
Fdps,1,6,4,9,5,13,2,6,2,1,5,2,10
Kif2c,20,4,9,6,26,11,3,6,1,4,0,2,1
Trpm2,144,41,129,149,179,266,88,228,80,103,57,112,30
Tymp,3,2,8,7,9,23,4,19,6,4,3,4,8
Calml4,45,192,67,112,114,226,84,173,30,1,123,64,172
Apobr,51,15,65,54,57,131,30,128,38,46,40,46,13
H1foo,0,0,0,0,0,0,1,0,0,0,0,1,0
Bmf,250,71,122,127,171,270,94,254,81,81,82,130,19
Nme7,33,60,24,37,46,94,36,82,28,9,55,8,48
Mical1,22,5,22,31,49,89,34,58,25,22,16,32,8
1700088E04Rik,14,8,19,17,12,38,17,43,11,5,17,15,13
D17H6S56E-3,1,0,0,3,1,6,0,5,2,0,1,4,0
D16H22S680E,27,20,38,59,50,75,25,62,23,18,34,20,40
Spg21,69,38,60,101,88,204,64,138,61,50,60,47,61
Cherp,41,27,59,47,68,187,74,158,51,59,40,100,7
Exosc5,5,0,7,6,11,15,10,14,7,19,10,6,9
Fam3c,48,30,29,52,42,143,72,136,61,62,64,26,51
Ubfd1,49,29,12,35,32,122,29,92,40,21,38,27,31
Zcchc7,96,52,60,76,95,225,60,164,71,59,68,66,28
Gfm1,33,33,33,40,43,99,43,80,25,26,56,38,30
Usp39,29,34,37,49,32,123,56,86,30,31,39,35,32
Larp7,46,37,24,46,86,99,29,82,30,29,43,28,18
D6Wsu163e,59,24,37,44,59,145,46,125,51,44,46,39,55
Gldc,8,28,21,20,17,47,18,42,4,0,20,10,15
Med10,11,6,20,25,32,64,26,49,10,12,31,12,22
Atp5o,29,81,65,40,58,98,33,98,35,16,52,34,127
D11Wsu99e,21,11,24,23,28,64,25,54,28,11,30,25,7
Tomm70a,94,71,51,72,82,193,70,177,62,61,98,49,42
D10Jhu81e,14,20,21,25,30,52,15,38,14,9,22,13,29
Praf2,7,14,13,9,10,35,11,36,6,6,13,6,11
Ccdc22,44,30,37,37,37,127,36,157,50,34,23,51,22
Otud5,105,49,86,111,130,274,116,298,89,111,71,79,20
Ppp1r3f,9,7,2,6,2,18,4,8,7,3,12,9,2
Pim2,11,15,18,22,16,37,12,25,7,23,11,3,1
Fam50a,27,26,32,48,64,175,46,113,46,39,44,35,36
Txlnb,0,3,0,4,3,5,1,5,1,0,5,6,3
Arhgap4,175,42,189,210,202,611,241,567,197,169,174,231,50
Hps4,201,48,283,210,314,418,142,369,133,144,117,189,32
Lass1,0,0,0,0,2,3,0,0,0,0,0,0,0
Olr1,2,0,1,0,1,6,1,1,0,1,0,2,1
Syt17,0,7,1,2,4,8,2,2,1,0,4,4,4
Dgkg,3,2,3,12,8,5,3,3,0,3,10,6,2
Cds2,284,167,147,224,286,790,238,677,241,179,352,248,97
Atp12a,0,0,0,0,0,0,0,0,0,0,0,0,0
Bspry,0,0,0,1,0,4,1,1,0,0,1,1,1
5033411D12Rik,0,10,3,2,11,19,2,9,0,0,2,1,7
Tmc2,1,0,0,0,0,0,0,0,0,0,0,0,0
Mvd,1,2,2,10,7,12,8,14,3,1,7,10,1
Socs7,57,38,33,80,85,233,75,156,40,45,59,58,1
Prpf8,397,238,341,457,352,1175,385,998,324,333,476,356,143
Casc3,123,41,78,112,112,319,99,264,96,104,70,112,27
Pcdha9,5,15,11,8,4,17,6,7,0,0,9,2,2
Pcdha3,5,15,11,8,3,17,6,7,0,0,9,2,2
Pcdha12,5,15,11,8,3,17,6,7,0,0,9,2,2
Sardh,9,8,10,25,22,28,19,20,14,7,13,17,0
Tab2,447,184,246,358,371,1267,306,935,408,400,369,298,115
Ufsp2,63,54,53,71,60,195,57,130,55,50,67,45,79
Eif4a3,33,21,40,43,48,100,22,67,22,32,24,26,29
Stab1,838,164,717,599,977,1954,959,1988,726,581,515,828,118
Stab2,0,0,0,0,0,0,1,1,0,0,0,2,0
Pkhd1l1,0,0,0,0,0,1,0,1,0,0,0,0,0
Med9,14,4,19,10,18,39,11,26,2,8,14,11,14
Shkbp1,22,8,19,22,41,63,32,60,21,22,18,22,5
Edem1,565,239,343,548,600,2584,472,1614,536,574,508,564,196
Butr1,0,0,0,0,0,0,0,0,0,0,0,0,0
Ash1l,214,114,84,166,194,596,167,479,192,135,237,217,36
Lrrc4,8,7,4,5,1,21,5,15,9,5,8,8,2
Rspo1,0,0,3,1,1,4,3,3,1,0,3,4,0
Wfdc12,0,0,0,0,0,0,0,0,0,0,0,0,0
Gnb5,11,19,3,14,22,41,9,30,6,1,25,22,25
Sdpr,15,51,26,39,55,103,48,151,54,56,112,39,57
Nap1l3,1,5,7,4,2,13,4,7,0,1,9,4,5
Fam165b,15,14,4,15,28,48,24,41,9,13,16,20,45
Ssx2ip,22,28,20,39,17,57,16,59,12,11,35,31,21
Mthfd1,39,56,60,81,54,149,49,136,26,26,63,48,50
Fam50b,0,0,0,0,0,0,0,0,0,0,0,0,0
Nop2,56,32,51,64,113,152,53,126,45,34,35,52,41
Ppp2r4,78,50,98,99,107,265,110,230,77,72,96,89,45
Prom2,2,1,0,3,1,9,0,9,2,0,0,0,0
Tmem47,89,240,86,214,146,392,101,339,43,4,231,68,145
Hexim1,58,40,57,67,139,193,87,153,55,57,81,87,41
Slc25a36,83,60,42,104,95,241,52,179,70,59,65,78,45
4933424B01Rik,64,48,47,58,67,187,29,120,32,44,61,35,29
Tmlhe,24,22,21,24,14,63,11,44,12,14,40,13,33
Dbh,0,0,0,0,0,0,0,0,0,0,0,0,0
Pou4f2,0,0,0,0,0,0,0,0,0,0,0,0,0
Pou4f3,0,0,0,0,0,0,0,0,0,0,0,0,0
Cabp7,0,0,0,0,0,0,0,0,0,0,0,0,0
Zfp286,4,5,6,2,8,14,4,25,4,6,6,3,2
Wdr81,102,18,144,115,110,349,135,314,103,128,82,156,29
Ttc36,0,0,0,0,0,0,0,0,0,0,0,0,0
Ripk2,64,45,36,64,69,154,30,82,48,35,34,51,17
Ell2,69,33,29,84,84,135,22,76,27,35,22,25,13
Abcg4,0,2,11,1,0,4,4,1,0,0,2,2,0
Rassf3,62,35,70,97,88,242,65,201,54,56,89,88,53
Cspg4,8,6,12,4,21,17,1,12,3,1,19,23,2
Nr5a1,0,0,0,0,0,0,0,0,0,0,0,0,0
Vps54,135,96,48,135,113,405,81,288,110,126,114,99,45
Muted,10,11,6,7,17,39,22,19,21,9,19,6,24
Tnip2,63,38,97,67,133,194,38,96,28,32,34,69,26
Csda,34,26,41,36,41,52,20,72,21,20,29,29,7
Coro6,1,0,0,1,4,4,1,12,0,2,0,7,0
Chodl,0,0,0,0,0,1,0,0,0,0,0,0,0
Emr4,18,8,3,8,13,29,2,23,10,13,4,3,14
Dnajc17,2,3,2,4,6,6,3,6,2,4,4,1,5
Slc6a20a,25,66,38,33,42,45,15,74,12,0,25,28,23
Slc39a6,45,27,43,56,49,128,37,103,34,35,33,35,19
Ogt,116,120,104,81,114,400,82,273,76,74,165,161,94
Hlcs,3,11,4,15,14,25,16,31,11,3,18,10,5
Satb2,3,1,1,0,0,10,2,7,1,6,2,2,2
Rab40b,0,1,0,1,4,2,4,5,0,0,5,1,3
Clca4,0,0,0,0,0,0,0,0,0,0,0,0,0
Fus,333,119,228,388,431,816,182,540,152,197,207,297,91
Carf,8,3,2,7,12,26,9,16,7,9,12,11,7
Spag4,3,2,0,1,0,0,0,1,0,0,1,1,0
Asb18,0,0,0,0,0,0,0,0,0,0,0,0,0
Agap3,19,22,34,36,52,84,45,77,26,22,24,40,6
Rab40c,20,14,31,28,41,97,31,76,29,27,37,35,16
Gbgt1,23,1,18,14,21,57,28,37,17,19,15,19,2
Plac8,64,37,51,46,60,16,1,11,5,17,3,23,15
Cytip,32,11,28,45,18,76,25,50,11,21,17,21,17
Dppa3,0,0,0,0,3,0,0,0,0,0,0,0,0
Defb9,2,7,0,1,0,0,0,2,0,0,0,0,0
Defb7,0,0,0,0,0,0,0,0,0,0,0,0,0
Defb11,15,53,13,4,18,32,20,43,7,1,31,17,47
Defb15,0,0,0,0,0,0,0,0,0,0,0,0,0
Defb13,0,1,0,0,0,0,0,0,0,0,1,0,0
Defb35,0,0,0,0,1,0,0,0,0,0,0,0,0
Defb10,0,0,0,0,0,0,0,0,0,0,1,0,1
Onecut3,0,0,0,0,0,0,0,0,0,0,0,0,0
Rhbdl3,0,3,1,0,1,4,2,6,2,0,2,0,0
Cog8,28,19,51,37,33,65,30,82,29,33,31,26,12
Fgd4,90,61,34,80,73,234,48,183,48,45,62,60,46
Nol6,41,25,56,27,60,111,41,78,35,20,26,30,6
Pla2g16,44,109,52,83,106,142,62,161,20,10,80,65,138
Pth2r,0,0,0,0,0,0,0,0,0,0,0,0,0
Galnt2,82,43,105,84,108,228,87,172,59,64,79,81,52
Cdc26,5,8,9,11,16,37,15,27,4,10,17,12,13
Ece2,0,0,0,0,1,2,0,0,0,0,0,1,0
Braf,134,117,54,158,133,484,102,322,76,97,157,143,53
Mcfd2,193,132,201,173,203,521,167,441,165,166,212,95,183
Moxd2,0,0,0,0,0,0,0,0,0,0,0,0,0
Ugp2,99,152,82,111,114,280,67,236,57,72,122,74,147
Wnt9a,1,3,0,1,1,1,3,3,0,0,0,0,8
Il31ra,0,0,0,0,0,0,1,2,0,0,0,0,0
Mylk,44,25,87,48,109,76,14,89,32,32,135,64,17
Catsper1,0,0,0,0,0,0,0,0,0,0,0,0,0
Sh3glb2,17,5,32,13,26,61,21,60,19,8,27,42,12
Kif18a,0,3,1,6,7,15,2,6,1,1,1,3,0
Gatad2b,42,20,22,51,43,149,34,123,43,36,38,46,7
Car9,0,0,0,0,2,7,0,3,3,1,1,3,2
Acer2,45,17,28,30,42,26,19,43,23,20,54,40,32
Vasn,16,15,22,33,30,58,14,53,11,7,20,31,6
Stard7,88,87,67,111,76,212,81,204,57,75,85,45,41
Fktn,30,49,14,27,27,80,17,94,11,12,48,27,37
Otoa,0,0,0,0,0,0,0,0,0,0,0,0,0
Mllt6,67,26,44,82,99,182,56,157,54,64,69,93,13
Dph1,22,8,28,27,37,60,28,49,25,22,26,21,22
Osbpl2,46,33,40,60,49,115,42,114,46,31,53,44,30
Arl6ip4,7,11,9,10,19,39,13,14,12,10,2,4,9
Slc6a13,0,3,3,1,0,2,2,3,1,0,1,0,1
Commd1,31,22,29,20,36,78,22,55,14,24,21,9,34
Tbc1d19,43,44,23,45,52,127,29,84,38,19,53,38,70
2900011O08Rik,0,0,0,3,0,1,0,0,0,0,0,0,0
Sec14l2,11,12,20,15,19,83,22,35,16,15,16,13,6
Snap47,29,55,54,49,63,119,35,98,31,13,71,37,70
Tbc1d10b,35,19,42,49,37,143,45,129,28,26,40,56,2
Zfp622,77,38,55,87,116,245,54,128,58,59,37,67,23
Angel1,15,6,11,26,27,50,8,29,9,8,15,11,0
Tmem214,36,54,65,64,77,185,88,156,60,41,54,51,29
Fam64a,2,0,0,0,0,2,2,2,3,3,0,3,1
Ccdc21,16,10,7,15,26,57,11,50,6,10,13,21,9
Rnf126,7,2,4,5,15,29,10,20,6,4,9,6,2
Zc3h11a,318,179,214,266,359,1031,255,705,254,300,313,274,137
Cabp4,0,0,0,1,1,2,1,0,0,0,0,0,0
Nmnat3,7,5,3,7,11,17,3,11,0,5,5,4,5
Tmem38a,26,40,34,38,33,93,32,76,11,1,39,27,40
Mudeng,45,53,36,37,49,126,28,98,39,29,58,36,55
Cdkal1,27,23,13,28,20,46,13,57,39,24,38,20,14
Cpa5,0,0,0,0,0,0,0,2,0,0,0,0,0
Rab3il1,252,131,392,288,437,955,391,832,315,302,238,282,124
Slamf7,14,5,18,37,26,17,7,23,4,1,5,6,10
Bre,43,21,39,36,49,94,27,60,28,20,22,17,26
Thyn1,41,96,55,86,70,155,34,125,18,9,75,47,99
2210407C18Rik,0,0,0,0,0,0,0,0,0,0,0,0,0
Eif3j,31,18,22,28,39,62,22,57,18,17,28,21,21
Zfp119a,12,13,9,5,11,27,14,26,6,9,13,10,6
Amhr2,0,0,0,2,0,1,0,0,0,0,0,1,0
Il23r,0,0,0,0,0,0,0,0,0,0,0,0,0
Trib1,356,133,390,719,814,1113,341,818,219,335,149,315,44
Spice1,17,16,14,11,21,56,21,50,22,11,22,17,19
Trib2,0,1,1,4,8,7,1,8,2,0,12,4,1
Stxbp6,8,19,5,10,13,29,7,17,11,3,26,8,16
Lgi4,18,11,11,18,16,19,11,32,11,5,6,17,1
Myrip,39,40,46,61,36,108,37,110,22,17,89,57,26
Bivm,31,19,18,16,26,95,19,58,24,16,20,8,20
Fcgr4,41,27,17,44,48,42,19,39,8,17,8,20,36
Crygb,0,0,0,0,0,0,0,0,0,0,0,0,0
Wt1,0,0,0,0,0,0,0,0,0,0,0,0,0
Acat1,63,60,83,104,84,215,61,136,45,63,100,53,70
Slc22a19,0,1,0,0,2,0,0,0,0,0,1,0,6
Ggt7,1,1,4,5,0,6,4,3,0,0,4,1,1
Hectd1,356,193,151,268,250,758,200,591,216,187,276,221,112
Prdm15,25,12,11,30,35,102,19,88,25,15,34,25,9
Slc25a38,16,15,11,20,21,68,16,39,20,9,8,10,11
Tmem63a,259,91,243,260,339,717,277,535,219,218,185,237,79
Pycr1,3,0,0,7,3,3,3,3,1,0,2,3,1
Susd4,2,2,0,1,0,0,0,5,0,1,3,2,0
Metrnl,9,13,15,33,14,37,10,25,9,5,10,13,17
Slc30a6,23,45,19,20,39,47,17,68,14,11,20,18,33
Lmcd1,1,0,4,0,0,5,3,7,1,3,8,4,2
Mtss1,81,34,61,80,82,331,77,201,86,92,80,100,31
Tmem143,5,8,8,14,17,11,14,16,9,5,3,7,1
Hnrpll,66,48,19,55,72,172,58,127,42,44,67,53,17
Chrna2,1,0,1,0,6,3,1,3,0,2,2,4,0
Depdc7,16,9,7,9,13,53,13,44,18,11,16,5,22
Prdm9,16,8,2,13,18,53,22,50,11,16,16,18,5
Klhdc8a,1,0,4,0,0,1,0,1,0,0,0,1,0
Cbx7,27,22,17,23,31,68,20,54,11,16,18,41,14
Tnrc6b,224,89,86,149,147,565,139,461,170,152,176,190,24
Slc24a1,3,6,8,8,26,15,2,4,14,7,3,8,2
Rcor3,12,5,5,8,6,39,4,27,15,1,7,7,8
Cecr5,13,4,9,16,11,55,20,44,16,8,14,27,14
Rhbdl1,0,0,0,1,1,6,0,4,2,0,0,1,0
Camk1g,0,0,0,0,0,0,0,0,0,0,0,0,0
Ccdc92,1,3,3,3,2,13,7,8,3,0,4,6,3
Ccdc28a,7,9,10,5,6,16,5,11,2,7,5,6,6
AI317395,0,0,0,0,0,1,0,0,0,0,0,0,0
Cbara1,31,44,52,80,76,141,56,108,37,31,50,32,37
Wrap53,10,4,2,4,14,21,11,21,10,3,7,8,7
Taok1,349,197,165,297,290,1078,231,744,280,327,306,329,85
Utp6,90,64,55,81,111,236,55,201,54,60,96,77,81
Spata20,0,0,0,0,0,0,0,0,0,0,0,0,0
Ppp1r1b,98,241,211,226,200,427,125,361,60,0,220,117,107
Aarsd1,7,9,20,17,37,56,15,35,11,5,19,16,8
Tmem106a,28,17,33,36,30,78,37,72,24,37,16,28,20
Dhx8,79,16,33,61,52,145,47,118,31,35,46,41,9
BC017643,134,60,97,95,103,348,158,359,159,164,110,100,103
Zfp410,50,34,27,41,49,140,34,116,37,54,56,42,39
Serpina10,0,0,0,0,0,0,0,0,0,0,0,0,0
Heatr1,103,61,68,83,159,232,75,184,83,84,75,77,37
Slc17a2,0,0,0,0,1,0,0,0,0,0,0,0,0
BC018507,121,40,54,95,105,421,82,222,115,89,111,98,30
Sgtb,1,3,0,1,4,11,3,8,5,1,4,4,2
Ube2e2,12,4,4,10,4,18,7,9,4,3,8,3,8
Otx2,51,125,57,84,85,239,65,171,37,0,148,51,117
Zmym5,103,52,55,93,87,337,70,205,73,75,105,68,77
Mtmr6,257,177,129,244,292,891,198,666,224,250,275,257,203
Pcca,56,127,46,95,105,218,57,167,34,35,113,60,75
Ugt3a2,0,0,0,0,0,0,0,0,0,0,0,0,0
Fam49b,620,304,349,552,622,1388,485,1151,490,599,397,379,336
Nrbp2,18,38,27,29,28,89,29,72,17,4,33,25,17
Eppk1,1,0,0,0,0,4,1,1,0,0,1,1,0
Ankrd54,10,9,15,9,20,42,12,44,8,5,12,8,5
Senp1,71,34,26,46,52,148,40,125,54,40,62,46,18
Slc7a4,4,16,5,18,12,32,13,18,5,0,10,6,8
Cyyr1,43,39,21,42,74,20,4,30,5,4,30,54,4
ORF63,7,1,12,9,29,5,2,4,5,2,12,8,7
Cbs,1,0,0,0,3,10,1,3,2,3,2,0,0
Slc22a7,0,0,0,0,0,0,0,0,0,0,0,0,0
Rrp36,5,4,13,9,17,36,13,37,15,18,10,12,10
Dus3l,16,5,37,24,44,77,19,35,7,13,7,24,9
Mib1,74,45,39,60,72,248,48,186,63,53,81,58,13
Rprd1a,26,13,13,18,21,46,19,33,27,22,26,18,15
Lims2,1,2,12,8,20,21,9,24,8,9,19,11,6
Etf1,334,239,228,661,698,1173,231,739,239,290,212,229,195
Slmo1,2,1,2,3,8,4,1,5,1,2,4,3,0
Pcnxl3,76,19,111,74,101,267,117,273,76,86,82,127,13
BC021614,0,0,0,0,0,0,0,0,0,0,0,0,0
Ndufs8,22,36,36,44,71,81,45,84,20,28,29,34,111
Eml3,35,19,38,44,53,143,38,101,36,35,35,46,7
Uhrf2,123,63,68,116,131,335,79,253,110,92,80,72,63
Cox15,46,20,33,34,31,109,25,75,31,22,40,34,22
Rab7l1,8,5,15,12,24,39,13,44,4,10,10,7,16
Mettl13,4,3,6,6,9,24,6,23,5,3,8,5,4
Fmo4,0,0,0,0,0,0,0,0,0,0,0,0,0
Vash2,2,0,0,0,1,1,3,2,0,0,0,1,0
Ppp2r5a,68,22,60,72,90,236,80,193,64,72,68,89,23
BC005624,35,21,9,24,32,75,22,70,11,23,18,18,24
Exosc2,18,3,18,11,18,28,8,46,12,9,16,7,9
Zdhhc5,170,86,140,181,160,450,133,378,128,132,135,145,51
Bpifb5,0,0,0,0,0,0,0,0,0,0,0,0,0
Gdap1l1,0,6,0,0,0,2,1,0,1,0,1,0,0
Ncoa5,48,29,27,59,59,116,30,101,39,34,35,29,7
Slc35c2,72,33,131,94,88,207,109,183,54,77,52,85,33
Pet112l,20,18,6,27,35,84,17,55,31,29,18,16,16
Apoa1bp,22,38,34,43,31,91,32,87,33,22,56,20,82
Msto1,20,12,12,9,20,46,24,36,8,13,11,14,6
Adamtsl4,9,3,21,8,16,18,5,9,4,2,8,10,7
Atp1a1,488,710,784,947,791,1827,665,1615,381,266,811,548,388
Slc35a3,88,69,36,65,49,215,46,147,64,69,85,50,59
Aldob,0,0,0,0,0,0,0,0,0,0,0,0,0
Rod1,618,352,355,554,650,1377,353,1079,429,488,389,319,284
6330416G13Rik,80,43,51,72,83,184,60,177,52,55,54,61,41
Sgip1,4,3,1,1,3,4,0,1,3,0,2,4,0
Sesn2,20,2,15,20,33,76,25,57,15,20,10,16,3
Galnt11,62,34,46,53,51,149,44,104,32,45,40,42,39
Gckr,0,0,0,0,0,0,0,0,0,0,0,0,0
Rpap2,14,19,14,16,19,66,15,64,10,18,29,20,18
Rad9b,9,2,8,8,8,12,3,18,5,9,0,6,7
Mepce,87,35,78,74,75,214,73,163,59,55,48,72,27
Daglb,180,65,233,162,157,580,177,491,192,196,159,159,109
Tmem150a,10,6,8,16,12,34,12,40,8,5,14,11,6
Elmod3,22,11,14,21,17,49,12,34,8,15,15,18,5
Smyd5,28,7,32,26,33,88,25,62,35,28,23,25,11
Hdac11,32,36,37,41,32,100,32,92,39,26,41,32,14
Plekha5,30,10,21,22,26,61,15,52,13,9,18,25,8
Atp1a3,9,2,3,6,5,17,5,13,4,8,4,4,0
Hnrnpul1,183,65,129,206,180,568,196,475,151,201,164,165,29
Blvrb,8,7,20,13,26,45,23,24,4,5,10,8,26
Tnrc6a,155,105,80,112,130,440,117,341,114,132,137,142,45
Sez6l2,2,1,0,6,2,11,0,12,3,2,5,3,0
Rtbdn,0,0,0,0,1,0,0,0,0,0,0,0,0
Ces1f,0,0,0,0,0,0,0,0,0,0,0,0,0
Nae1,50,55,26,32,72,132,49,115,53,34,48,31,63
Acsf3,7,7,12,9,6,27,13,32,6,3,7,6,1
Med17,65,29,61,47,50,159,49,168,46,55,60,31,53
Mbd3l2,0,0,0,0,0,0,0,0,0,0,0,0,0
BC018242,0,0,0,0,2,2,0,3,0,0,2,0,0
Tmem45b,0,0,0,0,0,0,0,0,0,0,0,0,0
Frs3,5,0,2,1,0,10,1,4,0,4,1,5,0
Uroc1,0,0,0,0,0,0,0,0,0,0,0,0,0
Mtap7d1,69,18,61,96,105,273,84,253,79,95,64,81,18
Csad,63,33,53,87,87,170,86,152,72,50,54,67,20
Cd207,0,0,0,1,0,0,0,0,0,0,0,0,1
Prokr2,0,0,0,4,0,6,0,2,0,0,0,0,0
Lgi2,0,0,0,0,0,0,0,0,0,0,0,0,0
Neto1,0,0,0,0,0,0,0,0,0,0,0,0,0
Rbm7,126,94,66,142,131,320,79,226,94,82,88,94,111
1700019D03Rik,0,0,0,0,0,0,0,0,0,0,0,2,0
Ppil2,57,36,47,66,56,169,48,142,46,63,72,56,39
Nkx6-1,0,0,0,0,0,0,0,0,0,0,0,0,0
Gpr85,2,1,5,1,3,0,0,0,0,0,0,0,1
Hip1r,15,10,24,28,24,49,10,38,5,5,24,20,2
Hist1h3g,0,0,0,0,0,0,0,0,0,0,0,0,0
Trim24,67,39,26,54,38,170,33,126,48,31,36,38,15
Ucn2,0,0,0,0,0,0,0,0,0,0,0,0,0
2610305D13Rik,1,1,3,1,3,10,1,10,7,0,12,1,7
Ugt1a6a,87,35,75,75,87,250,77,177,66,64,64,67,79
Trpv3,0,0,0,0,0,0,0,0,0,0,0,0,0
Lypd1,0,0,0,0,0,4,2,0,0,3,1,1,1
Pex16,6,9,14,18,17,23,14,34,3,10,10,13,2
Crtac1,0,0,0,0,0,3,0,0,0,0,0,0,0
Mib2,42,11,92,56,93,190,86,188,55,67,40,79,17
Chi3l4,0,0,0,0,0,0,0,0,0,0,0,0,0
Chrna3,0,0,0,0,0,0,0,1,1,0,0,0,0
Lpcat3,165,82,154,146,156,507,170,394,154,143,127,129,151
Pitrm1,79,70,51,74,89,202,58,146,46,28,58,52,30
Mchr1,0,0,0,0,0,1,0,0,0,0,0,0,0
Tifa,220,141,169,159,237,484,145,340,131,169,156,132,127
Spsb4,0,0,0,0,0,1,0,2,0,0,0,0,0
Myocd,4,0,2,0,2,0,0,0,0,0,3,2,0
Mgl2,11,6,4,12,15,13,14,34,13,12,13,11,5
Nek9,192,103,90,189,197,559,146,413,151,162,192,156,61
Eif3l,76,77,103,107,93,209,103,250,67,95,100,66,102
Abcc10,12,3,14,5,10,34,16,23,6,10,5,17,0
Chst10,3,5,1,3,6,13,4,8,4,2,4,1,2
Aif1l,4,8,2,10,4,16,3,13,2,5,7,5,3
Pomt1,27,11,48,26,18,67,30,74,20,30,30,23,9
Gtpbp6,4,2,23,18,26,24,10,17,2,5,7,1,7
Frmd4b,466,225,324,489,470,1485,314,1045,328,432,358,342,151
Prc1,4,10,16,7,10,25,3,23,4,4,6,8,4
Crebzf,37,12,33,30,39,108,42,78,40,21,42,36,15
Oas1f,0,0,0,0,0,0,0,0,0,0,0,0,0
Angptl6,2,1,0,2,3,9,3,12,1,1,1,3,8
Wasf3,2,7,1,10,9,10,3,7,2,0,6,8,5
Slc25a28,10,8,22,22,25,80,14,39,7,13,16,18,8
Defb19,0,0,0,0,0,0,0,0,0,0,0,0,0
Emilin2,6,7,0,29,4,14,6,11,3,3,2,14,1
Oasl1,74,48,93,118,234,14,10,10,5,4,1,5,3
Oas1e,0,0,0,0,0,1,0,0,0,0,0,0,0
Oas1a,22,20,20,39,41,12,7,21,4,13,1,8,5
Abhd11,6,6,22,13,24,48,18,32,8,1,6,14,23
Rasl10a,0,0,0,0,1,1,0,0,1,0,0,0,0
Diras1,0,0,0,0,0,0,0,1,0,0,0,0,0
Wbscr17,1,0,0,0,0,2,0,3,0,0,0,2,0
Lgi3,0,0,2,0,2,8,1,6,0,0,2,0,0
Appl2,115,51,71,102,83,302,98,256,85,92,108,102,56
Appl1,104,62,58,85,98,239,52,201,75,61,92,66,52
B3gnt7,0,3,4,8,4,14,3,12,2,3,3,2,0
Alms1,19,29,11,22,20,68,13,52,13,3,40,15,5
Tbx22,0,0,0,0,0,0,0,0,0,0,0,0,0
Oas3,27,3,7,13,15,0,2,8,1,5,1,7,0
Oas2,54,31,21,31,16,27,7,28,7,37,21,40,7
AY074887,0,0,0,1,2,3,0,3,0,0,1,0,0
Yipf3,57,21,72,56,60,140,52,142,33,40,43,43,11
Nsun2,92,63,42,91,112,196,81,145,54,61,79,57,58
Rnf185,56,32,50,51,55,148,47,108,23,53,57,49,34
Zbtb7c,1,2,0,5,2,1,0,1,0,0,2,3,0
Fam100a,15,17,42,28,38,64,32,58,17,20,15,38,9
Idi1,3,0,0,1,7,1,3,0,4,0,1,1,0
Btbd2,8,8,21,21,17,47,25,39,6,11,8,7,8
Tspan10,0,0,0,0,0,0,0,0,0,0,0,0,0
Akr1d1,0,0,0,0,0,0,0,0,0,0,0,0,0
Creb3l3,0,1,0,0,0,0,0,0,0,0,0,0,0
Txndc5,52,59,57,65,69,186,65,152,51,62,77,40,39
Acnat2,0,0,0,0,0,0,0,0,0,0,0,0,0
Wfdc5,0,0,0,0,0,0,0,0,0,0,0,0,0
Eif2b1,27,12,17,20,26,45,18,31,17,22,16,15,30
Sectm1a,1,0,0,0,0,0,0,0,0,0,0,0,0
Mios,29,18,9,36,41,129,36,72,20,33,35,27,33
Tm6sf1,413,126,224,343,309,771,218,631,288,294,221,232,114
Lpcat1,64,13,55,56,60,227,61,201,69,65,73,70,32
Trim41,52,29,51,71,77,159,56,155,41,63,48,63,13
Pla2g4b,2,1,3,4,9,23,8,17,4,2,8,6,3
Mrgprf,0,0,0,0,0,0,0,0,0,3,0,0,0
Eif3m,28,30,18,27,34,62,33,79,17,22,33,20,45
Lactb2,41,40,38,53,50,156,62,107,46,48,56,44,40
Fam193b,37,12,57,54,69,189,60,176,53,43,40,103,6
Pqlc2,14,2,12,8,9,40,16,38,5,10,12,8,8
Athl1,7,7,15,9,20,28,9,23,8,1,8,8,5
BC016579,0,0,0,0,0,0,0,0,0,0,0,0,0
Tapbpl,41,26,25,36,61,92,30,74,20,20,33,34,23
Bag2,2,2,6,3,9,13,3,17,1,2,4,2,6
Ythdf2,117,77,81,133,131,401,102,293,115,150,110,73,60
Slc44a3,1,3,0,0,3,6,1,2,0,0,0,7,4
Duoxa1,9,1,2,2,5,9,2,9,0,1,0,7,0
Tbl3,24,14,24,25,48,62,31,53,16,14,19,28,7
Casd1,197,121,99,131,97,355,124,246,131,115,150,86,110
Scgn,0,0,0,0,0,0,0,0,0,0,0,0,0
Ube4a,158,100,103,149,154,440,142,396,140,117,196,129,108
Tmem51,5,12,11,10,18,7,4,9,1,0,3,11,7
Tmprss4,0,0,0,0,0,0,0,0,0,0,0,0,0
Prmt7,9,14,19,17,29,43,18,38,15,10,16,27,7
Ubl4,43,38,51,40,43,101,36,88,25,28,26,28,43
Slc10a3,38,34,45,34,41,114,27,91,35,31,31,30,37
Chtf18,1,0,3,0,1,2,0,12,0,2,1,0,0
Fam173a,9,14,28,28,50,58,37,42,12,12,20,22,55
Chtf8,63,36,85,87,75,215,95,218,92,89,82,82,42
Fam20b,95,89,74,106,103,287,74,219,72,61,124,89,56
Nsun5,35,11,15,23,29,61,18,48,13,22,17,14,20
Diexf,41,14,26,24,24,90,38,61,32,22,35,16,20
Kri1,38,17,36,40,85,101,42,79,34,20,31,28,22
BC013529,77,77,54,52,67,133,44,140,39,43,68,44,76
Hkdc1,0,0,0,0,0,6,0,3,0,0,1,3,1
Ube2d1,34,16,18,39,23,92,47,76,32,39,35,19,15
Fam108a,10,7,22,10,17,23,17,35,5,16,4,14,6
D10Wsu52e,172,111,150,179,202,301,138,300,86,112,113,110,122
Slc5a8,0,0,0,0,0,1,0,0,0,0,0,0,0
BC089597,0,0,0,0,0,0,0,0,0,0,0,0,0
Wdpcp,14,36,23,45,32,70,25,44,8,6,39,23,32
Mfap3,231,94,118,116,153,371,154,351,154,143,151,119,106
Atpaf2,17,22,36,20,26,53,18,42,19,11,17,25,11
Arrb2,246,103,312,367,412,892,359,829,283,317,201,296,103
BC017647,19,11,12,34,29,63,19,59,10,20,29,22,6
Nle1,4,1,10,8,9,6,5,13,2,1,2,5,2
Heatr6,39,5,35,34,30,118,37,85,33,41,41,41,18
Mrm1,7,4,6,9,5,39,9,23,6,11,7,10,1
Nr1d1,11,15,28,57,69,78,19,45,13,16,16,41,9
Pyy,0,0,0,0,0,0,0,0,0,0,0,0,0
Cdc27,122,91,62,94,127,356,82,269,88,63,95,98,66
Cd300ld,11,2,7,5,6,24,6,25,10,7,6,9,8
Llgl2,2,1,10,1,8,10,2,6,0,0,5,7,1
Tmc6,32,10,44,38,48,93,44,77,21,40,20,50,10
Uts2r,0,0,0,0,0,0,0,0,0,0,0,0,0
Ubxn2a,36,51,17,41,39,99,28,72,18,26,55,26,26
Mbip,21,11,31,31,25,85,20,77,26,21,27,26,18
L2hgdh,14,15,2,10,21,31,13,17,8,4,19,13,7
Acot5,0,0,5,0,0,1,1,2,0,0,0,0,0
Eif2b2,20,22,25,22,25,44,26,47,24,18,19,21,45
Mfsd7c,23,44,8,34,21,30,12,46,3,3,34,19,21
9030617O03Rik,41,21,36,40,52,122,37,107,35,41,41,32,25
Ifi27l2b,0,1,0,1,0,0,0,1,0,0,0,1,0
BC022687,1,8,14,9,11,27,4,17,5,2,9,3,9
Gpx6,0,0,0,0,0,0,0,0,0,0,0,0,0
Rasa1,175,103,74,166,161,543,161,414,166,178,171,142,47
Zcchc9,27,26,16,23,40,86,30,55,14,34,20,20,26
Zswim6,140,66,90,140,156,528,141,445,176,146,143,159,44
Zfp503,4,2,1,4,1,14,2,12,1,2,6,0,0
Oxnad1,16,20,16,14,31,41,15,35,10,8,18,19,24
Haus4,4,0,3,3,6,16,7,15,8,8,2,8,0
Shisa2,11,14,3,3,2,34,9,13,0,0,8,5,1
Stk24,72,32,60,109,89,285,66,180,64,56,83,79,25
A2ld1,9,6,9,5,14,29,10,19,3,3,16,8,24
Itgbl1,0,0,0,0,0,0,0,0,0,0,0,2,0
Skp2,7,1,9,3,4,12,4,13,4,7,4,4,8
Nipal2,13,26,8,18,16,42,13,39,4,0,22,16,30
Lrrc14,6,9,4,16,17,40,25,56,13,17,12,20,8
C030006K11Rik,8,1,4,9,9,10,2,9,1,9,3,3,0
Csdc2,0,1,2,2,1,3,0,3,0,0,1,0,0
Cyp2d34,0,0,0,0,0,0,0,0,0,0,0,0,0
Cerk,208,73,202,209,240,640,226,507,208,223,154,201,68
Tbc1d22a,91,30,129,149,147,223,83,209,64,89,61,84,44
Pim3,68,27,81,101,130,137,33,109,30,39,40,90,11
Klhl22,20,14,17,16,35,83,24,73,26,16,34,23,27
Rfc4,6,5,5,9,14,10,7,7,7,8,7,3,9
Setd4,3,0,1,3,5,7,4,7,2,3,1,5,0
Zfp160,42,33,20,13,23,125,21,70,37,15,26,26,42
Zfp758,58,39,23,31,35,89,40,102,31,49,31,37,43
2-Mar,17,9,28,17,17,67,17,39,19,11,22,11,23
Pex6,21,16,54,28,39,89,47,94,26,23,35,42,13
AI661453,6,0,8,3,6,8,6,9,6,9,1,7,0
Zfp959,17,18,8,17,17,61,8,36,11,11,10,9,8
Rhoq,193,93,143,178,139,497,152,437,160,151,189,140,84
Zfp521,11,14,9,21,18,56,16,39,4,0,18,13,3
Cplx4,0,0,0,0,0,0,0,0,0,0,0,0,0
Me2,33,25,35,49,31,123,36,80,21,24,50,35,26
Rin1,1,0,0,0,0,5,4,4,2,3,1,1,0
Dak,5,4,13,6,15,13,9,15,6,7,10,4,5
BC016495,8,13,2,9,8,17,7,7,7,7,6,4,3
Cyp2c70,0,0,0,0,0,0,0,0,0,0,0,0,0
Ubtd1,13,11,52,22,68,52,29,49,18,25,20,29,9
Pi4k2a,78,41,67,104,120,255,80,208,82,45,73,68,5
Fam160b1,64,12,30,46,43,133,35,122,45,53,54,45,23
Epb4.1l5,11,22,13,20,13,50,13,34,6,12,16,13,7
Dyrk3,0,3,3,6,2,13,5,5,3,1,6,2,1
5430435G22Rik,12,2,5,21,15,32,8,47,11,5,7,8,5
Rabif,15,13,9,18,14,49,21,55,15,22,32,13,25
Sft2d2,485,209,254,429,361,1229,411,1033,349,405,489,350,263
Tiprl,80,37,56,73,85,219,66,138,50,68,78,60,73
Wdr26,836,271,417,765,682,1719,404,1253,527,485,430,524,99
Mark1,9,15,16,12,24,28,1,35,10,0,15,20,0
Plekhb2,124,192,134,190,186,438,132,391,96,67,165,103,147
Ormdl1,46,48,34,18,38,103,54,96,38,32,48,25,89
Farp2,19,16,5,12,21,30,16,45,5,10,14,8,3
Trub2,15,15,19,20,18,48,18,44,18,22,16,12,22
Ppapdc3,5,1,3,1,5,6,9,5,6,9,3,2,3
Rabepk,12,15,9,9,15,29,11,25,13,9,10,16,10
Mettl8,19,2,6,22,12,44,17,40,10,11,14,8,23
Osbpl6,0,2,0,1,2,22,4,11,4,4,6,1,0
P2rx3,0,4,0,1,0,0,0,1,1,0,1,2,0
Atg13,56,26,47,40,42,91,52,82,39,29,41,30,20
Cstf3,29,29,27,37,50,108,29,75,34,32,44,27,30
Rhov,0,0,2,0,3,2,0,1,0,0,0,0,0
Spg11,149,48,78,105,136,360,104,230,106,101,90,124,32
Mall,9,5,11,1,8,5,3,12,10,8,8,11,8
Sdcbp2,0,1,2,0,3,2,0,1,0,0,1,0,4
BC020535,9,4,18,6,12,7,4,28,3,4,15,17,3
Edem2,90,31,119,97,106,300,105,256,80,118,88,88,51
Tmem189,19,14,25,29,42,73,29,81,21,14,28,24,19
Tm4sf4,0,0,0,0,0,0,0,0,0,0,0,0,0
Ints3,78,39,82,125,112,308,87,294,105,110,99,86,17
Rap1a,73,65,39,90,118,240,74,180,85,75,69,73,121
Ahcyl1,180,245,180,236,197,447,141,429,109,87,222,173,129
Gtf2b,61,54,53,72,106,209,66,143,62,54,62,53,63
Zfp189,12,5,3,3,13,39,7,31,13,14,12,9,9
Cyp2j13,0,0,0,0,0,4,0,0,0,0,0,0,0
Efcab7,9,10,10,2,8,29,7,14,2,6,5,6,3
Yipf1,74,62,58,64,77,160,60,124,43,34,72,36,95
Slc5a9,0,0,0,0,0,0,0,0,0,0,0,0,0
Gnl2,91,59,94,105,181,268,57,180,48,86,87,54,52
Fam76a,66,28,34,65,84,172,48,136,47,40,60,47,17
Ldlrap1,15,10,29,23,18,69,21,43,12,24,15,28,10
Tardbp,144,188,113,181,199,499,135,447,147,128,198,147,196
9430015G10Rik,28,20,9,37,21,89,20,75,32,16,23,21,13
Hadhb,26,24,17,21,29,40,16,42,21,8,26,23,15
Tmprss11d,0,0,0,0,0,0,0,0,0,0,0,0,0
Parm1,1,3,3,9,9,6,0,4,2,2,9,4,0
Zfp932,13,11,6,11,10,28,3,27,7,2,10,7,8
Fbxo21,13,4,16,27,15,64,13,43,11,10,24,14,11
Hibadh,47,77,45,73,81,174,62,145,48,37,89,35,83
Krcc1,87,101,67,98,103,261,70,264,107,110,88,87,109
Mat2a,252,170,205,299,354,761,169,569,202,204,234,226,197
Fam176a,39,12,21,27,14,40,19,40,24,27,17,18,13
Mob1a,159,104,82,154,127,443,120,334,124,176,148,93,87
Gys2,0,0,0,0,0,0,0,0,0,0,0,0,0
Mrps35,13,19,8,25,22,44,20,37,8,3,18,7,16
Ccdc136,8,19,8,16,11,25,15,29,9,0,12,9,8
Cald1,91,105,102,113,194,217,57,184,63,26,203,92,71
Zfp772,10,8,13,8,9,28,9,27,3,1,6,3,13
Mypop,0,0,0,0,0,3,2,4,1,0,2,1,1
Tmem149,3,2,6,3,5,21,2,14,1,2,4,4,3
Siglec5,24,15,22,24,27,62,27,63,18,25,17,24,5
Ctu1,3,9,1,14,8,18,3,14,2,2,7,3,4
Pgap2,15,7,15,16,14,37,21,43,19,18,13,5,15
Spon1,7,0,1,11,5,7,3,16,1,1,4,5,0
Thumpd1,42,26,25,34,40,83,26,76,27,42,38,40,28
Tmem159,13,15,15,39,24,47,27,64,15,33,21,10,18
Sbk1,1,1,7,0,8,9,7,19,8,3,6,5,5
Kif22,2,0,1,1,2,5,4,13,3,1,1,1,1
Prr14,44,12,49,66,123,190,57,178,57,59,47,59,37
BC017158,17,21,44,50,38,98,37,89,25,29,29,25,11
Zfp958,29,18,10,11,12,39,13,37,8,9,15,7,24
Dkk4,0,0,0,0,0,0,0,0,0,0,0,0,0
Fgl1,0,0,0,0,0,0,0,0,0,0,0,0,0
Cbr4,15,19,11,13,13,31,9,18,5,11,11,5,17
Tmem161a,28,21,42,27,25,59,33,48,8,26,24,25,23
Nxnl1,0,1,0,0,0,0,1,0,0,0,0,1,0
Tmem184c,40,51,33,56,40,117,35,118,24,30,52,10,30
Zfp330,27,17,21,37,58,82,19,70,16,16,26,16,23
Ces2c,0,0,0,0,0,0,0,0,0,0,0,0,0
D230025D16Rik,36,32,23,38,25,74,28,78,27,33,24,35,19
Klhdc4,17,5,19,17,43,64,15,42,18,12,22,18,4
Chmp1a,36,29,54,76,59,141,71,111,49,49,46,43,35
Ttc13,66,27,38,52,40,151,45,140,42,71,48,64,22
BC021891,0,0,0,3,3,18,4,19,1,0,4,0,2
8430410K20Rik,49,35,21,45,36,133,33,124,36,33,62,18,55
Ppan,8,5,29,20,41,26,4,29,7,6,2,2,7
Kank2,12,6,17,13,10,53,13,50,14,11,38,19,7
Zfp810,55,15,15,31,28,123,37,73,39,32,42,32,27
Dlat,46,46,37,39,57,99,36,94,28,24,48,46,28
Etfa,41,79,30,67,63,178,33,136,43,22,59,42,57
Lrrc49,16,16,18,14,26,14,10,22,19,7,17,8,22
Herc1,274,148,123,242,270,1001,230,710,246,235,299,292,116
Narg2,46,35,21,31,39,109,34,91,39,22,31,30,29
Parp3,30,11,25,14,30,56,18,57,16,14,20,18,17
Rrp9,6,0,11,5,19,25,4,14,5,10,6,3,4
Camkv,0,0,0,0,0,2,0,0,0,0,0,0,0
Zfp71-rs1,29,25,26,16,34,75,20,81,30,28,39,25,28
Zfp709,12,19,9,9,20,52,10,34,14,11,14,17,9
Eif4b,255,177,218,275,304,639,218,546,193,211,223,161,159
Usp11,51,27,36,53,67,144,35,112,44,32,50,49,11
Pdk3,28,43,24,47,34,107,45,70,27,12,46,25,35
Polr2h,9,10,3,7,10,27,6,23,4,6,6,9,9
Ankrd27,44,15,37,52,49,148,50,114,38,52,45,47,9
Adig,0,0,0,0,0,1,2,0,0,0,0,0,0
Il27,2,1,0,1,7,4,3,4,3,1,2,2,2
Alox12e,0,0,0,0,0,0,0,0,0,3,0,0,0
Lrrc67,0,4,4,2,2,8,3,9,1,0,4,0,12
Ccrl1,4,10,4,10,8,19,8,21,6,0,14,9,11
Tinf2,31,11,14,17,39,73,15,71,22,13,21,31,14
Nup43,6,3,6,2,6,11,4,18,4,7,6,2,5
Obox3,0,0,0,0,0,0,0,0,0,0,0,0,0
Obox2,0,0,0,0,0,0,0,0,0,0,0,0,0
Obox5,0,0,0,0,0,0,0,0,0,0,0,0,0
Obox6,0,0,0,0,0,0,0,0,0,0,0,0,0
Mtnr1b,0,0,0,0,0,0,0,0,0,0,0,0,0
Hist1h1d,3,4,2,2,4,12,7,15,5,7,10,2,3
Gdf10,0,0,0,0,2,0,0,1,0,0,1,1,0
Dhx35,31,10,18,34,25,82,17,58,19,17,25,22,6
Lace1,13,8,12,3,10,28,10,29,8,5,16,9,13
Adam34,0,0,0,0,0,0,0,0,0,0,0,0,0
Odf4,0,0,0,0,0,0,0,0,0,0,0,0,0
Arfgap1,50,18,65,61,51,162,54,124,33,41,47,36,31
Mzf1,0,2,0,0,1,1,0,4,0,0,2,1,0
Veph1,2,0,1,0,2,2,1,2,0,0,1,2,0
Cd3eap,28,18,22,24,21,51,24,46,15,19,22,16,13
Pitpnc1,190,76,98,181,201,380,92,319,129,130,149,156,46
Ranbp10,104,31,60,65,93,287,80,220,79,76,83,87,21
Cetn4,5,31,8,11,10,25,6,17,1,1,18,1,24
Il17re,1,5,4,8,6,6,5,7,2,0,7,1,0
Nlrp3,338,158,299,868,813,1355,435,999,296,541,208,474,60
Xylt2,13,4,21,27,19,30,19,31,12,9,10,10,3
Nags,0,0,0,0,0,0,0,0,0,0,0,0,0
Ehmt2,66,18,97,82,78,196,100,167,54,71,46,96,21
Dmrt2,0,0,0,0,0,0,0,0,0,0,0,0,0
Lin28a,0,0,0,0,0,0,0,0,0,0,0,0,0
Il17c,0,0,0,1,2,0,2,0,0,0,0,0,0
Lctl,0,1,0,3,1,0,0,2,3,1,0,0,0
6430527G18Rik,224,62,148,185,230,271,84,222,60,83,57,98,12
Il17d,0,0,0,0,0,0,1,0,0,0,0,0,0
St8sia6,34,20,27,16,36,39,17,49,26,19,37,8,10
Rasgef1b,139,95,140,468,481,1318,186,605,178,235,123,248,118
Rgs9bp,0,0,0,0,0,0,0,0,0,0,0,0,0
Sgcz,0,0,0,0,0,0,0,0,0,0,0,0,0
Vmn1r69,0,0,0,0,0,0,0,0,0,0,0,0,0
Vmn1r72,0,0,0,0,0,0,0,0,0,0,0,0,0
Vmn1r189,0,0,0,0,0,0,0,0,0,0,0,0,0
Vmn1r192,0,0,0,0,0,0,0,0,0,0,0,0,0
Vmn1r85,0,0,0,0,0,0,0,0,0,0,0,0,0
Vmn1r71,0,0,0,0,0,0,0,0,0,0,0,0,0
Vmn1r191,0,0,0,0,0,0,0,0,0,0,0,0,0
Vmn1r188,0,0,0,0,0,0,0,0,0,0,0,0,0
Cables2,33,17,19,27,16,88,25,59,23,18,23,37,6
Ropn1l,3,3,0,0,0,2,2,1,3,0,0,0,1
Tpcn1,85,30,82,86,100,305,112,322,82,82,107,124,21
Il17f,0,0,0,0,0,0,0,0,0,0,0,0,0
Nod2,29,18,29,29,34,15,3,9,4,6,3,41,2
Evc2,3,4,1,2,4,10,5,7,3,0,3,13,2
Olah,0,0,0,0,0,0,0,0,0,0,0,0,0
Kcnc4,0,0,0,0,0,0,0,0,0,0,0,0,0
Rell1,27,17,12,32,39,33,9,32,13,6,20,20,12
Cenpi,3,0,3,5,1,9,0,8,3,0,2,1,2
Pttg1ip,260,157,262,241,319,476,178,441,184,199,219,228,217
Mgat4b,54,37,59,52,49,173,53,145,45,47,44,39,11
Fntb,13,3,15,13,14,25,8,18,3,5,9,5,7
Tspan14,360,163,313,271,269,996,371,911,351,396,334,282,269
Gga1,28,17,62,59,61,127,66,144,48,28,32,55,8
AW549877,155,113,93,145,157,551,104,411,152,156,182,166,126
Zc3h7a,226,123,127,197,265,744,182,530,210,168,199,219,104
Osta,1,0,0,0,0,1,0,2,0,0,0,0,0
St6gal1,94,36,62,94,115,351,81,222,94,83,139,70,47
Stap2,6,6,5,4,7,7,3,11,1,1,12,2,1
Sumf1,119,83,86,107,94,252,85,212,80,82,118,86,97
Rpp40,5,10,6,7,9,14,11,8,2,3,13,4,18
Alg3,4,6,22,18,15,35,11,31,9,12,14,20,6
Wipi1,5,6,16,19,18,37,8,20,6,4,19,13,6
Hmgcs1,0,0,0,0,0,0,0,0,0,0,0,0,0
BC031781,74,40,70,122,140,280,67,206,66,69,40,78,39
Ccdc25,35,36,44,27,51,69,28,66,28,19,35,13,29
Fanci,22,7,31,29,14,48,24,40,18,18,19,20,8
Slc26a7,4,13,0,3,10,6,0,3,2,0,1,0,3
Ido2,2,0,0,0,0,2,0,0,0,0,0,0,0
Osgin2,40,19,14,37,47,93,31,63,23,24,25,30,14
Enox2,27,19,24,20,31,37,22,38,21,20,30,22,23
Tbc1d12,28,9,12,35,32,87,16,64,20,12,38,29,11
Aldh16a1,15,7,17,23,30,48,34,34,7,16,9,19,18
Mcmbp,71,44,54,57,57,191,56,208,62,70,78,66,38
Kbtbd2,176,84,111,171,197,502,116,398,143,162,158,115,87
D15Ertd621e,663,359,303,456,593,1637,508,1288,555,565,508,380,413
Pank3,154,157,76,145,161,404,109,314,136,129,189,113,115
Kcnj14,0,0,0,0,0,1,0,0,0,0,0,0,0
Ap1ar,42,19,15,31,33,76,30,68,30,23,25,30,27
Gphn,41,26,21,28,32,80,25,71,20,22,35,20,25
Vstm2a,0,4,0,0,1,0,0,1,0,0,0,5,0
Cc2d1a,16,3,27,18,13,58,33,48,19,16,13,19,1
BC027231,34,7,21,32,45,65,17,57,10,11,18,23,9
Ell3,3,1,8,0,3,6,1,3,0,0,1,2,0
N4bp3,0,3,6,9,8,9,5,11,3,3,2,6,3
Ddx46,99,73,72,114,100,299,71,243,85,80,98,85,35
Pdlim2,11,2,16,10,29,18,15,37,3,13,12,13,9
Chd4,462,193,349,717,661,1806,415,1159,379,346,368,518,65
Kcna5,6,9,13,12,29,0,0,4,1,3,1,15,1
Arcn1,279,233,155,274,263,681,224,614,209,217,293,174,205
Fam83f,0,0,0,0,0,0,0,0,0,0,0,0,0
Tmem82,0,0,0,2,0,0,0,0,0,0,0,0,0
Cdk5rap2,45,27,19,54,43,148,40,110,62,30,50,47,15
Cdc73,76,37,21,65,56,194,48,130,47,71,63,33,31
L3mbtl2,24,12,16,17,22,56,26,37,14,14,15,17,2
Kdm5a,193,148,88,163,192,528,117,380,121,139,140,155,96
Hmx2,0,0,0,0,0,0,0,0,0,0,0,0,0
Rhot2,35,23,36,24,42,100,45,86,24,21,39,31,28
Bud13,10,5,15,8,12,39,6,32,10,12,11,19,8
Hip1,28,24,43,37,66,105,33,117,38,32,104,60,6
Rhbdd2,33,29,30,45,42,110,12,76,22,8,53,23,8
Senp6,180,110,99,199,168,487,140,428,146,177,155,158,39
Mfsd6l,0,0,0,2,1,0,0,1,0,0,0,2,0
Ank3,6,6,0,6,1,31,2,9,1,0,10,3,0
Lss,3,15,6,10,12,31,7,21,6,5,12,7,10
Col6a2,0,0,4,3,1,2,1,5,1,0,1,4,0
Tcp11l2,56,49,59,75,91,189,48,165,65,58,68,49,27
Cep290,58,97,25,60,36,158,22,110,39,24,44,45,11
Arhgap9,27,7,48,36,59,137,38,101,31,49,19,33,18
Sec14l4,5,1,0,3,2,8,2,1,0,0,3,2,0
Ccm2,23,14,35,31,45,102,30,96,29,41,28,26,62
Efemp1,3,19,3,9,3,8,0,13,0,0,4,2,7
Eml6,42,16,33,48,36,115,31,98,30,28,27,41,6
Gabrp,0,1,3,0,0,1,0,0,0,0,0,0,1
Flcn,116,41,101,109,139,479,120,361,98,90,94,139,54
Chd3,110,108,49,126,123,333,93,303,67,34,136,130,7
Gltpd2,0,0,0,0,0,0,0,0,0,0,0,0,0
Evi2b,93,66,75,135,169,675,124,355,118,141,115,126,144
Samd14,2,2,11,4,2,16,1,8,1,0,7,3,1
Prr15l,0,0,3,1,0,0,0,0,0,0,0,0,0
Scrn2,1,2,7,6,4,9,1,13,0,3,2,2,3
Stac2,0,0,0,0,0,0,0,0,0,0,0,0,0
Plekhh3,4,1,14,4,7,14,4,11,4,4,5,3,0
Srp68,57,28,66,80,81,206,94,186,60,65,71,72,48
Ankmy2,31,46,26,28,27,116,26,93,21,15,21,27,33
Mgat2,81,56,71,85,70,215,73,227,66,101,84,60,35
Ahsa1,59,61,66,50,91,206,73,182,47,76,77,64,77
Wdr60,19,15,13,12,22,75,14,41,16,28,20,10,7
Cdca7l,6,1,3,3,7,17,4,11,2,2,4,2,3
Gmds,9,2,5,2,10,26,7,14,1,2,4,4,3
B4galt7,16,12,18,7,10,21,11,22,3,10,9,8,4
Clptm1l,158,100,165,145,162,419,171,440,136,134,154,127,126
Oit1,0,3,0,2,2,0,0,3,0,0,0,6,1
3830406C13Rik,18,16,16,17,32,40,12,34,14,16,16,8,28
Lrrc3b,0,0,0,0,0,0,0,0,0,0,0,0,0
Fermt2,61,73,115,85,137,118,28,100,25,21,114,81,45
2610301G19Rik,49,35,54,59,70,140,56,113,43,36,31,49,25
Pphln1,78,29,52,82,79,230,49,168,57,73,61,50,34
Krt79,0,0,0,0,0,0,0,0,0,0,0,0,0
Soat2,3,1,1,10,19,4,2,10,2,0,1,1,0
Cpped1,39,29,42,49,32,93,24,70,25,31,33,28,32
2310008H04Rik,35,12,16,32,31,89,18,62,33,28,35,26,14
Lrrc33,183,91,305,214,380,636,207,591,163,208,135,232,97
Zdhhc14,15,3,35,19,18,84,23,67,20,39,21,22,3
Tfb1m,10,13,5,6,15,33,7,28,6,9,12,6,17
Lemd2,25,17,48,46,61,112,53,111,39,31,25,41,10
Trim31,0,0,0,0,0,0,0,0,0,0,0,0,0
Guca1b,0,0,0,0,0,1,0,5,0,0,0,1,0
BC027072,0,0,0,0,0,0,0,0,0,0,1,0,0
Fam13b,115,53,55,107,84,318,65,255,105,90,91,100,47
Apbb3,26,16,11,12,21,67,12,40,6,26,13,24,15
Pde6a,0,0,0,1,0,0,0,0,0,0,0,0,0
Csnk1a1,284,187,176,323,354,697,174,609,196,199,261,207,144
Haus1,9,5,5,13,15,15,10,19,9,10,8,10,14
Zadh2,31,59,36,43,50,86,29,132,27,14,83,35,40
Ubxn1,37,42,60,66,73,128,46,106,42,21,38,35,70
Fads1,206,202,162,257,178,665,194,512,160,140,269,171,99
Fam108b,47,36,27,37,44,108,42,87,19,39,40,34,22
Cbwd1,15,9,4,19,8,15,3,24,6,11,10,6,13
Ina,0,0,0,0,0,0,0,0,0,0,0,0,0
Habp2,0,0,0,0,0,0,0,0,0,0,0,0,0
Tmem185b,45,13,36,30,37,107,45,83,21,31,24,21,17
Aph1a,8,35,31,45,42,73,32,66,27,15,36,24,27
Cnst,68,121,63,94,100,218,72,213,45,33,100,81,25
Lyplal1,6,17,3,6,3,24,2,12,3,4,8,8,11
Actr1b,57,56,105,95,130,207,68,165,45,45,60,72,33
Hibch,12,36,27,33,31,86,20,61,29,20,35,29,24
Dclre1c,70,29,19,69,80,259,41,126,66,68,42,59,19
A830007P12Rik,104,52,126,75,83,252,116,284,79,84,88,115,32
Tubb4b,83,172,178,145,172,373,121,344,67,27,180,105,158
Lrrc26,0,0,0,0,0,0,0,0,0,0,0,0,0
Fam129b,56,44,104,74,91,151,79,174,44,16,88,63,18
Dennd1a,69,26,41,53,52,119,50,109,35,49,32,46,16
Itpka,0,0,0,0,0,0,0,0,0,0,0,0,0
Sord,36,36,23,37,44,116,22,72,24,29,37,16,24
Fam110a,13,12,30,10,23,71,21,81,13,11,22,20,11
Dlgap4,48,27,70,71,92,198,59,202,59,31,39,62,9
Pcif1,32,5,46,51,54,136,52,110,30,32,43,46,10
Pbxip1,222,180,254,370,305,819,282,730,171,181,268,251,57
Golph3l,58,38,27,46,49,128,44,101,49,42,64,35,85
Slc16a4,22,65,32,27,52,96,20,63,14,11,59,35,46
Tram1l1,0,0,0,1,2,2,0,2,0,0,0,0,0
Ppa2,19,25,19,29,28,66,20,67,11,7,22,8,16
Tdrd7,134,52,108,138,139,282,86,229,71,73,87,75,65
Jak1,736,345,429,701,836,1336,419,1097,420,418,418,435,175
C8a,0,0,0,0,0,0,0,0,0,0,0,0,0
Fam151a,3,5,8,13,5,19,12,22,2,0,10,8,8
Nrd1,193,182,109,223,227,575,157,498,148,146,244,162,144
Tesk2,22,21,19,18,16,41,8,37,15,9,15,12,5
Ipo13,22,19,49,54,66,171,73,140,42,38,66,67,24
Thrap3,109,47,85,113,145,307,76,278,92,73,79,118,38
Ppp1r8,41,28,27,31,37,87,37,83,34,18,42,28,28
Ahdc1,30,1,26,9,21,44,28,70,22,16,16,39,3
Haus3,18,32,13,22,26,67,21,43,32,25,20,14,36
Tmem119,1275,437,2235,1232,1567,3283,1817,3806,1442,1590,1053,1389,671
Gimap7,0,0,0,1,0,0,0,0,0,0,0,0,2
Vopp1,17,26,26,17,16,49,17,54,9,14,25,10,20
Paip2b,38,41,14,54,53,124,36,90,27,24,57,31,34
Ncapd2,21,10,7,15,18,61,9,36,9,9,11,19,4
Tspan33,58,81,108,78,60,200,70,211,49,35,85,73,35
Fam115c,10,24,13,10,10,26,3,24,5,0,22,7,6
Zfp282,8,5,24,5,10,35,23,33,11,15,17,10,5
Cnot3,25,15,21,25,28,105,36,105,37,30,23,48,6
Ccdc106,0,2,4,2,5,7,1,12,1,2,0,0,2
Zfp418,1,4,3,2,0,7,0,7,2,1,1,2,2
Klc3,8,3,3,8,6,17,14,20,6,4,4,7,5
Zfp428,1,0,4,3,0,6,0,4,0,0,1,2,1
Wdr62,7,3,8,2,11,35,6,20,9,6,7,7,3
Kctd15,2,1,3,5,2,5,3,5,1,1,9,6,1
Mybpc2,0,0,0,0,0,0,0,0,0,0,0,0,0
Tubgcp5,194,81,90,119,98,597,193,441,188,229,210,142,166
Lrrk1,93,15,101,59,75,328,88,278,96,90,57,90,14
Picalm,3982,1884,1833,3158,3656,5904,1749,5063,2057,2437,1839,2002,891
Slc5a11,0,2,0,2,0,0,2,3,0,0,0,0,0
Eif3c,199,203,244,252,280,598,196,567,165,188,247,160,159
Zfp553,11,3,11,11,10,27,11,36,9,6,7,10,1
Zfp768,6,2,14,8,8,24,15,25,5,9,11,14,2
Armc5,27,5,51,38,66,124,41,87,32,20,24,56,5
Tpcn2,34,8,21,19,28,100,16,70,24,31,22,26,10
Cul4a,72,53,72,85,85,244,88,179,68,56,83,96,31
Neil3,0,0,1,3,2,6,0,3,0,1,0,3,0
Glt25d1,154,60,150,149,161,451,130,317,124,133,123,117,58
Ces4a,0,0,0,0,0,0,0,0,0,0,0,0,0
Ftsjd1,12,4,10,18,7,53,6,36,8,4,11,10,7
Vac14,47,17,36,51,56,163,50,127,43,26,35,42,6
Aars,158,80,169,216,263,478,151,368,141,116,146,127,84
Rfwd3,50,33,33,36,38,111,35,109,28,29,62,26,23
Klhl36,7,0,12,9,6,28,10,24,8,14,3,9,7
BC024479,22,8,9,31,30,64,18,57,24,23,22,23,12
Cplx3,0,0,0,0,0,0,0,0,3,0,0,0,0
Zfp280d,61,68,33,70,99,209,74,155,59,87,91,77,61
Apeh,41,32,41,57,54,154,46,129,32,39,43,40,23
Prss50,0,0,0,0,0,0,0,0,0,0,0,0,0
Dync1li1,57,29,53,49,51,169,54,115,51,42,64,55,31
Acaa1b,2,0,1,0,0,3,0,0,0,0,0,0,0
Zfp825,14,2,10,3,10,23,10,11,2,11,9,2,6
Slc22a26,0,0,0,0,0,0,0,0,0,0,0,0,0
Mmgt1,83,45,33,91,46,158,40,106,42,39,79,38,78
Ercc6l,5,1,0,4,4,10,5,11,3,8,0,4,3
Tceal1,13,24,24,17,21,66,33,51,19,18,17,16,29
Gemin8,4,1,8,11,7,19,2,12,2,7,3,5,3
Cdk17,75,58,59,89,91,197,52,202,50,47,103,125,42
Rassf9,7,17,7,7,15,34,7,26,5,2,11,11,12
Trhde,0,0,0,1,0,0,0,1,2,0,0,0,0
Actr2,779,475,378,708,654,1825,533,1560,585,558,642,464,478
Rps6kl1,0,0,0,0,1,8,0,2,2,1,1,0,0
Lrit1,0,0,0,0,0,0,0,0,0,0,0,0,0
Rp1l1,0,0,0,0,0,0,0,0,0,0,0,0,0
Mettl22,5,0,3,4,4,8,2,10,3,3,7,2,0
Cchcr1,1,3,9,1,3,11,4,10,1,6,1,4,4
Zfp119b,9,5,4,3,10,35,9,18,9,12,10,6,4
Pnpla7,248,54,174,166,239,570,208,548,187,207,165,208,69
Tbc1d13,59,30,86,70,78,214,83,202,74,75,77,64,25
Zbtb6,32,23,6,23,29,93,19,56,17,18,35,34,27
Wdr78,34,73,26,49,34,113,25,89,12,3,43,48,33
Slc1a7,0,0,0,0,0,0,0,0,0,0,0,0,0
Hpdl,0,0,0,0,1,0,0,0,0,0,0,0,0
Slc29a4,26,71,93,95,58,110,59,158,15,0,50,61,17
Zfp668,1,0,0,4,3,19,9,13,4,3,7,3,2
Tmie,0,2,7,1,2,4,0,3,0,0,0,3,4
Fam199x,39,33,19,41,40,105,33,110,38,41,44,22,20
Olfr1290,0,0,0,0,0,0,0,0,0,0,0,0,0
Olfr1274-ps,0,0,0,0,0,0,0,0,0,0,0,0,0
Olfr1506,0,0,0,0,0,0,0,0,0,0,0,0,0
Olfr772,0,0,0,0,0,0,0,0,0,0,0,0,0
Olfr769,0,0,0,0,0,0,0,0,0,0,0,0,0
Olfr247,0,0,0,0,0,0,0,0,0,0,0,0,0
Olfr370,0,0,0,0,0,0,0,0,0,0,0,0,0
Olfr1511,0,0,0,0,0,0,0,1,0,0,0,0,0
Olfr930,0,0,0,0,0,0,0,0,0,0,0,0,0
Olfr448,0,0,0,0,0,0,0,0,0,0,0,0,0
Olfr1311,0,0,0,0,0,0,0,0,0,0,0,0,0
Olfr1402,0,0,0,0,0,0,0,0,0,0,0,0,0
Olfr1394,0,0,0,0,0,0,0,0,0,0,0,0,0
Olfr1412,0,0,0,0,0,0,0,0,0,0,0,0,0
Olfr729,0,0,0,0,0,0,0,0,0,0,0,0,0
Olfr960,0,0,0,0,0,0,0,0,0,0,0,0,0
Olfr281,0,0,0,0,0,0,0,0,0,0,0,0,0
Olfr284,0,0,0,0,0,0,0,0,0,0,0,0,0
Olfr846,0,0,0,0,0,0,0,0,0,0,0,0,0
Olfr1366,0,0,0,0,0,0,0,0,0,0,0,0,0
Olfr780,0,0,0,0,0,0,0,0,0,0,0,0,0
Olfr801,0,0,0,0,0,0,0,0,0,0,0,0,0
Olfr981,0,0,0,0,0,0,0,0,0,0,0,0,0
Olfr1484,0,0,0,0,0,0,0,0,0,0,0,0,0
Olfr1324,0,0,0,0,0,0,0,0,0,0,0,0,0
Olfr1143,0,0,0,0,0,0,0,0,0,0,0,0,0
Olfr1167,0,0,0,0,0,0,0,0,0,0,0,0,0
Olfr446,0,0,0,0,0,0,0,0,0,0,0,0,0
Olfr437,0,0,0,0,0,0,0,0,0,0,0,0,0
Olfr1115,0,0,0,0,0,0,0,0,0,0,0,0,0
Olfr746,0,0,0,0,0,0,0,0,0,0,0,0,0
Olfr745,0,0,0,0,0,0,0,0,0,0,0,0,0
Olfr827,0,0,0,0,0,0,0,0,0,0,0,0,0
Olfr1475,0,0,0,0,0,0,0,0,0,0,0,0,0
Olfr1461,0,0,0,0,0,0,0,0,0,0,0,0,0
Olfr1449,0,0,0,0,0,0,0,0,0,0,0,0,0
Olfr1340,0,0,0,0,0,0,0,0,0,0,0,0,0
Olfr420,0,0,0,0,0,0,0,0,0,0,0,0,0
Olfr518,0,0,0,0,0,0,0,0,0,0,0,0,0
Olfr498,0,0,0,0,0,0,0,0,0,0,0,0,0
Olfr1356,0,0,0,0,0,0,0,0,0,0,0,0,0
Olfr1337,0,0,0,0,0,0,0,0,0,0,0,0,0
Olfr493,0,0,0,0,0,0,0,0,0,0,0,0,0
Olfr510,0,0,0,0,0,0,0,0,0,0,0,0,0
Olfr657,0,0,0,0,0,0,0,0,0,0,0,0,0
Olfr145,0,0,0,0,0,0,0,0,0,0,0,0,0
Olfr601,0,0,0,0,0,0,0,0,0,0,0,0,0
Olfr726,0,0,0,0,0,0,0,0,0,0,0,0,0
Olfr725,0,0,0,0,0,0,0,0,0,0,0,0,0
Olfr767,0,0,0,0,0,0,0,0,0,0,0,0,0
Olfr727,0,0,0,0,0,0,0,0,0,0,0,0,0
Olfr1145,0,0,0,0,0,0,0,0,0,0,0,0,0
Olfr186,0,0,0,0,0,0,0,0,0,0,0,0,0
Olfr187,0,0,0,0,0,0,0,0,0,0,0,0,0
Olfr1232,0,0,0,0,0,0,0,0,0,0,0,0,0
Olfr809,0,0,0,0,0,0,0,0,0,0,0,0,0
Olfr554,0,0,0,0,0,0,0,0,0,0,0,0,0
Olfr943,0,0,0,0,0,0,0,0,0,0,0,0,0
Olfr110,4,0,0,0,0,0,4,5,0,1,1,4,7
Olfr642,0,0,0,0,0,0,0,0,0,0,0,0,0
Olfr958,0,0,0,0,0,0,0,0,0,0,0,0,0
Olfr954,0,0,0,0,0,0,0,0,0,0,0,0,0
Olfr1330,0,0,0,0,0,0,0,1,0,0,0,0,0
Olfr893,0,0,0,0,0,0,0,0,0,0,0,0,0
Olfr1396,2,0,0,0,2,0,0,1,0,0,0,0,2
Olfr374,0,0,0,0,0,0,0,0,0,0,0,0,0
Olfr1259,0,0,0,0,0,0,0,0,0,0,0,0,0
Olfr1269,0,0,0,0,0,0,0,0,0,0,0,0,0
Olfr1265,0,0,0,0,0,0,0,0,0,0,0,0,0
Olfr1495,0,0,0,0,0,0,0,0,0,0,0,0,0
Olfr1491,0,0,0,0,0,0,0,0,0,0,0,0,0
Olfr397,0,0,0,0,0,0,0,0,0,0,0,0,0
Olfr390,0,0,0,0,0,0,0,0,0,0,0,0,0
Olfr1121,0,0,0,0,0,0,0,0,0,0,0,0,0
Olfr1128,0,0,0,0,0,0,0,0,0,0,0,0,0
Olfr1123,0,0,0,0,0,0,0,0,0,0,0,0,0
Olfr1133,0,0,0,0,0,0,0,0,0,0,0,0,0
Olfr706,0,0,0,0,0,0,0,0,0,0,0,0,0
Olfr633,0,0,0,0,0,0,0,0,0,0,0,0,0
Olfr692,0,0,0,0,0,0,0,0,0,0,0,0,0
Olfr521,0,0,0,0,0,0,0,0,0,0,0,0,0
Olfr168,0,0,0,0,0,0,0,0,0,0,0,0,0
Olfr677,0,0,0,0,0,0,0,0,0,0,0,0,0
Olfr564,0,0,0,0,0,0,0,0,0,0,0,0,0
Olfr574,3,6,1,4,3,7,3,6,0,0,2,2,0
Olfr557,0,0,0,0,0,0,0,0,0,0,0,0,0
Olfr1312,0,0,0,0,0,0,0,0,0,0,0,0,0
Olfr731,0,0,0,0,0,0,0,0,0,0,0,0,0
Olfr495,0,0,0,0,0,0,0,0,0,0,0,0,0
Olfr1094,0,0,0,0,0,0,0,0,0,0,0,0,0
Olfr1093,0,0,0,0,0,0,0,0,0,0,0,0,0
Olfr976,0,0,0,0,0,0,0,0,0,0,0,0,0
Olfr361,0,0,0,0,0,0,0,0,0,0,0,0,0
Olfr434,0,0,0,0,0,0,0,0,0,0,0,0,0
Olfr1450,0,0,0,0,0,0,0,0,0,0,0,0,0
Olfr509,0,0,0,0,0,0,0,0,0,0,0,0,0
Olfr1253,0,0,0,0,0,0,0,0,0,0,0,0,0
Olfr368,0,0,0,0,0,0,0,0,0,0,0,0,0
Olfr918,0,0,0,0,0,0,0,0,0,0,0,0,0
Olfr323,0,0,0,0,0,0,0,0,0,0,0,0,0
Olfr794,0,0,0,0,0,0,0,0,0,0,0,0,0
Olfr654,0,0,0,0,0,0,0,0,0,0,0,0,0
Olfr593,0,0,0,0,0,0,0,0,0,0,0,0,0
Olfr1284,0,0,0,0,0,0,0,0,0,0,0,0,0
Olfr461,0,0,0,0,0,3,0,0,0,0,0,1,0
Olfr460,0,0,0,0,0,0,0,0,1,0,0,0,0
Olfr208,0,0,0,0,0,0,0,0,0,0,0,0,0
Olfr1347,0,0,0,0,0,0,0,0,0,0,0,0,0
Olfr1350,0,0,0,0,0,0,0,0,0,0,0,0,0
Olfr1323,0,0,0,0,0,0,0,0,0,0,0,0,0
Olfr1058,0,0,0,0,0,0,0,0,0,0,0,0,0
Olfr720,0,0,0,0,0,0,0,0,0,0,0,0,0
Olfr1279,0,0,0,0,0,0,0,0,0,0,0,0,0
Olfr1278,0,0,0,0,0,0,0,0,0,0,0,0,0
Olfr1276,0,0,0,0,0,0,0,0,0,0,0,0,0
Olfr1277,0,0,0,0,0,0,0,0,0,0,0,0,0
Olfr190,0,0,0,0,0,0,0,0,0,0,0,0,0
Olfr1325,0,0,0,0,0,0,0,0,0,0,0,0,0
Olfr1328,0,0,0,0,0,2,0,0,0,0,0,0,0
Olfr1288,0,0,0,0,0,0,0,0,0,0,0,0,0
Olfr1305,0,0,0,0,0,0,0,0,0,0,0,0,0
Olfr1303,0,0,0,0,0,0,0,0,0,0,0,0,0
Olfr1295,0,0,0,0,0,0,0,0,0,0,0,0,0
Olfr1289,0,0,0,0,0,0,0,0,0,0,0,0,0
Olfr228,0,0,0,0,0,0,0,0,0,0,0,0,0
Olfr1076,0,0,0,0,0,0,0,0,0,0,0,0,0
Olfr1079,0,0,0,0,0,0,0,0,0,0,0,0,0
Olfr1065,0,0,0,0,0,0,0,0,0,0,0,0,0
Olfr1080,0,0,0,0,0,0,0,0,0,0,0,0,0
Olfr1420,0,0,0,0,0,0,0,0,0,0,0,0,0
Olfr462,0,0,0,0,0,0,0,0,0,0,0,0,0
Olfr464,0,0,0,0,0,0,0,0,0,0,0,0,0
Olfr463,0,0,0,0,0,0,0,0,0,0,0,0,0
Olfr1431,0,0,0,0,0,0,0,0,0,0,0,0,0
Olfr291,0,0,0,0,0,0,0,0,0,0,0,0,0
Olfr290,0,0,0,0,0,0,0,0,0,0,0,0,0
Olfr877,0,0,0,0,0,0,0,0,0,0,0,0,0
Olfr881,0,0,0,0,0,0,0,0,0,0,0,0,0
Olfr883,0,0,0,0,0,0,0,0,0,0,0,0,0
Olfr738,0,0,0,0,0,0,0,0,0,0,0,0,0
Olfr887,0,0,0,0,0,0,0,0,0,0,0,0,0
Olfr888,0,0,0,0,0,0,0,0,0,0,0,0,0
Olfr470,0,0,0,0,0,0,0,0,0,0,0,0,0
Olfr469,0,0,0,0,0,0,0,0,0,0,0,0,0
Olfr223,0,0,0,0,0,1,0,0,0,0,0,0,0
Olfr742,0,0,0,0,0,0,0,0,0,0,0,0,0
Olfr1510,0,0,0,0,0,0,0,0,0,0,0,0,0
Olfr1512,0,0,0,0,0,0,0,0,0,0,0,0,0
Olfr994,0,0,0,0,0,0,0,0,0,0,0,0,0
Olfr995,0,0,0,0,0,0,0,0,0,0,0,0,0
Olfr993,0,0,0,0,0,0,0,0,0,0,0,0,0
Olfr998,0,0,0,0,0,0,0,0,0,0,0,0,0
Olfr996,0,0,0,0,0,0,0,0,0,0,0,0,0
Olfr938,0,0,0,0,0,0,0,0,0,0,0,0,0
Olfr937,0,0,0,0,0,0,0,0,0,0,0,0,0
Olfr919,0,0,0,0,0,0,0,0,0,0,0,0,0
Olfr933,0,0,0,0,0,0,0,0,0,0,0,0,0
Olfr934,0,0,0,0,0,0,0,0,0,0,0,0,0
Olfr382,0,0,0,0,0,0,0,0,0,0,0,0,0
Olfr458,0,0,0,0,0,0,0,0,0,0,0,0,0
Olfr450,0,0,0,0,0,0,0,0,0,0,0,0,0
Olfr215,2,0,0,0,0,0,0,0,0,0,0,0,0
Olfr1309,0,0,0,0,0,0,0,0,0,0,0,0,0
Olfr1317,0,0,0,0,0,0,0,0,0,0,0,0,0
Olfr1310,0,0,0,0,0,0,0,0,0,0,0,0,0
Olfr1314,0,0,0,0,0,0,0,0,0,0,0,0,0
Olfr164,0,0,0,0,0,0,0,0,0,0,0,0,0
Olfr694,0,0,0,0,0,0,0,0,0,0,0,0,0
Olfr693,0,0,0,0,0,0,0,0,0,0,0,0,0
Olfr1231,0,0,0,0,0,0,0,0,0,0,0,0,0
Olfr1241,0,0,0,0,0,0,0,0,0,0,0,0,0
Olfr282,0,0,0,0,0,0,0,0,0,0,0,0,0
Olfr1199,0,0,0,0,0,0,0,0,0,0,0,0,0
Olfr1215,0,0,0,0,0,0,0,0,0,0,0,0,0
Olfr1209,0,0,0,0,0,0,0,0,0,0,0,0,0
Olfr1202,0,0,0,0,0,0,0,0,0,0,0,0,0
Olfr1204,0,0,0,0,0,0,0,0,0,0,0,0,0
Olfr1196,0,0,0,0,0,0,0,0,0,0,0,0,0
Olfr165,0,0,0,0,0,0,0,0,0,0,0,0,0
Olfr1388,0,0,0,0,0,0,0,0,0,0,0,0,0
Olfr1391,0,0,0,0,0,0,0,0,0,0,0,0,0
Olfr1381,0,0,0,0,0,0,0,0,0,0,0,0,0
Olfr1392,0,0,0,0,0,0,0,0,0,0,0,0,0
Olfr1393,0,0,0,0,0,1,0,0,0,0,0,1,0
Olfr1384,0,0,0,0,0,0,0,0,0,0,0,0,0
Olfr1387,0,0,0,0,0,0,0,0,0,0,0,0,0
Olfr1261,0,0,0,0,0,0,0,0,0,0,0,0,0
Olfr1254,0,0,0,0,0,0,0,0,0,0,0,0,0
Olfr90,0,0,0,0,0,0,1,0,0,0,0,0,0
Olfr891,0,0,0,0,0,0,0,0,0,0,0,0,0
Olfr899,0,0,0,0,0,0,0,0,0,0,0,0,0
Olfr890,0,0,0,0,0,0,0,0,0,0,0,0,0
Olfr889,0,0,0,0,0,0,0,0,0,0,0,0,0
Olfr197,0,0,0,0,0,0,0,0,0,0,0,0,0
Olfr183,0,0,0,0,0,0,0,0,0,0,0,0,0
Olfr203,0,0,0,0,0,0,0,0,0,0,0,0,0
Olfr137,0,0,0,0,0,0,0,0,0,0,0,0,0
Olfr266,0,0,0,0,0,0,0,0,0,0,0,0,0
Olfr1411,0,0,0,0,0,0,0,0,0,0,0,0,0
Olfr1410,0,0,0,0,0,0,0,0,0,0,0,0,0
Olfr724,0,0,0,0,0,0,0,0,0,0,0,0,0
Olfr730,0,0,0,0,0,0,0,0,0,0,0,0,0
Olfr722,0,0,0,0,0,0,0,0,0,0,0,0,0
Olfr474,0,0,0,0,0,0,0,0,0,0,0,0,0
Olfr486,0,0,0,0,0,0,0,0,0,0,0,0,0
Olfr492,0,0,0,0,0,0,0,0,0,0,0,0,0
Olfr490,0,0,0,0,0,0,0,0,0,0,0,0,0
Olfr484,0,0,0,0,0,0,0,0,0,0,0,0,0
Olfr319,0,0,0,0,0,0,0,0,0,0,0,0,0
Olfr318,0,0,0,0,0,0,0,0,0,0,0,0,0
Olfr328,0,0,0,0,0,0,0,0,0,0,0,0,0
Olfr952,0,0,0,0,0,0,0,0,0,0,0,0,0
Olfr961,0,0,0,0,0,0,0,0,0,0,0,0,0
Olfr945,0,0,0,0,0,0,0,0,0,0,0,0,0
Olfr944,0,0,0,0,0,0,0,0,0,0,0,0,0
Olfr959,0,0,0,0,0,0,0,0,0,0,0,0,0
Olfr99,2,1,0,0,0,0,3,0,0,0,0,2,0
Olfr523,0,0,0,0,0,0,0,0,0,0,0,0,0
Olfr530,0,0,0,0,0,0,0,0,0,0,0,0,0
Olfr536,0,0,0,0,0,0,0,0,0,0,0,0,0
Olfr854,0,0,0,0,0,0,0,0,0,0,0,0,0
Olfr850,0,0,0,0,0,0,0,0,0,0,0,0,0
Olfr855,0,0,0,0,0,0,0,0,0,0,0,0,0
Olfr847,0,0,0,0,0,0,0,0,0,0,0,0,0
Olfr859,0,0,0,0,0,0,0,0,0,0,0,0,0
Olfr849,0,0,0,0,0,0,0,0,0,0,0,0,0
Olfr860,0,0,0,0,0,0,0,0,0,0,0,0,0
Olfr1183,0,0,0,0,0,0,0,0,0,0,0,0,0
Olfr1186,0,0,0,0,0,0,0,0,0,0,0,0,0
Olfr1168,0,0,0,0,0,0,0,0,0,0,0,0,0
Olfr1170,0,0,0,0,0,0,0,0,0,0,0,0,0
Olfr1367,0,0,0,0,0,0,0,0,0,0,0,0,0
Olfr1368,0,0,0,0,0,0,0,0,0,0,0,0,0
Olfr1370,0,0,0,0,0,0,0,0,0,0,0,0,0
Olfr313,0,0,0,0,0,0,0,0,0,0,0,0,0
Olfr311,0,0,0,0,0,0,0,0,0,0,0,0,0
Olfr315,0,0,0,0,0,0,0,0,0,0,0,0,0
Olfr373,0,0,0,0,0,0,0,0,0,0,0,0,0
Olfr1364,0,0,0,0,0,0,0,0,0,0,0,0,0
Olfr1361,0,0,0,0,0,0,0,0,0,0,0,0,0
Olfr1360,0,0,0,0,0,0,0,0,0,0,0,0,0
Olfr777,0,0,0,0,0,0,0,0,0,0,0,0,0
Olfr775,0,0,0,0,0,0,0,0,0,0,0,0,0
Olfr771,0,0,0,0,0,0,0,0,0,0,0,0,0
Olfr800,0,0,0,0,0,0,0,0,0,0,0,0,0
Olfr786,0,0,0,0,0,0,0,0,0,0,0,0,0
Olfr810,0,0,0,0,0,0,0,0,0,0,0,0,0
Olfr788,0,0,0,0,0,0,0,0,0,0,0,0,0
Olfr811,0,0,0,0,0,0,0,0,0,0,0,0,0
Olfr806,0,0,0,0,0,0,0,0,0,0,0,0,0
Olfr803,0,0,0,0,0,0,0,0,0,0,0,0,0
Olfr805,0,0,0,0,0,0,0,0,0,0,0,0,0
Olfr798,0,0,0,0,0,0,0,0,0,0,0,0,0
Olfr869,0,0,0,0,0,0,0,0,0,0,0,0,0
Olfr866,0,0,0,0,0,0,0,0,0,0,0,0,0
Olfr868,0,0,0,0,0,0,0,0,0,0,0,0,0
Olfr872,0,0,0,0,0,0,0,0,0,0,0,0,0
Olfr873,0,0,0,0,0,0,0,0,0,0,0,0,0
Olfr862,0,0,0,0,0,0,0,0,0,0,0,0,0
Olfr836,0,0,0,0,0,0,0,0,0,0,0,0,0
Olfr837,0,0,0,0,0,0,0,0,0,0,0,0,0
Olfr830,0,0,0,0,0,0,0,0,0,0,0,0,0
Olfr843,0,0,0,0,0,0,0,0,0,0,0,0,0
Olfr1012,0,0,0,0,0,0,0,0,0,0,0,0,0
Olfr1014,0,0,0,0,0,0,0,0,0,0,0,0,0
Olfr1006,0,0,0,0,0,0,0,0,0,0,0,0,0
Olfr1015,0,0,0,0,0,0,0,0,0,0,0,0,0
Olfr1009,0,0,0,0,0,0,0,0,0,0,0,0,0
Olfr1002,0,0,0,0,0,0,0,0,0,0,0,0,0
Olfr1457,0,0,0,0,0,0,0,0,0,0,0,0,0
Olfr459,0,0,0,0,0,0,0,0,0,0,0,0,0
Olfr1043,0,0,0,0,0,0,0,0,0,0,0,0,0
Olfr1033,4,0,0,0,4,3,2,9,2,3,5,3,6
Olfr1032,0,0,0,0,0,0,0,0,0,0,0,0,0
Olfr1020,0,0,0,0,0,0,0,0,0,0,0,0,0
Olfr1046,0,0,0,0,0,0,0,0,0,0,0,0,0
Olfr1026,0,0,0,0,0,0,0,0,0,0,0,0,0
Olfr1018,0,0,0,0,0,0,0,0,0,0,0,0,0
Olfr1023,0,0,0,0,0,0,0,0,0,0,0,0,0
Olfr1030,0,0,0,0,1,0,0,0,0,0,0,0,0
Olfr1022,0,0,0,0,0,0,0,0,0,0,0,0,0
Olfr1085,0,0,0,0,0,0,0,0,0,0,0,0,0
Olfr1101,0,0,0,0,0,0,0,0,0,0,0,0,0
Olfr1086,0,0,0,0,0,0,0,0,0,0,0,0,0
Olfr1111,0,0,0,0,0,0,0,0,0,0,0,0,0
Olfr1100,0,0,0,0,0,0,0,0,0,0,0,0,0
Olfr703,0,0,0,0,0,0,0,0,0,0,0,0,0
Olfr702,0,0,0,0,0,0,0,0,0,0,0,0,0
Olfr695,0,0,0,0,0,0,0,0,0,0,0,0,0
Olfr697,0,0,0,0,0,0,0,0,0,0,0,0,0
Olfr700,0,0,0,0,0,0,0,0,0,0,0,0,0
Olfr710,0,0,0,0,0,0,0,0,0,0,0,0,0
Olfr698,0,0,0,0,0,0,0,0,0,0,0,0,0
Olfr716,0,0,0,0,0,0,0,0,0,0,0,0,0
Olfr828,0,0,0,0,0,0,0,0,0,0,0,0,0
Olfr270,0,0,0,0,0,0,0,0,0,0,0,0,0
Olfr984,0,0,0,0,0,0,0,0,0,0,0,0,0
Olfr972,0,0,0,0,0,0,0,0,0,0,0,0,0
Olfr970,0,0,0,0,0,0,0,0,0,0,0,0,0
Olfr968,0,0,0,0,0,0,0,0,0,0,0,0,0
Olfr229,0,0,0,0,0,0,0,0,0,0,0,0,0
Olfr971,0,0,0,0,0,0,0,0,0,0,0,0,0
Olfr986,0,0,0,0,0,0,0,0,0,0,0,0,0
Olfr305,0,0,0,0,0,0,0,0,0,0,0,0,0
Olfr307,0,0,0,0,0,0,0,0,0,0,0,0,0
Olfr297,0,0,0,0,0,0,0,0,0,0,0,0,0
Olfr303,0,0,0,0,0,0,0,0,0,0,0,0,0
Olfr292,0,0,0,0,0,0,0,0,0,0,0,0,0
Olfr308,0,0,0,0,0,0,0,0,0,0,0,0,0
Olfr360,0,0,0,0,0,0,0,0,0,0,0,0,0
Olfr357,0,0,0,0,0,0,0,0,0,0,0,0,0
Olfr356,0,0,0,0,0,0,0,0,0,0,0,0,0
Olfr355,0,0,0,0,0,0,0,0,0,0,0,0,0
Olfr350,0,0,0,0,0,0,0,0,0,0,0,0,0
Olfr344,0,0,0,0,0,0,0,0,0,0,0,0,0
Olfr1501,0,0,0,0,0,0,0,0,0,0,0,0,0
Olfr1504,0,0,0,0,0,0,0,0,0,0,0,0,0
Olfr1489,0,0,0,0,0,0,0,0,0,0,0,0,0
Olfr1487,0,0,0,0,0,0,0,0,0,0,0,0,0
Olfr1141,0,0,0,0,0,0,0,0,0,0,0,0,0
Olfr1151,0,0,0,0,0,0,0,0,0,0,0,0,0
Olfr1138,0,0,0,0,0,0,0,0,0,0,0,0,0
Olfr1153,0,0,0,0,0,0,0,0,0,0,0,0,0
Olfr1164,0,0,0,0,0,0,0,0,0,0,0,0,0
Olfr1140,0,0,0,0,0,0,0,0,0,0,0,0,0
Olfr1155,0,0,0,0,0,0,0,0,0,0,0,0,0
Olfr1163,0,0,0,0,0,0,0,0,0,0,0,0,0
Olfr1158,0,0,0,0,0,0,0,0,0,0,0,0,0
Olfr152,0,0,0,0,0,0,0,0,0,0,0,0,0
Olfr1154,0,0,0,0,0,0,0,0,0,0,0,0,0
Olfr1160,0,0,0,0,0,0,0,0,0,0,0,0,0
Olfr1166,0,0,0,0,0,0,0,0,0,0,0,0,0
Olfr418-ps1,0,0,0,0,0,0,0,0,0,0,0,0,0
Olfr435,0,0,0,0,0,0,0,0,0,0,0,0,0
Olfr237-ps1,0,0,0,0,0,0,0,0,0,0,0,0,0
Olfr441,0,0,0,0,0,0,0,0,0,0,0,0,0
Olfr444,0,0,0,0,0,0,0,0,0,0,0,0,0
Olfr1131,0,0,0,0,0,0,0,0,0,0,0,0,0
Olfr1136,0,0,0,0,0,0,0,0,0,0,0,0,0
Olfr1135,0,0,0,0,0,0,0,0,0,0,0,0,0
Olfr1112,0,0,0,0,0,0,0,0,0,0,0,0,0
Olfr365,0,0,0,0,0,0,0,0,0,0,0,0,0
Olfr733,0,0,0,0,0,0,0,0,0,0,0,0,0
Olfr734,0,0,0,0,0,0,0,0,0,0,0,0,0
Olfr732,0,0,0,0,0,0,0,0,0,0,0,0,0
Olfr736,0,0,0,0,0,0,0,0,0,0,0,0,0
Olfr740,0,0,0,0,0,0,0,0,0,0,0,0,0
Olfr739,0,0,0,0,0,0,0,0,0,0,0,0,0
Olfr815,0,0,0,0,0,0,0,0,0,0,0,0,0
Olfr822,0,0,0,0,0,0,0,0,0,0,0,0,0
Olfr816,0,0,0,0,0,0,0,0,0,0,0,0,0
Olfr823,0,0,0,0,0,0,0,0,0,0,0,0,0
Olfr824,0,0,0,0,0,0,0,0,0,0,0,0,0
Olfr820,0,0,0,0,0,0,0,0,0,0,0,0,0
Olfr826,0,0,0,0,0,0,0,0,0,0,0,0,0
Olfr825,0,0,0,0,0,0,0,0,0,0,0,0,0
Olfr1428,0,0,0,0,0,0,0,0,0,0,0,0,0
Olfr1427,0,0,0,0,0,0,0,0,0,0,0,0,0
Olfr1423,0,0,0,0,0,0,0,0,0,0,1,0,0
Olfr1424,0,0,0,0,0,0,0,0,0,0,0,0,0
Olfr1441,0,0,0,0,0,0,0,0,0,0,0,0,0
Olfr1440,0,0,0,0,0,0,0,0,0,0,0,0,0
Olfr1433,0,0,0,0,0,0,0,0,0,0,0,0,0
Olfr235,0,0,0,0,0,0,0,0,0,0,0,0,0
Olfr1436,0,0,0,0,0,0,0,0,0,0,0,0,0
Olfr262,0,0,0,0,0,0,0,0,0,0,0,0,0
Olfr1459,0,0,0,0,0,0,0,0,0,0,0,0,0
Olfr1472,0,0,0,0,0,0,0,0,0,0,0,0,0
Olfr1467,0,0,0,0,0,0,0,0,0,0,0,0,0
Olfr1454,0,0,0,0,0,0,0,0,0,0,0,0,0
Olfr1462,0,0,0,0,0,0,0,0,0,0,0,0,0
Olfr1466,0,0,0,0,0,0,0,0,0,0,0,0,0
Olfr1469,0,0,0,0,0,0,0,0,0,0,0,0,0
Olfr1477,0,0,0,0,0,0,0,0,0,0,0,0,0
Olfr1442,0,0,0,0,0,0,0,0,0,0,0,0,0
Olfr1443,0,0,0,0,0,0,0,0,0,0,0,0,0
Olfr1445,0,0,0,0,0,0,0,0,0,0,0,0,0
Olfr1453,0,0,0,0,0,0,0,0,0,0,0,0,0
Olfr1448,0,0,0,0,0,0,0,0,0,0,0,0,0
Olfr1444,0,0,0,0,0,1,0,0,0,0,0,0,0
Olfr1447,0,0,0,0,0,0,0,0,0,0,0,0,0
Olfr1446,0,0,0,0,0,0,0,0,0,0,0,0,0
Olfr1451,0,0,0,0,0,0,0,0,0,0,0,0,0
Olfr401,0,0,0,0,0,0,0,0,0,0,0,0,0
Olfr410,0,0,0,0,0,0,0,0,0,0,0,0,0
Olfr402,0,0,0,0,0,0,0,0,0,0,0,0,0
Olfr411,0,0,1,0,0,0,0,0,0,0,0,0,0
Olfr398,0,0,0,0,0,0,0,0,0,0,0,0,0
Olfr1342,0,0,1,1,0,0,0,2,0,0,2,0,0
Olfr248,0,0,0,0,0,0,0,0,0,0,0,0,0
Olfr419,0,0,0,0,0,0,0,0,0,0,0,0,0
Olfr432,0,0,0,0,0,0,0,0,0,0,0,0,0
Olfr433,0,0,1,0,0,0,0,0,0,0,0,0,0
Olfr430,0,0,0,0,0,0,0,0,0,0,0,0,0
Olfr421,0,0,0,0,0,0,0,0,0,0,0,0,0
Olfr424,0,0,0,0,0,0,0,0,0,0,0,0,0
Olfr429,0,0,0,0,0,0,0,0,0,0,0,0,0
Olfr513,0,0,0,0,0,0,0,0,0,0,0,0,0
Olfr512,0,0,0,0,0,0,0,0,0,0,0,0,0
Olfr516,0,0,0,0,0,0,0,0,0,0,0,0,0
Olfr514,0,0,0,0,0,0,0,0,0,0,0,0,0
Olfr611,0,0,0,0,0,0,0,0,0,0,0,0,0
Olfr781,0,0,0,0,0,0,0,0,0,0,0,0,0
Olfr784,0,0,0,0,0,0,0,0,0,0,0,0,0
Olfr1095,0,0,0,0,0,0,0,0,0,0,0,0,0
Olfr599,0,0,0,0,0,0,0,0,0,0,0,0,0
Olfr488,0,0,0,0,0,0,0,0,0,0,0,0,0
Olfr482,0,0,0,0,0,0,0,0,0,0,0,0,0
Olfr478,0,0,0,0,0,0,0,0,0,0,0,0,0
Olfr483,0,0,0,0,0,0,0,0,0,0,0,0,0
Olfr491,0,0,0,0,0,0,0,0,0,0,0,0,0
Olfr494,0,0,0,0,0,0,0,0,0,0,0,0,0
Olfr497,0,0,0,0,0,0,0,0,0,0,0,0,0
Olfr502,0,0,0,0,0,0,0,0,0,0,0,0,0
Olfr1497,0,0,0,0,0,0,0,0,0,0,0,0,0
Olfr1316,0,0,0,0,0,0,0,0,0,0,0,0,0
Olfr507,0,0,0,0,0,0,0,0,0,0,0,0,0
Olfr1362,0,0,0,0,0,0,0,0,0,0,0,0,0
Olfr957,0,0,0,0,0,0,0,0,0,0,0,0,0
Olfr935,0,0,0,0,0,0,0,0,0,0,0,0,0
Olfr661,0,0,0,0,0,0,0,0,0,0,0,0,0
Olfr875,0,0,0,0,0,0,0,0,0,0,0,0,0
Olfr689,0,0,0,0,0,0,0,0,0,0,0,0,0
Olfr648,0,0,0,0,0,0,0,0,0,0,0,0,0
Olfr1106,0,0,0,0,0,0,0,0,0,0,0,0,0
Olfr1195,0,0,0,0,0,0,0,0,0,0,0,0,0
Olfr556,0,0,0,0,0,0,0,0,0,0,0,0,0
Olfr551,0,0,0,0,0,0,0,0,0,0,0,0,0
Olfr608,0,0,0,0,0,0,0,0,0,0,0,0,0
Olfr583,0,0,0,0,0,0,0,0,0,0,0,0,0
Olfr678,0,0,0,0,0,0,0,0,0,0,0,0,0
Olfr214,0,0,0,0,0,0,0,0,0,0,0,0,0
Olfr672,0,0,0,0,0,0,0,0,0,0,0,0,0
Olfr414,0,0,0,0,0,0,0,0,0,0,0,0,0
Olfr1013,0,0,0,0,0,0,0,0,0,0,0,0,0
Olfr1406,0,0,0,0,0,0,0,0,0,0,0,0,0
Olfr1408,0,0,0,0,0,0,0,0,0,0,0,0,0
Olfr1109,0,0,0,0,0,0,0,0,0,0,0,0,0
Olfr1104,0,0,0,0,0,0,0,0,0,0,0,0,0
Olfr1099,0,0,0,0,0,0,0,0,0,0,0,0,0
Olfr1110,0,0,0,0,0,0,0,0,0,0,0,0,0
Olfr259,0,0,0,0,0,0,0,0,0,0,0,0,0
Olfr1176,0,0,0,0,0,0,0,0,0,0,0,0,0
Olfr1189,0,0,0,0,0,0,0,0,0,0,0,0,0
Olfr508,0,0,0,0,0,0,0,0,0,0,0,0,0
Olfr472,0,0,0,0,0,0,0,0,0,0,0,0,0
Olfr473,0,0,0,0,0,0,0,0,0,0,0,0,0
Olfr821,0,0,0,0,0,0,0,0,0,0,0,0,0
Olfr818,0,0,0,0,0,0,0,0,0,0,0,0,0
Olfr1208,0,0,0,0,0,0,0,0,0,0,0,0,0
Olfr196,0,0,0,0,0,0,0,0,0,0,0,0,0
Olfr715,0,0,0,0,0,0,0,0,0,0,0,0,0
Olfr922,0,0,0,0,0,0,0,0,0,0,0,0,0
Olfr921,3,0,0,0,0,0,0,0,0,0,0,0,0
Olfr916,0,0,0,0,0,0,0,0,0,0,0,0,0
Olfr915,0,0,0,0,0,0,0,0,0,0,0,0,0
Olfr914,0,0,0,0,0,0,0,0,0,0,0,0,0
Olfr920,0,5,0,0,5,3,0,1,1,0,0,0,0
Olfr1245,0,0,0,0,0,0,0,0,0,0,0,0,0
Olfr1230,0,0,0,0,0,0,0,0,0,0,0,0,0
Olfr1238,0,0,0,0,0,0,0,0,0,0,0,0,0
Olfr1248,0,0,0,0,0,0,0,0,0,0,0,0,0
Olfr1246,0,0,0,0,0,0,0,0,0,0,0,0,0
Olfr1271,0,0,0,0,0,0,0,0,0,0,0,0,0
Olfr1263,0,0,0,0,0,0,0,0,0,0,0,0,0
Olfr812,0,0,0,0,0,0,0,0,0,0,0,0,0
Olfr1499,0,0,0,0,0,0,0,0,0,0,0,0,0
Olfr1502,0,0,0,0,0,0,0,0,0,0,0,0,0
Olfr878,0,0,0,0,0,0,0,0,0,0,0,0,0
Olfr904,0,0,0,0,0,0,0,0,0,0,0,0,0
Olfr902,0,0,0,0,0,0,0,0,0,0,0,0,0
Olfr906,0,0,0,0,0,0,0,0,0,0,0,0,0
Olfr905,0,0,0,0,0,0,0,0,0,0,0,0,0
Olfr907,0,0,0,0,0,0,0,0,0,0,0,0,0
Olfr1240,0,0,0,0,0,0,0,0,0,0,0,0,0
Olfr1426,0,0,0,0,0,0,0,0,0,0,0,0,0
Olfr912,0,0,0,0,0,0,0,0,0,0,0,0,0
Olfr910,0,0,0,0,0,0,0,0,0,0,0,0,0
Olfr620,0,0,0,0,0,0,0,0,0,0,0,0,0
Olfr651,0,0,0,0,0,0,0,0,0,0,0,0,0
Olfr665,0,0,0,0,0,0,0,0,0,0,0,0,0
Olfr926,0,0,0,0,0,0,0,0,0,0,0,0,0
Olfr923,0,0,0,0,0,0,0,0,0,0,0,0,0
Olfr1156,0,0,0,0,0,0,0,0,0,0,0,0,0
Olfr1218,0,0,0,0,0,0,0,0,0,0,0,0,0
Olfr466,0,0,0,0,0,0,0,0,0,0,0,0,0
Olfr655,0,0,0,0,0,0,0,0,0,0,0,0,0
Olfr629,0,0,0,0,0,0,0,0,0,0,0,0,0
Olfr640,0,0,0,0,0,0,0,0,0,0,0,0,0
Olfr1184,0,0,0,0,0,0,0,0,0,0,0,0,0
Olfr273,0,0,0,0,0,0,0,0,0,0,0,0,0
Olfr969,0,0,0,0,0,0,0,0,0,0,0,0,0
Olfr983,0,0,0,0,0,0,0,0,0,0,0,0,0
Olfr975,0,0,0,0,0,0,0,0,0,0,0,0,0
Olfr1132,0,0,0,0,0,0,0,0,0,0,0,0,0
Olfr1126,0,0,0,0,0,0,0,0,0,0,0,0,0
Olfr1130,0,0,0,0,0,0,0,0,0,0,0,0,0
Olfr272,0,0,0,0,0,0,0,0,0,0,0,0,0
Olfr545,0,0,0,0,0,0,0,0,0,0,0,0,0
Olfr617,0,0,0,0,0,0,0,0,0,0,0,0,0
Olfr1097,0,0,0,0,0,0,0,0,0,0,0,0,0
Olfr1107,0,0,0,0,0,0,0,0,0,0,0,0,0
Olfr1098,0,0,0,0,0,0,0,0,0,0,0,0,0
Olfr1087,0,0,0,0,0,0,0,0,0,0,0,0,0
Olfr1090,0,0,0,0,0,0,0,0,0,0,0,0,0
Olfr1161,0,0,0,0,0,0,0,0,0,0,0,0,0
Olfr1157,0,0,0,0,0,0,0,0,0,0,0,0,0
Olfr295,0,0,0,0,0,0,0,0,0,0,0,0,0
Olfr1339,0,0,0,0,0,0,0,0,0,0,0,0,0
Olfr1341,0,0,0,0,0,0,0,0,0,0,0,0,0
Olfr982,0,0,0,0,0,0,0,0,0,0,0,0,0
Olfr985,0,0,0,0,0,0,0,0,0,0,0,0,0
Olfr275,0,0,0,0,0,0,0,0,0,0,0,0,0
Olfr371,0,0,0,0,0,0,0,0,0,0,0,0,0
Olfr161,0,0,0,0,0,0,0,0,0,0,0,0,0
Olfr763,0,0,0,0,0,0,0,0,0,0,0,0,0
Olfr770,0,0,0,0,0,0,0,0,0,0,0,0,0
Olfr768,0,0,0,0,0,0,0,0,0,0,0,0,0
Olfr992,0,0,0,0,0,0,0,0,0,0,0,0,0
Olfr1008,0,0,0,0,0,0,0,0,0,0,0,0,0
Olfr894,0,0,0,0,0,0,0,0,0,0,0,0,0
Olfr898,0,0,0,0,0,0,0,0,0,0,0,0,0
Olfr908,0,0,0,0,0,0,0,0,0,0,0,0,0
Olfr911-ps1,0,0,0,0,0,0,0,0,0,0,0,0,0
Olfr900,0,0,0,0,0,0,0,0,0,0,0,0,0
Olfr895,0,0,0,0,0,0,0,0,0,0,0,0,0
Olfr1395,0,0,0,0,0,0,0,0,0,0,0,0,0
Olfr330,0,0,0,0,0,0,0,0,0,0,0,0,0
Olfr1404,0,0,0,0,0,0,0,0,0,0,0,0,0
Olfr874,0,0,0,0,0,0,0,0,0,0,0,0,0
Olfr876,0,0,0,0,0,0,0,0,0,0,0,0,0
Olfr1299,0,0,0,0,0,0,0,0,0,0,0,0,0
Olfr1294,0,0,0,0,0,0,0,0,0,0,0,0,0
Olfr1298,0,0,0,0,0,0,0,0,0,0,0,0,0
Olfr1301,0,0,0,0,0,0,0,0,0,0,0,0,0
Olfr1297,0,0,0,0,0,0,0,0,0,0,0,0,0
Olfr1302,0,0,0,0,0,0,0,0,0,0,0,0,0
Olfr1225,0,0,0,0,0,0,0,0,0,0,0,0,0
Olfr1223,0,0,0,0,0,0,0,0,0,0,0,0,0
Olfr1216,0,0,0,0,0,0,0,0,0,0,0,0,0
Olfr1201,0,0,0,0,0,0,0,0,0,0,0,0,0
Olfr1205,0,0,0,0,0,0,0,0,0,0,0,0,0
Olfr1214,0,0,0,0,0,0,0,0,0,0,0,0,0
Olfr1213,0,0,0,0,0,0,0,0,0,0,0,0,0
Olfr1219,0,0,0,0,0,0,0,0,0,0,0,0,0
Olfr1220,0,0,0,0,0,0,0,0,0,0,0,0,0
Olfr1217,0,0,0,0,0,0,0,0,0,0,0,0,0
Olfr1221,0,0,0,0,0,0,0,0,0,0,0,0,0
Olfr871,0,0,0,0,0,0,0,0,0,0,0,0,0
Olfr870,0,0,0,0,0,0,0,0,0,0,0,0,0
Olfr851,0,0,0,0,0,0,0,0,0,0,0,0,0
Olfr853,0,0,0,0,0,0,0,0,0,0,0,0,0
Olfr1282,0,0,0,0,0,0,0,0,0,0,0,0,0
Olfr1280,0,0,0,0,0,0,0,0,0,0,0,0,0
Olfr1378,0,0,0,0,0,0,0,0,0,0,0,0,0
Olfr1377,0,0,0,0,0,0,0,0,0,0,0,0,0
Olfr211,0,0,0,0,0,0,0,0,0,0,0,0,0
Olfr1348,0,0,0,0,0,0,0,0,0,0,0,0,0
Olfr1336,0,0,0,0,0,0,0,0,0,0,0,0,0
Olfr1346,0,0,0,0,0,0,0,0,0,0,0,0,0
Olfr1179,0,0,0,0,0,0,0,0,0,0,0,0,0
Olfr1180,0,0,0,0,0,0,0,0,0,0,0,0,0
Olfr1188,0,0,0,0,0,0,0,0,0,0,0,0,0
Olfr267,0,0,0,0,0,1,0,0,0,0,0,0,0
Olfr476,0,0,0,0,0,0,0,0,0,0,0,0,0
Olfr481,0,0,0,0,0,0,0,0,0,0,0,0,0
Olfr477,0,0,0,0,0,0,0,0,0,0,0,0,0
Olfr799,0,0,0,0,0,0,0,0,0,0,0,0,0
Olfr808,0,0,0,0,0,0,0,0,0,0,0,0,0
Olfr807,0,0,0,0,0,0,0,0,0,0,0,0,0
Olfr791,0,0,0,0,0,0,0,0,0,0,0,0,0
Olfr796,0,0,0,0,0,0,0,0,0,0,0,0,0
Olfr802,0,0,0,0,0,0,0,0,0,0,0,0,0
Olfr790,0,0,0,0,0,0,0,0,0,0,0,0,0
Olfr167,0,0,0,0,0,0,0,0,0,0,0,0,0
Olfr1417,0,0,0,0,0,0,0,0,0,0,0,0,0
Olfr346,0,0,0,0,0,0,0,0,0,0,0,0,0
Olfr354,0,0,0,0,0,0,0,0,0,0,0,0,0
Olfr352,0,0,0,0,0,0,0,0,0,0,0,0,0
Olfr353,0,0,0,0,0,0,0,0,0,0,0,0,0
Olfr351,0,0,0,0,0,0,0,0,0,0,0,0,0
Olfr347,0,0,0,0,0,0,0,0,0,0,0,0,0
Olfr348,0,0,0,0,0,0,0,0,0,0,0,0,0
Olfr345,0,0,0,0,0,0,0,0,0,0,0,0,0
Olfr338,0,0,0,0,0,0,0,0,0,0,0,0,0
Olfr342,0,0,0,0,0,0,0,0,0,0,0,0,0
Olfr339,0,0,0,0,0,0,0,0,0,0,0,0,0
Olfr341,0,0,0,0,0,0,0,0,0,0,0,0,0
Olfr340,0,0,0,0,0,0,0,0,0,0,0,0,0
Olfr522,0,0,0,0,0,0,0,0,0,0,0,0,0
Olfr531,0,0,0,0,0,0,0,0,0,0,0,0,0
Olfr535,0,0,0,0,0,0,0,0,0,0,0,0,0
Olfr525,0,0,0,0,0,0,0,0,0,0,0,0,0
Olfr170,0,0,0,0,0,0,0,0,0,0,0,0,0
Olfr171,0,0,0,0,0,0,0,0,0,0,0,0,0
Olfr631,0,0,0,0,0,0,0,0,0,0,0,0,0
Olfr539,0,0,0,0,0,0,0,0,0,0,0,0,0
Olfr541,0,0,0,0,0,0,0,0,0,0,0,0,0
Olfr1250,0,0,0,0,0,0,0,0,0,0,0,0,0
Olfr1247,0,0,0,0,0,0,0,0,0,0,0,0,0
Olfr1226,0,0,0,0,0,0,0,0,0,0,0,0,0
Olfr1242,0,0,0,0,0,0,0,0,0,0,0,0,0
Olfr1243,0,0,0,0,0,0,0,0,0,0,0,0,0
Olfr1239,0,0,0,0,0,0,0,0,0,0,0,0,0
Olfr1228,0,0,0,0,0,0,0,0,0,0,0,0,0
Olfr1233,0,0,0,0,0,0,0,0,0,0,0,0,0
Olfr1234,0,0,0,0,0,0,0,0,0,0,0,0,0
Olfr1262,0,0,0,0,0,0,0,0,0,0,0,0,0
Olfr1273-ps,0,0,0,0,0,0,0,0,0,0,0,0,0
Olfr1255,0,0,0,0,0,0,0,0,0,0,0,0,0
Olfr1258,0,0,0,0,0,0,0,0,0,0,0,0,0
Olfr1272,0,0,0,0,0,0,0,0,0,0,0,0,0
Olfr1260,0,0,0,0,0,0,0,0,0,0,0,0,0
Olfr1257,0,0,0,0,0,0,0,0,0,0,0,0,0
Olfr1256,0,0,0,0,0,0,0,0,0,0,0,0,0
Olfr1270,0,0,0,0,0,0,0,0,0,0,0,0,0
Olfr457,0,0,0,0,0,2,0,2,0,0,0,0,0
Olfr447,0,0,0,0,0,0,0,0,0,0,0,0,0
Olfr1496,0,0,0,0,0,0,0,0,0,0,0,0,0
Olfr1494,0,0,0,0,0,0,0,0,0,0,0,0,0
Olfr206,0,0,0,0,0,0,0,0,0,0,0,0,0
Olfr204,0,0,0,0,0,0,0,0,0,0,0,0,0
Olfr176,0,0,0,0,0,0,0,0,0,0,0,0,0
Olfr201,0,0,0,0,0,0,0,0,0,0,0,0,0
Olfr202,0,0,0,0,0,0,0,0,0,0,0,0,0
Olfr177,0,0,0,0,0,0,0,0,0,0,0,0,0
Olfr178,0,0,0,0,0,0,0,0,0,0,0,0,0
Olfr195,0,0,0,0,0,0,0,0,0,0,0,0,0
Olfr181,0,0,0,0,0,0,0,0,0,0,0,0,0
Olfr173,0,0,0,0,0,0,0,0,0,0,0,0,0
Olfr172,0,0,0,0,0,0,0,0,0,0,0,0,0
Olfr175-ps1,0,0,0,0,0,0,0,0,0,2,0,0,0
Olfr399,0,0,0,0,0,0,0,0,0,0,0,0,0
Olfr395,0,0,0,0,0,0,0,0,0,0,0,0,0
Olfr392,0,0,0,0,0,0,0,0,0,0,0,0,0
Olfr394,0,0,0,0,0,0,0,0,0,0,0,0,0
Olfr393,0,0,0,0,0,0,0,0,0,0,0,0,0
Olfr389,0,0,0,0,0,0,0,0,0,0,0,0,0
Olfr1052,0,0,0,0,0,0,0,0,0,0,0,0,0
Olfr1044,0,0,0,0,0,0,0,0,0,0,0,0,0
Olfr1047,0,0,0,0,0,0,0,0,0,0,0,0,0
Olfr1038-ps,0,0,0,0,0,0,0,0,0,0,0,0,0
Olfr1048,0,0,0,0,0,0,0,0,0,0,0,0,0
Olfr1019,0,0,0,0,0,0,0,0,0,0,0,0,0
Olfr1049,0,0,0,0,0,0,0,0,0,0,0,0,0
Olfr1045,0,0,0,0,0,0,0,0,0,0,0,0,0
Olfr1056,0,0,0,0,0,0,0,0,0,0,0,0,0
Olfr1054,0,0,0,0,0,0,0,0,0,0,0,0,0
Olfr1055,0,0,0,0,0,0,0,0,0,0,0,0,0
Olfr381,0,0,0,0,0,0,0,0,0,0,0,0,0
Olfr385,0,0,0,0,0,0,0,0,0,0,0,0,0
Olfr378,0,0,0,0,0,0,0,0,0,0,0,0,0
Olfr380,0,0,0,0,0,0,0,0,0,0,0,0,0
Olfr532,0,0,0,0,0,0,0,0,0,0,0,0,0
Olfr1124,0,0,0,0,0,0,0,0,0,0,0,0,0
Olfr1120,0,0,0,0,0,0,0,0,0,0,0,0,0
Olfr1134,0,0,0,0,0,0,0,0,0,0,0,0,0
Olfr1122,0,0,0,0,0,0,0,0,0,0,0,0,0
Olfr705,0,0,0,0,0,0,0,0,0,0,0,0,0
Olfr714,0,0,0,0,0,0,0,0,0,0,0,0,0
Olfr713,0,0,0,0,0,0,0,0,0,0,0,0,0
Olfr711,0,0,0,0,0,0,0,0,0,0,0,0,0
Olfr283,0,0,0,0,0,0,0,0,0,0,0,0,0
Olfr1413,0,0,0,0,0,0,0,0,0,0,0,0,0
Olfr1416,0,0,0,0,0,0,0,0,0,0,0,0,0
Olfr1414,0,0,0,0,0,0,0,0,0,0,0,0,0
Olfr1351,0,0,0,0,0,0,0,0,0,0,0,0,0
Olfr1353,0,0,0,0,0,0,0,0,0,0,0,0,0
Olfr669,0,0,0,0,0,0,0,0,0,0,0,0,0
Olfr679,0,0,0,0,0,0,0,0,0,0,0,0,0
Olfr683,0,0,0,0,0,0,0,0,0,0,0,0,0
Olfr600,0,0,0,0,0,0,0,0,0,0,0,0,0
Olfr618,0,0,0,0,0,0,0,0,0,0,0,0,0
Olfr652,0,0,0,0,0,0,0,0,0,0,0,0,0
Olfr658,0,0,0,0,0,0,0,0,0,0,0,0,0
Olfr659,0,0,0,0,0,0,0,0,0,0,0,0,0
Olfr362,0,0,0,0,0,0,0,0,0,0,0,0,0
Olfr589,0,0,0,0,0,0,0,0,0,0,0,0,0
Olfr582,0,0,0,0,0,0,0,0,0,0,0,0,0
Olfr584,0,0,0,0,0,0,0,0,0,0,0,0,0
Olfr649,0,0,0,0,0,0,0,0,0,0,0,0,0
Olfr646,0,0,0,0,0,0,0,0,0,0,0,0,0
Olfr668,0,0,0,0,0,0,0,0,0,0,0,0,0
Olfr667,0,0,0,0,0,0,0,0,0,0,0,0,0
Olfr691,0,0,0,0,0,0,0,0,0,0,0,0,0
Olfr520,0,0,0,1,0,2,0,0,0,0,0,0,0
Olfr449,0,0,0,0,0,0,0,0,0,0,0,0,0
Olfr1390,0,0,0,0,0,0,0,0,0,0,0,0,0
Olfr1389,0,0,0,0,0,0,0,0,0,0,0,0,0
Olfr829,0,0,0,0,0,0,0,0,0,0,0,0,0
Olfr166,0,0,0,0,0,0,0,0,0,0,0,0,0
Olfr686,0,0,0,0,0,0,0,0,0,0,0,0,0
Olfr603,0,0,0,0,0,0,0,0,0,0,0,0,0
Olfr1352,0,0,0,0,0,0,0,0,0,0,0,0,0
Olfr641,0,0,0,0,0,0,0,0,0,0,0,0,0
Olfr653,0,0,0,0,0,0,0,0,0,0,0,0,0
Olfr656,0,0,0,0,0,0,0,0,0,0,0,0,0
Olfr619,0,0,0,0,0,0,0,0,0,0,0,0,0
Olfr643,0,0,0,0,0,0,0,0,0,0,0,0,0
Olfr1062,0,0,0,0,0,0,0,0,0,0,0,0,0
Olfr547,0,0,0,0,0,0,0,0,0,0,0,0,0
Olfr615,0,0,0,0,0,0,0,0,0,0,0,0,0
Olfr610,0,0,0,0,0,0,0,0,0,0,0,0,0
Olfr609,0,0,0,0,0,0,0,0,0,0,0,0,0
Olfr622,0,0,0,0,0,0,0,0,0,0,0,0,0
Olfr639,0,0,0,0,0,0,0,0,0,0,0,0,0
Olfr571,0,0,0,0,0,0,0,0,0,0,0,0,0
Olfr585,0,0,0,0,0,0,0,0,0,0,0,0,0
Olfr569,0,0,0,0,0,0,0,0,0,0,0,0,0
Olfr572,0,0,0,0,0,0,0,0,0,0,0,0,0
Olfr568,0,0,0,0,0,0,0,0,0,0,0,0,0
Olfr561,0,0,0,0,0,0,0,0,0,0,0,0,0
Olfr558,5,7,4,5,16,10,0,4,4,6,17,10,11
Olfr606,0,0,0,0,0,0,0,0,0,0,0,0,0
Olfr676,0,0,0,0,0,0,0,0,0,0,0,0,0
Olfr666,0,0,0,0,0,0,0,0,0,0,0,0,0
Olfr628,0,0,0,0,0,0,0,0,0,0,0,0,0
Olfr630,0,0,0,0,0,0,0,0,0,0,0,0,0
Olfr616,0,0,0,0,0,0,0,0,0,0,0,0,0
Olfr613,0,0,0,0,0,0,0,0,0,0,0,0,0
Olfr549,0,0,0,0,0,0,0,0,0,0,0,0,0
Olfr552,0,0,0,0,0,0,0,0,0,0,0,0,0
Olfr555,0,0,0,0,0,0,0,0,0,0,0,0,0
Olfr550,0,0,0,0,0,0,0,0,0,0,0,0,0
Olfr978,0,0,0,0,0,0,0,0,0,0,0,0,0
Olfr980,0,0,0,0,0,0,0,0,0,0,0,0,0
Olfr974,0,0,0,0,0,0,0,0,0,0,0,0,0
Olfr979,0,0,0,0,0,0,0,0,0,0,0,0,0
Olfr577,0,0,0,0,0,0,0,0,0,0,0,0,0
Olfr570,7,22,7,3,9,18,2,10,4,0,7,10,16
Olfr586,0,0,0,0,0,0,0,0,0,0,0,0,0
Olfr559,0,0,0,0,0,0,0,0,0,0,0,0,0
Olfr560,0,0,0,0,0,1,0,0,0,0,0,0,0
Olfr575,0,1,0,0,0,0,0,0,0,0,0,0,0
Olfr578,0,0,0,0,0,0,0,0,0,0,0,0,0
Olfr635,0,0,0,0,0,0,0,0,0,0,0,0,0
Olfr632,0,0,0,0,0,0,0,0,0,0,0,0,0
Olfr638,0,0,0,0,0,0,0,0,0,0,0,0,0
Olfr644,0,0,0,0,0,0,0,0,0,0,0,0,0
Olfr623,0,0,0,0,0,0,0,0,0,0,0,0,0
Vps39,106,74,86,125,90,337,98,307,103,117,108,105,78
Tagap1,17,8,20,8,26,47,12,43,6,13,13,13,11
Homer1,30,19,11,29,27,102,14,65,11,18,20,22,15
Nrbp1,127,65,93,188,189,345,119,299,107,129,147,114,97
Abca6,4,0,2,0,4,8,0,6,3,0,0,3,1
Abca5,41,78,34,88,68,135,36,125,12,1,71,35,48
Abca9,1385,480,583,795,926,2748,873,2541,1058,1211,998,836,548
Glis1,0,0,2,0,0,0,0,0,0,0,0,0,0
Rdh19,0,0,0,0,0,0,0,0,0,0,0,0,0
Vwa1,8,3,34,30,40,45,11,58,11,7,43,22,17
Commd3,72,40,40,54,60,163,51,157,37,43,52,36,76
Sftpb,0,0,0,0,0,1,0,0,0,0,0,0,0
Myo3a,0,0,0,0,0,0,0,0,0,0,0,0,0
Slu7,66,101,39,83,86,218,56,193,60,73,72,52,67
Zfp263,74,54,47,60,58,154,34,117,46,35,33,40,23
Zfand3,77,23,87,101,108,205,86,216,67,64,86,64,19
Plekha4,2,0,6,0,0,4,3,2,1,0,0,4,0
Gtf3c5,24,12,13,23,26,84,27,61,16,7,28,25,3
Slc9a8,56,15,60,54,76,156,49,119,56,36,35,69,12
Rbm5,286,125,167,243,246,833,232,673,222,235,238,238,127
Pom121,111,29,87,99,90,257,98,189,60,69,50,87,17
Slco4a1,81,25,77,35,78,85,48,66,33,39,23,39,26
Gm16517,1,3,15,4,5,7,5,6,2,7,2,0,4
Foxn4,0,0,0,0,0,0,0,0,0,0,0,0,0
Slc1a3,389,155,263,336,321,423,138,360,157,207,142,182,84
Ly6g5b,0,0,0,1,2,1,0,0,0,0,0,0,0
Prss44,0,0,0,0,0,0,0,0,0,0,0,0,0
Serpinb6c,0,0,0,0,0,0,0,0,0,0,0,0,1
Usp9y,0,0,0,0,0,0,0,0,0,0,0,0,0
Chrnb4,2,3,5,11,4,5,3,5,3,0,3,2,0
Rps6ka3,122,77,59,98,153,220,40,184,65,63,84,91,62
Slc8a2,0,0,0,2,2,2,4,4,0,1,0,2,0
Ly6g5c,0,0,0,0,0,0,0,0,0,0,0,0,0
Dicer1,132,55,78,90,98,360,100,249,102,90,102,110,26
Tdpoz1,0,0,0,0,0,0,0,0,0,0,0,0,0
Gipc3,0,0,0,0,1,3,0,0,1,0,1,0,0
E2f4,34,13,50,47,56,114,47,98,46,41,20,37,8
Asb16,0,0,0,0,0,0,0,0,0,0,0,0,0
Osbpl10,1,0,0,0,1,5,0,2,0,0,0,1,0
Stx3,3,10,7,15,13,31,6,43,6,3,15,12,5
Nr2e1,0,2,0,1,2,0,3,11,0,0,4,1,1
Tor2a,13,16,38,22,32,49,30,74,21,14,22,17,27
Arhgef6,184,94,149,225,196,751,202,551,211,215,192,191,120
Defb12,0,0,0,0,0,0,0,0,0,0,0,0,0
Hpse,1,0,0,3,0,2,0,6,1,0,3,0,2
Plk2,133,80,79,160,173,371,77,249,83,45,129,93,43
Ccdc137,17,16,14,19,20,60,14,66,7,19,23,15,15
Csnk1g3,47,18,45,44,41,125,35,104,20,34,43,36,14
Cdc5l,70,29,26,41,65,178,49,164,40,61,58,28,41
Ugt2b1,0,0,0,0,0,0,0,0,0,0,0,0,0
Otud6b,43,73,31,58,47,134,54,120,32,27,84,30,79
Plcd3,5,3,3,3,8,11,6,11,4,0,3,5,0
Zfp566,3,4,4,4,6,16,4,11,1,5,3,1,7
Ttc27,22,6,16,29,21,46,10,33,9,16,13,9,15
Osbp2,2,1,5,1,4,2,0,6,1,0,2,0,2
Las1l,37,37,22,40,42,146,29,89,24,17,36,45,34
Unc5cl,5,1,3,0,6,4,1,3,3,0,0,0,5
Rbm17,36,24,41,58,60,104,47,102,33,41,34,29,34
Usp45,50,40,14,37,58,182,52,148,55,44,71,60,25
Igj,0,2,0,2,4,1,1,0,0,0,0,0,1
Kdm5b,60,28,21,65,79,189,53,157,54,57,66,35,20
Dner,1,4,5,7,10,22,6,32,2,0,7,7,2
Egfl8,26,1,18,13,21,12,6,20,8,5,11,7,2
Kcnq3,0,0,0,0,0,0,0,0,0,0,1,0,0
Mmp21,0,1,0,0,0,0,0,0,0,0,0,0,0
Gzmn,0,0,0,0,0,0,0,0,0,0,0,0,0
Sf3b4,12,7,9,12,15,23,14,40,10,9,10,16,2
Slc18a1,3,3,7,1,2,8,0,6,0,0,4,1,6
Sec63,211,150,57,180,170,514,129,358,138,143,212,157,108
Sirt7,42,14,55,62,73,130,63,107,41,50,36,62,19
Nomo1,40,38,71,70,79,177,55,163,46,30,99,64,22
Mapre2,157,46,81,155,153,299,103,262,94,111,103,104,38
Spns2,58,19,31,61,63,144,45,115,31,41,48,61,9
Zfp472,23,13,14,16,26,60,19,33,21,23,23,18,13
Ndufs2,89,121,125,166,167,295,131,237,99,58,117,110,144
Ddx27,30,23,33,30,40,76,28,66,25,25,32,21,10
Mrgpra3,0,0,0,0,0,0,0,0,0,0,0,0,0
Ehd2,20,12,44,17,38,40,14,70,18,11,62,44,9
Leap2,1,0,0,1,0,0,0,1,0,0,0,1,0
Gprc6a,0,0,0,0,0,0,0,0,0,0,0,0,0
Hus1b,1,0,0,0,0,0,0,0,0,0,0,0,0
Lrrc25,25,4,46,51,57,109,40,72,21,40,24,27,17
Catsper2,1,1,0,3,8,8,1,4,3,0,5,5,2
Crygn,0,0,0,1,0,4,0,0,0,0,0,0,2
Il1f10,0,0,0,0,0,0,0,0,0,0,0,0,0
Ehbp1,48,59,17,30,41,94,33,104,22,13,46,26,17
Nmur2,0,0,0,0,0,0,0,0,0,0,0,0,0
Slc16a11,1,1,6,7,3,10,1,3,1,0,2,2,6
Dnajc27,19,15,5,27,26,63,7,48,11,7,23,18,10
Thtpa,12,14,13,21,17,44,10,35,19,17,23,13,10
Wac,168,111,122,176,193,485,124,391,135,166,150,129,78
Gjd4,0,0,0,0,0,0,0,0,0,0,0,0,0
Hrh4,0,0,0,0,0,1,0,0,0,0,0,0,0
Ctdsp1,61,35,61,71,99,181,88,157,57,55,75,68,25
Fcrl1,40,41,35,51,59,124,38,106,43,58,30,45,58
St7l,49,38,23,29,38,102,30,113,32,31,45,35,47
Nupl2,15,3,24,8,17,29,7,24,11,11,13,4,12
AF366264,0,0,0,0,0,0,0,0,0,0,0,0,0
Klrb1f,0,0,0,0,1,3,0,0,0,0,0,1,0
Mrgpra1,0,0,0,0,0,0,0,0,0,0,0,0,0
Trim60,1,0,0,0,0,0,0,0,0,0,0,0,0
Cd109,0,2,0,3,0,10,0,14,1,3,2,0,0
Prss42,0,0,0,0,0,0,0,0,0,0,0,0,0
Rtp3,0,2,0,0,0,5,0,1,2,0,2,1,0
Mrgpra2b,1,2,1,5,2,0,0,0,0,0,0,2,0
Zfp352,0,0,0,0,0,0,0,0,0,0,0,0,0
Kif1c,81,72,123,124,148,348,113,317,78,50,170,130,27
Phospho1,22,12,16,4,19,53,18,70,23,17,20,29,3
Cldn19,0,0,0,0,0,1,0,1,0,0,0,0,0
Padi6,0,0,0,0,0,0,0,0,0,0,0,0,0
Cpz,0,0,1,0,0,3,0,0,0,0,0,0,0
Defb8,0,0,0,0,0,0,0,0,0,0,0,0,0
Tgif2lx1,0,0,0,0,0,0,0,0,0,0,0,0,0
Fev,0,0,0,0,0,0,0,0,0,0,0,0,0
Cadm4,5,4,9,12,13,18,8,19,1,0,6,6,4
Otos,0,0,0,0,0,0,0,0,0,0,0,0,0
Spag11a,0,0,0,0,0,0,0,0,0,0,0,0,0
Gtpbp10,18,10,11,13,11,47,10,39,6,4,15,15,27
9530068E07Rik,233,191,213,219,193,503,181,453,151,142,215,143,119
Plekho2,174,98,242,442,397,906,230,591,122,270,111,190,43
Lysmd1,4,1,3,1,8,19,3,12,7,5,3,8,4
Oplah,13,20,32,28,46,65,33,84,17,14,26,25,8
Sec16a,190,72,146,165,197,629,180,514,189,145,191,219,33
Nat10,27,16,31,38,33,102,28,68,24,33,36,25,8
Mmrn2,33,22,57,29,91,62,23,63,32,12,60,69,18
Klhl12,11,10,12,27,22,64,15,30,19,16,20,13,16
Pacs1,87,22,52,74,66,258,75,183,71,65,69,77,0
Unc5a,2,1,3,0,1,1,2,4,2,1,2,3,0
Rdh9,0,0,0,0,0,1,0,0,0,0,0,0,0
Irgq,35,19,28,41,25,91,32,72,29,21,37,37,1
Unc5d,0,0,0,2,0,2,0,0,0,0,0,0,0
Nudt18,11,10,26,14,14,51,17,42,12,7,15,11,9
Traf3ip3,68,32,41,35,26,141,51,114,46,47,44,22,30
Wipf1,134,42,67,129,115,470,143,331,142,146,116,115,25
Slc36a1,164,45,113,138,150,374,117,371,151,153,116,163,12
Slc35e4,9,3,11,16,16,18,5,18,11,4,4,4,7
Kctd11,25,22,18,19,20,39,25,43,11,17,21,17,8
Ggnbp2,145,110,97,172,191,423,97,304,107,92,156,118,83
Abca8a,5,14,1,7,4,25,9,30,4,0,13,2,11
Acat3,35,38,35,49,83,104,41,83,26,32,51,34,49
2410015M20Rik,17,30,35,49,36,50,18,59,10,7,34,18,63
Svil,62,26,37,45,57,148,38,122,48,42,57,72,10
Tfap2d,0,0,0,0,0,0,0,0,0,0,0,0,0
C1ql3,1,2,0,1,2,5,1,9,0,0,2,0,2
Stoml3,0,0,3,0,0,15,0,2,0,1,0,0,1
Olfm3,0,0,0,0,0,0,0,0,0,0,0,0,0
Zc3h12a,70,14,145,207,241,292,86,173,65,72,38,120,11
Zcchc17,19,12,21,15,13,47,15,46,9,19,18,13,31
BC037034,153,32,173,122,153,403,211,389,177,137,110,185,26
Cadps2,4,2,1,9,0,16,0,5,7,3,3,0,2
Cpne5,0,0,0,0,0,0,0,0,1,0,0,0,0
Dcaf10,45,22,24,43,50,147,31,107,47,47,56,33,12
Lars2,233,171,213,108,122,172,135,224,118,133,49,82,89
Pnma3,0,0,0,1,0,1,0,0,0,0,0,0,0
Slc36a2,4,3,0,4,5,8,7,6,4,1,5,4,1
Rgs13,0,0,0,0,0,0,0,0,0,0,0,0,0
Prss45,0,0,0,0,0,0,0,0,0,0,0,0,0
Hist1h4h,0,0,0,0,0,0,0,1,0,0,0,0,0
Gimap6,74,29,85,127,176,322,73,161,69,63,61,78,52
Spg7,37,29,44,53,65,139,55,122,21,32,41,51,28
Eif2c4,33,19,22,35,14,126,33,111,39,35,43,43,22
Eif2c2,86,53,35,89,75,245,55,185,47,63,76,77,24
Hsd3b2,0,0,0,0,0,0,0,0,0,0,0,0,0
Zfp740,192,55,113,155,176,397,112,400,133,121,117,114,77
Fbxo7,32,20,41,54,30,102,34,84,37,19,33,37,33
Rbks,2,4,8,12,10,20,6,13,4,1,5,9,7
Hbp1,181,158,128,250,195,523,145,420,174,139,183,152,176
Csrnp1,242,91,402,349,623,523,180,395,99,154,101,249,46
Clrn1,0,0,0,0,0,0,0,0,0,0,0,0,0
Tubgcp4,26,21,20,24,34,115,21,85,34,17,40,28,19
Lrfn4,0,0,1,1,1,4,0,3,1,0,2,1,0
Atp10d,54,76,49,56,81,165,55,117,36,34,52,78,16
Pxt1,0,0,0,0,0,0,0,0,0,0,0,0,0
Wdr19,16,28,11,20,23,71,18,45,15,3,22,23,7
Col23a1,3,1,3,16,7,14,5,10,1,2,2,2,0
Gpr156,0,0,0,0,0,1,0,0,0,0,0,0,0
Mical3,18,10,5,12,25,70,13,62,13,9,14,15,3
Adam32,0,2,0,0,0,0,0,1,0,0,0,0,0
Zbtb24,14,17,17,17,19,80,29,69,24,26,23,21,28
Eif2c3,85,57,23,67,58,283,29,149,55,55,70,62,23
Eif2c1,193,75,130,166,162,546,147,481,158,161,195,156,58
Rbm45,15,16,17,15,26,49,14,32,9,19,17,23,14
Csrnp2,12,4,6,13,6,49,10,28,11,10,7,19,0
Neurl3,220,91,210,374,400,1036,243,610,194,240,155,281,93
Csrnp3,0,0,0,3,1,11,1,3,0,0,1,0,0
Phldb2,47,63,33,33,68,65,28,76,18,14,58,32,30
Dock3,3,9,1,4,6,10,6,13,0,0,5,3,2
Ints9,22,16,23,17,28,67,22,61,14,18,34,18,19
Pomt2,34,8,19,22,19,61,34,64,33,27,42,31,8
Aaas,11,8,8,10,9,25,5,28,16,10,17,20,9
Trpm6,10,7,2,6,16,6,0,7,4,4,10,3,1
Grwd1,5,11,14,10,18,31,4,19,2,9,6,5,8
Acpl2,3,3,3,0,1,5,3,2,0,0,2,4,0
Pde5a,29,49,28,40,48,81,17,78,16,16,91,41,24
Wasf2,648,164,392,541,493,1292,356,979,369,370,365,416,33
Nphp4,1,4,2,2,3,10,2,8,2,0,0,8,4
Rtn1,105,59,99,100,93,252,84,213,108,69,90,107,13
Dusp7,22,13,27,16,20,121,49,108,34,29,35,33,9
Pank2,104,59,59,74,94,208,75,179,56,65,85,77,47
Ankrd23,3,1,2,11,5,8,4,16,11,4,3,12,1
Rnf113a1,1,0,2,4,0,0,0,6,1,2,0,0,0
Rnf183,0,0,0,0,0,0,0,0,0,0,0,0,0
Nckap1l,1611,570,944,1355,1365,3915,1217,3169,1211,1355,1152,1009,715
Clec2e,1,0,0,0,1,0,0,0,0,0,0,0,0
Cpne2,25,39,32,52,44,80,27,70,16,0,43,35,11
Clstn3,0,4,8,14,5,28,14,24,4,0,6,5,3
AF529169,1,0,0,0,2,2,2,2,0,3,0,0,1
Pilra,35,21,21,38,40,36,13,52,21,27,14,18,12
Il1f9,21,14,16,24,13,2,0,0,0,0,1,9,2
Kcng3,0,0,0,0,0,0,0,0,0,0,0,0,0
BC028528,13,7,18,28,19,73,17,65,17,18,26,18,44
Rhobtb2,26,15,26,52,39,75,22,85,35,24,49,37,5
Ammecr1l,88,60,71,86,92,287,69,229,57,60,109,94,30
Bcl2l13,52,38,59,55,64,146,42,131,35,40,42,38,19
Ccdc65,1,5,2,5,0,18,3,9,0,0,3,1,3
Opalin,0,0,0,0,0,6,0,1,0,0,3,0,0
Lrrc41,39,23,71,55,66,136,34,118,37,38,45,34,37
Tcstv3,0,0,0,0,2,1,0,0,0,0,0,1,0
Mrgpra4,0,0,0,0,0,0,0,0,0,0,0,0,0
Tmem41b,22,29,23,25,22,86,23,58,17,21,28,24,26
Insig1,45,39,40,48,44,107,24,74,12,18,37,33,30
Dnajb13,11,7,5,13,23,36,5,31,9,9,4,24,4
Nrn1,14,62,31,23,20,46,11,65,10,0,27,12,19
Tenc1,19,6,31,34,40,39,11,51,19,8,32,46,2
Adcy2,1,0,0,0,0,0,0,2,2,2,0,0,0
Fam149a,23,16,24,19,20,67,17,53,20,17,25,14,11
Phldb1,35,10,75,37,53,59,25,51,10,6,25,53,1
Zcchc6,357,150,140,346,432,906,195,683,191,198,227,238,83
C85492,7,10,17,17,11,22,6,10,4,3,10,11,10
Zbtb8b,0,0,0,0,0,0,0,0,0,0,0,0,0
Lrrc20,8,3,5,6,2,31,7,15,5,6,9,4,2
Aldh1l2,14,2,7,6,12,24,5,12,6,6,10,5,4
BC030867,0,0,0,0,0,3,0,0,2,0,0,0,0
Lrrc45,27,3,15,17,28,78,34,72,35,23,13,44,15
Mboat1,11,10,2,6,11,24,2,17,13,9,8,18,6
Gnl3,63,63,63,113,168,208,23,129,41,35,47,43,26
E430025E21Rik,66,44,46,68,52,222,35,165,52,61,70,47,25
Dirc2,180,73,114,133,180,180,55,120,51,78,50,61,24
Dennd1c,64,27,99,82,119,247,72,198,61,57,67,123,12
Thoc1,83,50,53,40,95,215,52,136,53,50,56,55,59
Npas4,0,0,0,0,1,1,0,1,0,0,1,0,0
Dcaf8,137,85,110,172,149,450,139,373,119,95,194,132,91
Pms1,23,10,10,11,15,42,14,40,10,9,22,11,10
BC029214,4,11,11,12,14,22,4,25,9,4,10,16,17
Lcn13,0,0,0,0,0,0,0,0,0,0,0,0,0
Qsox2,18,18,17,11,27,40,14,41,10,7,24,16,4
Fam102a,25,17,32,34,24,81,29,70,25,15,24,47,9
Nudt6,9,9,8,1,13,16,6,17,7,3,7,6,3
Rrnad1,46,40,70,47,66,145,48,158,48,46,75,51,52
Fam40a,44,23,51,51,62,177,53,139,35,38,55,74,20
Gbp5,675,524,461,605,1179,100,25,104,33,45,55,336,39
Pcsk9,0,0,1,0,1,1,0,0,0,1,0,0,0
Yrdc,42,13,17,41,49,89,15,60,23,22,17,30,19
Lrrc66,0,0,0,3,0,0,0,0,0,0,0,0,0
Gak,143,80,123,156,157,423,132,394,136,118,147,122,64
Noc4l,21,13,18,28,39,22,18,34,11,3,1,13,8
Hscb,8,6,3,14,9,17,10,18,8,3,11,4,11
Katnal1,17,6,21,15,23,75,25,66,14,13,21,27,17
Fkbp14,10,21,17,26,20,45,25,48,12,10,32,19,32
Fam13a,30,37,21,55,34,55,14,71,11,6,30,24,21
Cxcl17,0,1,0,0,0,0,0,0,0,0,0,0,0
AI428936,1,0,0,1,1,2,2,1,0,0,0,2,0
Nipa1,21,32,22,36,24,75,22,52,12,3,30,20,21
Ino80e,24,4,27,26,18,66,27,72,21,28,19,26,10
Gpm6a,163,773,181,352,284,722,198,563,75,3,336,192,497
Cmtm4,90,102,51,110,74,301,96,274,78,71,123,99,40
Atg4d,26,16,41,47,53,72,30,82,34,31,19,28,20
Cnot10,59,48,53,87,74,191,57,149,59,58,57,51,32
Rps6ka5,31,8,35,20,22,113,22,97,25,30,45,26,18
Ano2,0,0,0,0,0,0,0,1,0,0,0,3,0
Klre1,2,1,2,4,2,5,1,5,2,0,2,2,0
Nars2,9,12,23,6,13,22,9,23,7,9,12,8,5
Erlin2,157,249,114,165,170,457,146,348,101,82,229,119,133
Pcmtd2,135,120,58,122,118,301,90,240,74,83,155,77,121
Trpt1,5,3,9,6,18,34,5,26,6,12,10,6,6
Ugt2b34,0,0,0,0,0,0,0,0,0,0,0,0,0
Cdk8,31,8,13,21,20,109,16,59,16,16,25,30,17
Ttc26,0,20,11,11,9,32,2,30,0,0,16,7,19
Lgsn,0,0,0,0,0,0,0,0,0,0,0,0,0
Cpt1c,4,12,19,11,12,23,18,29,1,0,7,4,2
Snx17,191,86,252,218,284,516,167,377,149,182,151,169,170
Prkag3,0,0,0,0,0,1,0,0,0,0,0,3,0
Mill1,0,0,0,0,0,0,0,0,0,0,0,0,0
Mill2,1,4,2,2,6,5,0,2,2,0,10,4,0
Rnf26,8,4,7,11,5,28,16,35,7,3,15,11,1
Ipo9,165,78,87,181,173,447,135,344,122,100,147,159,73
Ctu2,16,8,31,25,29,55,25,59,11,21,11,41,12
Tmem121,0,1,0,1,0,0,0,0,0,0,0,1,0
Atoh8,0,3,0,4,2,4,3,11,0,0,7,0,0
2610044O15Rik,9,5,3,5,10,33,9,11,11,12,14,8,12
Pygb,88,95,81,139,136,305,94,271,79,56,136,97,74
Fam20a,6,4,10,0,7,3,0,10,2,0,2,1,2
Paox,0,1,1,7,3,8,2,5,3,8,1,3,2
Ccdc64b,3,0,0,0,0,0,0,3,0,0,0,0,0
Vgll2,0,0,0,0,0,0,0,0,0,0,0,0,0
Acap1,3,1,0,4,3,5,2,5,0,3,1,0,0
Mylip,322,70,264,320,349,1409,346,856,291,355,348,360,156
Scarf2,2,3,2,3,6,12,1,11,6,0,0,3,0
Flywch1,10,10,20,21,24,35,20,30,10,10,16,19,11
Rell2,2,0,11,4,6,11,6,12,3,2,5,8,1
4933403F05Rik,80,69,37,61,76,218,63,173,62,64,99,61,64
Fermt3,170,67,259,213,274,619,220,495,145,200,141,203,41
Peo1,11,4,12,10,12,42,13,39,21,8,14,10,7
Polr2b,146,119,83,133,164,277,90,247,85,97,147,87,130
Edc3,52,17,38,52,32,126,27,78,36,41,29,20,17
Arhgap22,93,33,110,77,120,228,71,203,78,81,45,90,17
Tecrl,0,0,0,0,0,0,0,0,0,0,3,0,0
Zfp128,17,10,16,3,9,27,15,25,8,10,6,8,5
Glb1l2,7,26,5,20,11,56,9,32,4,0,23,14,10
Plekhg3,12,16,10,15,16,62,23,61,7,0,23,22,9
Pkn3,1,0,4,2,3,11,2,19,3,1,11,6,2
Dnttip2,131,87,78,128,173,254,67,216,97,105,96,62,78
Acsf2,12,10,21,13,15,35,9,27,7,7,10,11,2
Smc5,68,57,42,56,74,237,46,126,57,62,70,73,27
Arhgap15,12,7,4,20,7,14,4,13,10,3,6,4,8
Cpne1,80,49,60,68,74,228,71,189,57,70,79,62,39
Nupl1,80,51,49,85,67,256,79,200,58,77,79,66,50
Mettl11a,4,2,12,12,13,17,5,14,5,3,5,7,5
Disp2,0,0,0,0,0,2,0,1,0,0,1,0,0
Creg2,0,0,1,1,1,17,3,3,0,0,1,0,2
Igsf11,0,2,0,2,2,16,0,6,0,3,0,0,1
Rps15a,55,68,82,90,118,169,47,141,64,37,57,39,107
Mycbpap,12,13,15,24,16,61,12,41,9,3,19,13,13
Cpne9,1,0,0,0,3,2,0,1,0,0,0,1,0
Cpne7,0,0,0,0,0,0,0,1,0,0,2,0,0
Fam134a,74,60,72,78,73,257,91,234,80,62,74,86,29
Spata2,27,10,43,49,43,82,17,77,21,16,17,25,3
A630007B06Rik,39,35,18,41,52,102,41,104,32,38,55,44,14
Cd300a,113,62,65,68,100,281,109,259,88,116,79,79,83
Zfp628,7,4,16,12,16,53,10,24,3,12,5,4,2
U2af1l4,15,9,11,32,40,62,9,34,14,18,15,20,15
Elof1,13,28,17,33,37,74,14,87,18,10,24,14,50
Dpyd,10,30,3,18,11,22,7,14,2,0,3,10,3
Wwc1,23,33,42,58,38,109,47,119,20,0,52,43,11
Pgbd5,0,0,0,0,3,1,0,8,1,0,1,3,1
Cldnd1,108,40,88,96,102,295,107,221,71,99,74,73,98
Iars,126,66,77,93,112,242,90,231,68,68,133,89,53
Cd300e,4,4,6,4,8,2,1,1,0,0,1,2,3
Adamts16,17,3,14,17,20,120,32,60,25,31,23,28,9
Txndc9,70,49,42,46,89,144,57,112,38,40,89,40,75
Rpl32,16,15,15,20,21,50,17,26,20,11,20,20,43
Pddc1,23,10,17,27,20,70,20,54,15,11,19,15,24
Entpd6,9,7,20,22,18,45,21,37,7,10,19,17,9
Myl9,13,33,110,35,149,62,4,84,16,15,102,63,51
Dio3,0,0,0,0,0,0,0,0,0,0,0,0,0
Vps41,110,88,92,137,128,308,81,240,92,95,130,85,128
Zc3h3,5,2,5,10,4,18,12,22,10,8,5,4,1
Crocc,10,1,17,15,8,31,10,28,6,3,3,18,4
B3gat2,55,13,36,31,30,96,31,91,39,36,38,47,19
Adam1b,0,3,0,0,0,0,0,0,0,0,0,0,0
Adam1a,2,2,2,1,2,5,1,2,1,0,2,3,0
Kdm4b,28,10,50,25,48,91,27,58,25,21,25,30,5
Adap2,262,76,133,229,261,849,192,639,226,263,176,285,45
Pdxk,65,25,71,50,56,178,44,152,54,42,85,71,21
Nfkbid,154,62,227,237,293,1056,191,535,175,188,133,279,82
Ofcc1,0,0,0,0,0,0,0,0,0,0,0,0,0
Fam176b,0,0,0,1,4,4,2,2,1,3,3,0,2
Ppat,9,27,18,29,26,60,24,52,15,7,18,22,24
B9d2,5,6,20,5,9,25,13,28,5,6,7,3,6
Bnip1,10,7,15,8,12,22,9,28,6,9,13,5,9
Ift52,27,33,27,39,42,101,32,96,22,12,33,23,50
Zdhhc8,28,2,23,26,14,51,31,45,22,13,18,35,2
Slc24a4,11,20,5,11,4,31,11,39,4,0,14,28,3
Prl3d2,0,0,0,0,0,0,0,0,0,0,0,0,0
Prl3d3,0,0,0,0,0,0,0,0,0,0,0,0,0
Hinfp,18,4,6,13,24,44,9,31,15,10,8,12,11
Nox1,0,2,0,5,0,1,0,0,0,0,0,0,0
Mrpl21,2,7,5,7,13,16,7,10,5,4,5,0,16
Twistnb,34,30,24,41,35,98,15,49,26,27,24,12,19
Wdr11,78,46,52,76,84,272,57,188,62,76,102,65,46
Dync2li1,7,17,8,22,19,54,12,59,7,0,19,10,34
Sidt2,104,34,122,111,145,332,95,282,68,72,78,129,26
Slc36a3,0,0,0,0,0,0,0,0,0,0,0,0,0
Myl6b,1,2,3,1,0,1,1,1,1,0,0,2,0
Cep68,198,77,88,143,133,554,176,570,213,204,184,146,60
Ppp1r9b,133,42,182,196,211,512,199,485,172,172,123,222,29
Kdm1b,130,27,59,72,93,158,28,78,53,48,41,53,23
Pde8b,15,14,18,17,25,71,12,32,18,27,15,17,18
Eif2b5,58,40,75,82,79,127,55,147,45,29,73,49,58
Phyhd1,271,75,214,256,416,709,223,529,193,179,156,205,134
Nup214,112,30,75,121,83,291,103,234,85,108,84,102,8
Vps18,58,15,103,80,104,257,73,130,49,62,40,73,18
Slc6a17,29,33,32,40,41,99,34,78,15,0,52,41,10
Cc2d2a,22,30,15,41,25,79,13,69,8,2,34,22,15
Sfswap,47,16,44,62,57,137,43,116,43,43,41,63,4
Snx8,20,10,37,33,39,83,29,67,16,23,9,29,16
Mark4,19,7,31,23,34,60,13,38,11,8,11,21,2
2210018M11Rik,34,20,36,42,44,160,49,175,67,59,49,44,25
Rnf40,73,19,69,100,113,261,64,156,51,60,49,85,23
Tmco3,50,49,47,63,64,128,54,109,28,36,37,28,42
Fuk,7,7,18,17,13,39,7,32,9,5,14,11,1
Plcg2,269,74,250,262,320,752,243,630,231,208,186,233,73
Spire2,1,0,1,0,5,2,3,7,0,0,4,2,2
Nup133,40,9,34,34,27,138,42,110,29,46,32,36,30
Slc36a4,14,21,10,23,22,59,15,45,23,13,22,18,13
Ntm,1,0,1,0,0,0,0,3,0,0,2,0,0
Foxred1,31,13,30,49,32,74,33,87,43,32,28,35,25
Fam113b,7,2,8,12,5,22,7,20,2,2,5,11,3
Mab21l3,1,0,1,0,0,0,0,3,0,0,0,0,1
Dmrta2,1,1,0,1,1,2,2,1,0,0,1,0,0
Tshz3,0,0,3,0,0,2,0,2,2,0,4,2,0
Ube2z,163,96,124,186,162,464,143,397,126,113,198,138,69
Tex10,56,27,32,64,51,159,28,102,35,61,57,51,42
Cyp4a12b,0,0,0,0,0,0,0,0,0,0,0,0,0
Mbtps2,95,73,39,45,42,173,39,151,58,48,83,37,57
Arntl2,0,0,0,0,0,0,0,0,1,0,1,0,0
Tarsl2,5,11,8,13,15,29,6,23,6,2,8,3,8
Dnajc16,90,23,67,70,52,160,39,143,38,56,48,48,23
Snapc4,34,6,17,37,31,70,29,55,33,23,26,43,7
Slc16a13,21,12,19,19,12,18,8,37,28,9,19,20,6
Slc22a22,0,0,0,0,0,0,0,0,0,0,0,0,0
Poglut1,62,57,56,40,53,158,55,135,41,36,75,39,89
AI314180,191,147,114,194,196,622,148,444,188,189,230,181,122
Tmem125,2,1,0,0,0,0,0,1,0,0,2,0,0
Zfp536,3,1,4,1,2,15,4,8,1,0,6,5,3
Ahsa2,95,47,71,57,75,297,95,208,82,75,113,69,64
Zfp759,12,10,6,4,6,24,7,25,8,9,18,0,13
Aim1,54,37,21,48,61,24,9,21,7,10,19,25,0
Cdc42se1,179,65,168,224,299,467,150,412,132,125,107,122,101
9130011J15Rik,145,117,113,238,265,370,96,300,82,86,140,78,162
Limd2,118,49,140,181,192,459,184,377,132,141,107,132,88
Akr1b10,67,48,75,82,111,246,99,205,83,85,96,52,73
A930038C07Rik,2,0,0,1,2,15,0,12,2,0,25,0,6
Dnajc8,40,42,62,95,82,150,52,126,39,57,54,45,75
Slc25a32,20,25,13,13,16,54,15,52,19,13,27,9,17
2810021J22Rik,12,6,9,4,9,40,17,23,11,7,15,15,7
Ccbl1,12,8,6,10,13,15,7,22,1,6,7,13,9
Fam175a,13,11,5,10,11,31,7,36,11,4,16,4,18
Trak2,94,84,63,119,135,306,67,211,43,35,113,87,52
Fmnl2,185,150,101,177,220,211,74,197,56,78,102,84,16
Nup93,30,14,12,17,15,57,14,51,12,14,22,17,11
Gpc2,28,5,22,29,28,62,23,57,25,24,18,23,6
Rap2c,166,82,116,177,189,403,100,254,89,163,102,90,100
Fam164c,7,9,2,18,3,31,10,13,6,0,10,9,1
Arhgef10l,18,5,18,25,27,76,26,52,16,28,13,21,5
Ostm1,86,62,36,78,75,219,60,182,72,79,88,43,59
2310042D19Rik,4,1,6,0,3,7,2,11,3,1,2,3,0
Mamstr,1,3,1,1,1,0,0,1,1,0,1,0,2
9030612E09Rik,0,0,0,0,0,0,0,0,0,0,1,0,0
Ppp1r1c,0,0,0,0,0,0,0,0,0,0,0,0,0
Asxl2,147,69,37,95,145,386,91,306,108,100,106,112,39
Fastkd2,49,21,21,30,47,81,32,77,26,29,34,19,38
Med13l,157,65,140,196,210,507,128,425,144,128,135,178,19
Ccdc134,14,7,7,27,17,72,15,63,15,27,16,17,16
Smndc1,89,58,75,126,137,280,62,219,79,84,93,87,42
Sphkap,3,1,0,0,0,1,2,0,1,0,1,0,0
Celf3,0,0,1,0,1,3,0,3,0,0,0,0,0
P2ry10,3,3,5,7,15,33,4,0,5,1,6,6,6
Slc25a12,38,94,68,125,86,179,63,172,41,21,83,49,76
Pus7l,7,0,2,5,2,14,7,18,5,3,1,6,1
Thoc5,27,31,45,36,45,91,24,80,27,22,30,18,18
Inpp5j,1,0,0,0,2,0,0,0,0,0,0,0,0
Shroom2,20,38,9,19,32,38,7,28,4,3,19,24,8
Dtx4,202,96,152,193,190,1041,278,857,309,293,294,284,63
Tbc1d16,104,28,87,114,95,288,70,218,73,88,78,100,14
A330021E22Rik,18,41,33,26,36,90,21,68,16,0,44,27,23
Rnf43,2,7,0,3,2,7,8,9,2,0,7,5,2
Bzrap1,8,9,12,12,9,61,13,20,12,8,10,20,5
4930539E08Rik,3,0,1,1,2,6,3,2,1,2,2,2,0
Pif1,2,0,0,0,1,5,0,0,0,1,0,2,0
Panx3,0,0,0,0,0,0,0,0,0,0,0,0,0
Tmprss7,0,0,0,0,1,0,0,0,0,0,0,0,0
Mob3a,86,32,100,104,107,202,79,203,78,46,48,54,30
Zfp871,209,169,106,176,201,619,133,495,174,191,212,217,129
Nek11,2,17,19,17,10,27,8,20,3,0,11,6,12
Sned1,9,4,5,7,11,33,5,17,8,1,12,6,1
Zdhhc9,111,32,84,78,84,295,109,243,86,64,101,94,23
Adamts18,0,0,0,0,0,0,0,1,0,0,0,0,0
Zc3hav1l,3,2,7,3,10,15,5,6,5,3,7,3,3
Snx30,107,37,54,93,88,391,69,257,72,68,78,77,32
Clic6,373,688,499,730,570,1193,401,1093,194,2,816,396,251
Itih5,33,38,33,61,63,113,18,124,28,30,142,44,43
Tfe3,167,41,146,230,272,618,202,480,122,174,129,163,23
Hace1,31,14,20,35,35,100,14,62,21,33,34,24,16
Tmc7,115,34,30,60,79,211,54,182,96,69,66,83,34
Dennd2a,17,15,22,20,24,56,27,43,5,9,19,24,4
Slc38a5,8,12,9,10,38,29,7,52,9,6,30,22,17
Mtrr,21,10,19,11,28,62,21,56,14,16,17,17,8
Nlrp4b,0,0,0,0,0,0,0,0,0,0,0,0,0
Zfp719,64,39,49,63,57,169,48,160,45,69,63,51,46
Thsd7b,9,18,6,20,11,19,8,28,8,0,16,8,5
Zfp677,15,9,17,9,9,42,5,24,6,10,14,6,3
Prrt3,1,0,1,0,1,2,2,0,0,0,0,0,0
9030625A04Rik,187,94,96,234,184,576,146,340,116,131,119,104,35
Sepsecs,14,7,7,6,7,36,3,24,9,15,15,7,4
D130040H23Rik,8,6,0,1,11,17,6,6,4,6,6,9,1
Diap2,195,71,91,135,153,397,121,368,155,185,138,114,41
Ncoa7,40,20,31,28,36,34,13,28,5,11,10,11,7
Efhb,1,9,0,3,2,18,2,4,1,0,2,4,2
Mfsd9,9,1,5,1,2,13,7,14,4,3,7,2,4
Nhlrc3,34,17,38,35,32,120,21,71,31,32,28,31,14
Dcaf15,17,11,25,29,26,56,28,44,14,28,8,28,8
Zswim4,39,9,43,106,93,212,48,127,34,52,24,59,6
A730008H23Rik,79,26,40,43,58,235,54,181,67,69,61,74,30
Boc,7,13,12,21,6,31,3,21,0,0,3,9,3
Sh3bgrl2,26,72,30,68,51,104,27,93,23,7,71,34,70
Dse,59,16,22,40,46,166,48,118,34,37,34,32,27
Kctd7,6,2,3,8,12,28,8,20,5,0,12,12,6
Mfsd4,16,17,3,15,18,44,3,29,9,13,16,16,2
Abhd10,18,3,16,9,14,47,8,30,6,15,14,9,20
Fam126b,44,40,25,33,49,150,23,111,44,37,59,40,30
Tmem71,9,9,6,10,15,32,6,28,18,27,10,6,12
Zbbx,3,9,0,4,3,10,1,8,1,0,3,5,3
Dstyk,75,51,38,59,66,161,44,168,56,41,70,68,29
Rbbp5,47,33,39,44,46,145,52,110,45,38,73,44,40
Fbxo42,38,9,26,28,33,116,43,120,47,28,49,43,13
Arhgef19,3,3,3,10,4,10,0,14,1,0,5,4,2
BC125332,0,0,0,0,0,2,0,0,1,0,0,0,0
Slc18a2,4,6,2,2,7,10,7,9,3,4,2,5,2
Nipal4,0,0,1,0,2,1,0,0,0,0,0,0,0
Arhgap29,40,47,25,49,82,182,41,141,59,69,161,63,72
Ttc24,0,0,0,0,0,0,0,0,0,0,0,0,0
Nudt15,0,0,1,0,0,1,0,3,0,1,0,1,0
Gnptg,40,33,38,38,50,104,45,86,22,18,16,31,38
She,22,14,17,15,30,45,13,50,22,11,51,14,18
Aldh5a1,24,29,10,23,8,44,21,41,9,2,24,20,11
4932411E22Rik,0,0,0,0,0,4,1,0,0,0,2,0,0
Iqub,27,71,18,47,49,98,26,72,9,0,52,31,38
Zfp609,93,23,42,80,67,256,78,224,65,44,66,98,14
Vezt,24,16,12,16,17,44,18,56,12,15,26,19,26
Astl,0,1,0,1,0,1,0,0,0,0,0,0,0
Tmem120a,5,19,27,19,25,52,18,39,8,10,13,10,18
Fam117a,9,13,18,17,15,44,15,28,7,1,12,18,8
Cnksr3,18,28,21,73,40,71,14,41,11,16,23,19,7
Cabin1,65,30,82,90,106,306,100,246,86,65,60,118,9
Ybey,8,7,3,4,2,2,6,6,3,2,1,3,2
Polrmt,4,3,16,13,9,33,15,38,7,13,10,17,6
Alx1,0,0,3,0,2,3,0,1,0,0,0,0,1
Zdhhc17,76,49,58,61,80,221,51,147,70,38,69,44,50
Papolg,23,16,19,39,36,110,22,77,31,42,24,17,46
Rufy1,40,23,16,25,51,117,31,98,39,40,47,26,18
Cntrob,14,3,15,15,13,43,7,29,9,5,6,13,6
Tada2a,26,15,19,21,11,47,18,41,8,10,21,5,20
Hlf,43,18,22,26,17,62,20,54,18,26,21,34,4
Tns4,16,7,12,20,19,27,12,49,10,3,16,17,7
Klhl11,17,12,9,10,14,29,9,31,13,10,23,16,19
Rundc1,32,20,18,31,35,86,30,67,16,24,23,30,9
10-Mar,2,0,2,0,0,14,0,1,0,1,0,0,0
Unk,32,11,28,28,47,117,46,87,29,26,17,50,4
Fbf1,52,18,33,32,57,90,42,85,25,27,26,33,3
Engase,11,7,43,16,26,150,44,103,41,32,23,30,4
Pqlc3,12,23,13,20,9,41,10,35,15,1,18,13,16
Zfp277,25,23,30,18,27,108,34,76,44,44,42,28,37
Mis18bp1,0,5,4,1,0,14,2,8,4,6,4,5,4
Acot6,0,1,0,0,1,7,2,5,2,1,2,0,0
Fam161b,1,2,6,13,9,24,5,16,8,2,6,9,8
Coq6,18,9,18,10,15,27,7,24,17,5,14,13,17
Tmem63c,0,0,0,0,0,0,0,0,0,0,0,0,0
Itpk1,31,27,77,60,67,166,50,137,39,15,63,45,19
Larp4b,134,58,68,124,143,316,80,225,67,76,108,74,36
Serinc5,45,21,20,44,50,113,29,94,27,23,70,57,39
Lhfpl2,166,65,165,155,161,702,260,566,230,256,218,154,124
Wdr41,69,23,61,51,50,181,48,149,54,38,63,44,47
Fcho2,312,162,125,239,237,740,208,657,233,229,303,217,152
Srek1,95,69,37,78,83,237,64,204,63,57,69,79,58
Mier3,44,28,27,48,43,120,37,83,30,30,33,41,40
Dhx29,28,34,19,42,50,107,23,106,26,24,40,24,29
Arl15,50,31,47,50,55,137,24,110,51,40,75,40,41
Txndc16,48,53,44,75,60,176,37,114,62,52,73,47,63
Wdhd1,6,8,14,15,19,22,7,8,2,4,9,4,4
Atg14,32,22,32,34,36,109,43,88,38,63,43,45,33
6720456H20Rik,93,70,45,92,60,218,57,191,56,44,100,58,26
Rab2b,26,7,23,24,32,72,21,82,15,27,37,20,26
Phf11,9,2,1,9,7,4,0,7,1,2,0,1,1
Scara3,5,4,5,9,9,5,4,12,14,0,12,12,7
Tdrd3,22,53,25,31,40,130,29,115,27,31,52,26,37
6-Mar,284,177,143,254,211,737,179,487,212,225,264,195,108
Naprt1,4,3,12,8,6,16,10,14,4,2,7,12,0
Tmem184b,96,28,91,100,108,242,62,229,61,80,78,78,8
Tomm22,33,45,29,37,53,97,33,107,32,38,35,34,81
Mpped1,0,0,0,0,0,0,0,0,0,0,0,0,0
Rnd1,103,85,183,147,210,20,6,3,2,6,6,127,4
Tmem44,54,19,46,55,65,163,40,129,39,43,47,60,24
C330027C09Rik,1,6,5,2,8,18,3,23,4,3,4,1,6
Zfp523,8,7,15,14,28,31,13,37,10,5,9,24,5
Adamts10,16,7,23,25,19,71,22,74,19,13,14,31,5
Vps52,34,14,45,46,64,149,58,127,51,28,48,31,15
Clic5,11,9,17,26,29,48,3,52,9,19,74,7,19
Dpp9,31,18,22,41,55,98,42,97,24,29,24,36,4
Ino80c,47,37,50,43,54,166,45,96,35,39,34,22,31
Rbm27,116,44,51,87,84,308,56,203,69,68,94,66,34
Pggt1b,58,43,29,49,54,116,49,86,48,30,57,39,22
Sh3tc2,0,0,0,0,0,2,2,5,1,3,4,0,0
Mppe1,10,8,8,19,10,31,18,42,9,4,18,14,13
D18Ertd653e,99,37,60,69,94,240,63,246,75,71,75,63,40
Mapk4,20,34,33,47,30,129,45,110,15,1,86,40,24
Cbln2,0,0,0,0,0,0,0,2,0,0,0,0,0
Patl1,87,30,75,161,151,336,67,249,66,107,77,98,31
Dpcd,15,41,37,41,42,120,38,84,9,8,31,19,86
Zbtb41,44,34,30,54,68,123,45,120,41,21,75,38,30
Dars2,21,19,22,15,29,48,13,40,17,21,30,10,24
AI848100,181,116,74,256,193,503,143,323,144,99,135,134,68
F11r,566,343,500,536,692,1842,570,1576,499,598,623,453,626
Ifi205,61,52,38,38,57,3,0,0,4,0,0,4,3
Kctd3,31,28,26,26,32,108,31,59,23,16,21,30,8
4632411B12Rik,91,70,57,91,94,253,103,199,66,59,97,92,26
Slc39a10,65,79,51,61,75,288,59,293,85,107,269,98,122
Stradb,52,35,32,32,27,79,27,70,21,25,38,35,16
Slco4c1,1,0,0,0,0,0,0,0,0,0,0,0,0
Slc2a6,12,6,22,24,27,2,4,4,1,0,4,5,1
D2Wsu81e,12,8,16,5,26,32,15,34,9,12,11,8,6
Gtdc1,45,21,31,51,46,121,21,93,34,20,32,21,21
Epc2,135,62,70,100,130,403,93,232,97,96,86,73,42
Tlk1,133,99,69,125,107,333,87,274,87,104,147,89,51
Pdk1,131,81,104,181,125,498,145,337,117,139,137,120,99
Agps,287,159,110,207,229,806,212,573,251,239,257,209,140
Lrp4,31,13,30,28,42,51,7,51,15,21,22,27,7
Ambra1,85,31,55,119,109,297,81,219,72,60,70,96,24
Gyltl1b,2,10,5,9,6,20,13,14,2,0,7,2,6
Lgr4,14,19,12,17,15,43,16,30,4,2,25,12,9
Ganc,57,43,31,58,57,206,56,133,51,32,52,43,34
Frmd5,11,16,3,5,7,22,9,24,4,1,10,7,2
Samd10,2,3,8,3,4,6,2,10,3,0,3,6,0
Acad9,36,20,13,32,31,73,30,64,22,24,28,24,28
4932438A13Rik,317,230,105,234,215,783,147,467,197,184,251,245,126
D930015E06Rik,83,30,72,52,69,240,55,165,56,57,56,78,15
Fam160a1,19,22,12,20,25,55,16,52,4,3,28,12,6
Rsbn1,100,50,72,72,68,235,69,209,81,72,89,49,51
Slc25a24,9,10,15,8,5,23,3,18,11,2,20,12,11
Coq3,9,7,12,17,14,42,8,15,4,8,14,7,18
Ddx58,174,105,91,151,235,158,54,150,54,88,69,68,45
N28178,0,0,0,0,1,0,0,0,1,0,0,1,0
B230312A22Rik,43,7,32,79,86,159,47,124,35,41,30,55,4
Gba2,37,17,36,30,40,163,43,111,28,22,35,54,10
Galnt12,38,9,30,43,27,144,36,94,35,31,33,36,18
Megf9,12,26,20,22,18,81,17,52,18,6,37,16,8
Plaa,85,48,59,98,94,236,89,204,91,79,98,76,41
Inadl,13,24,11,41,22,61,20,58,11,1,43,21,21
Prpf38a,37,34,19,60,74,121,49,109,31,45,31,21,38
4732418C07Rik,123,84,82,120,87,287,84,241,69,79,125,99,40
Foxj3,101,45,69,107,86,265,73,201,79,63,111,72,38
Zmpste24,156,142,133,136,138,344,116,299,107,106,133,108,147
Oscp1,14,19,6,17,27,48,22,34,9,8,22,16,12
Serinc2,9,23,25,12,10,37,13,23,3,0,6,5,15
Eif4g3,279,142,206,267,272,851,268,689,204,205,278,336,47
Dnajc11,43,28,58,39,61,114,29,83,34,32,29,36,28
Phf13,36,21,27,55,49,102,17,83,17,34,19,40,6
9330182L06Rik,3,6,0,3,0,4,1,10,0,0,5,5,3
Ppp1cb,376,275,188,366,434,838,234,690,242,317,415,247,267
Dok7,1,0,0,0,0,1,0,4,0,0,1,1,1
Otop1,0,0,0,0,0,0,0,0,0,0,0,0,0
Sel1l3,1,0,0,0,0,2,2,0,1,0,2,0,0
Guf1,43,16,18,20,30,87,27,72,19,11,34,22,15
Uba6,44,42,30,45,42,92,34,84,35,45,52,33,25
Sdad1,52,22,34,63,74,106,43,91,14,28,35,40,22
Agpat9,0,2,0,2,1,6,2,4,0,0,2,2,0
Pcgf3,32,15,8,24,23,85,30,92,26,27,30,17,22
Chfr,29,26,34,46,32,117,21,92,35,49,40,30,22
Sgsm1,1,0,0,0,1,5,0,6,0,0,0,0,0
Gcn1l1,93,33,116,101,120,388,143,339,118,101,82,179,18
Fbxw8,53,30,52,59,96,148,65,143,46,45,48,52,21
Naa25,48,50,44,43,80,108,35,74,25,36,37,49,29
Adap1,1,4,8,15,6,26,12,22,3,5,5,21,5
Baat1,30,12,26,20,22,72,16,65,18,17,20,26,1
C330006K01Rik,13,1,30,13,21,59,19,47,15,17,16,27,4
E130309D02Rik,9,1,21,18,24,36,14,38,10,12,13,14,3
Creb5,9,4,0,10,11,21,3,9,1,1,5,2,0
C130022K22Rik,37,14,15,29,23,91,22,57,18,19,20,15,21
Fgd5,16,1,4,13,27,78,23,90,41,25,60,37,15
Dera,2,3,7,9,10,40,9,23,4,4,7,5,11
Stk38l,31,25,46,46,71,144,13,95,26,39,30,32,15
Zc3hc1,36,13,18,34,46,70,19,70,27,17,28,25,32
Leng8,64,29,55,39,103,242,56,186,51,52,71,126,12
Shisa7,6,1,2,5,1,6,2,3,4,3,5,8,1
Zfp954,13,17,15,13,25,39,14,35,14,16,18,9,12
Grlf1,104,96,86,127,104,298,98,269,59,38,150,97,15
Zfp420,11,16,24,8,4,33,11,21,10,4,9,14,12
4931406P16Rik,83,42,65,119,146,258,59,241,64,69,96,83,34
Mtmr10,65,43,55,191,130,442,83,308,77,118,78,73,42
Plekha7,11,10,14,13,4,21,4,18,0,1,7,4,2
Hirip3,12,2,13,16,17,40,9,45,19,8,15,10,8
Kctd13,11,1,22,8,12,29,10,25,13,12,10,15,2
Fbxl19,16,5,14,15,27,58,16,44,25,6,23,25,6
Zfp646,61,20,46,68,85,213,101,206,58,73,69,67,10
Adprhl1,0,0,0,0,0,0,0,0,0,0,0,0,0
Csgalnact1,16,27,15,16,11,29,5,33,4,2,25,11,11
Sugp2,33,19,31,21,38,102,25,81,30,19,31,27,4
Ankle1,1,0,0,0,0,3,0,2,0,0,0,0,0
Heatr3,30,20,14,31,35,98,19,69,17,37,26,25,23
Slc38a7,39,19,46,47,40,133,43,107,45,37,40,51,23
Ces2e,1,0,0,2,0,6,0,3,1,0,4,0,2
Elmo3,4,15,17,13,4,20,10,19,3,1,10,10,17
Mthfsd,7,3,5,7,10,19,9,10,8,7,13,6,9
Rbm34,23,18,21,36,22,68,20,37,17,9,16,25,16
Nfrkb,57,38,27,57,80,182,46,116,42,47,47,53,8
Gramd1b,39,61,30,65,49,162,50,117,33,12,59,66,17
Sc5d,33,38,10,38,21,73,25,60,10,15,36,29,31
Ttc12,14,8,13,21,23,60,17,34,15,6,15,19,16
Dmxl2,152,239,87,142,144,426,117,352,77,40,202,121,100
Fam63b,226,87,90,153,149,493,141,447,164,199,198,164,26
Slc17a5,37,27,20,23,34,99,19,60,25,17,34,19,20
Atrip,20,13,11,17,12,47,15,40,11,6,11,15,6
Plxnb1,30,33,30,70,54,116,29,124,19,6,52,38,17
Slc22a29,0,0,0,0,0,0,0,0,0,0,0,0,0
Gbp9,166,136,89,119,317,184,42,125,42,63,58,88,50
Maob,64,175,114,127,142,216,66,181,30,4,136,67,132
Ddx26b,518,205,273,430,453,1686,348,1008,398,360,364,464,188
Slc9a6,37,40,35,44,29,97,31,84,29,31,58,39,53
Klhl4,5,4,0,7,5,19,6,25,6,3,11,5,14
Lrp11,6,3,6,5,2,9,3,25,3,1,12,3,2
Zc3h12d,1,3,0,0,0,2,0,0,0,1,0,0,1
Il20ra,0,0,0,0,0,0,0,0,0,0,0,0,1
L3mbtl3,62,59,33,71,42,131,42,124,29,21,67,45,21
Sh3rf3,0,0,0,0,0,4,0,0,0,0,1,1,0
Ankrd52,56,15,34,42,61,202,48,115,39,47,45,81,6
Pla2g3,0,0,0,0,0,1,0,1,0,0,0,0,0
Btnl9,0,0,0,0,0,5,0,2,3,0,2,0,0
Zfp454,2,1,0,1,0,7,1,6,4,1,2,1,3
Slfn9,11,40,6,21,34,12,5,12,6,9,5,3,0
Ttll6,0,2,1,0,0,8,1,2,0,0,1,0,0
Sdk2,0,0,0,1,0,0,2,0,0,0,0,2,0
Otop2,0,0,0,0,0,0,0,0,0,0,0,0,0
Fscn2,0,2,3,3,1,0,2,4,0,0,0,3,2
Dock4,413,155,192,325,368,1215,346,1023,402,422,345,407,114
Syt16,0,0,0,0,0,0,0,0,0,0,0,0,0
Kcnh5,0,0,0,0,0,0,0,0,0,0,0,0,0
Btbd7,50,21,33,66,68,163,58,139,49,42,77,60,35
Ppwd1,24,9,17,16,23,63,27,39,20,22,15,26,17
Antxrl,0,0,0,0,0,0,0,0,0,0,0,0,0
Sacs,2,4,0,3,0,7,2,4,0,1,4,3,0
Htr2a,1,0,3,3,2,0,4,0,4,0,5,0,0
Enox1,1,0,0,3,1,3,0,1,0,0,1,2,0
Lrp12,67,32,52,75,64,220,50,120,57,45,54,37,29
Rspo2,0,0,0,0,0,4,0,1,0,0,0,0,0
Slc30a8,0,0,0,0,0,0,0,0,0,0,0,0,0
Ttll8,0,0,0,0,0,0,0,0,0,0,0,0,0
Map3k13,2,4,2,2,2,12,5,8,1,5,6,4,0
Pigz,4,3,2,11,6,15,6,6,1,0,1,6,2
Lmln,46,7,22,25,40,63,19,63,18,13,22,30,3
Gpr128,0,0,0,0,0,0,0,0,0,0,0,0,0
Dact2,0,0,0,0,0,0,0,0,0,0,0,0,0
Lnpep,249,122,76,168,199,535,128,435,173,160,177,149,94
St6gal2,0,0,0,0,0,0,0,0,0,0,0,0,0
Slc4a9,0,0,0,0,0,0,0,0,0,0,0,0,0
E230025N22Rik,0,0,0,0,0,0,0,0,0,0,0,0,0
Pcyox1l,8,5,4,9,9,22,9,19,8,7,5,8,9
Malt1,133,42,83,106,95,224,78,187,77,74,72,85,22
Loxhd1,0,0,0,0,0,0,0,0,0,0,0,0,0
Peli3,4,2,3,3,1,6,3,5,0,3,3,1,1
9930021J03Rik,105,50,37,51,67,273,89,214,86,83,95,83,18
Slc16a12,13,53,10,46,23,74,18,50,12,1,52,21,27
Ccnj,4,0,0,9,13,9,3,9,8,2,6,3,1
Vwa2,0,0,0,0,0,0,0,0,0,0,0,0,0
Slco5a1,0,0,0,1,0,0,0,1,1,0,0,0,0
Tor1aip2,192,111,116,189,201,394,95,283,88,92,120,104,77
Fmo9,0,0,0,0,0,0,0,0,0,0,0,0,0
Adamts4,31,11,72,42,65,3,0,1,1,0,0,36,0
9430031J16Rik,0,0,2,0,1,0,0,0,3,0,0,1,0
Ankmy1,0,1,0,0,0,0,0,1,1,0,2,0,0
Cntnap5b,0,0,0,0,0,0,0,0,0,0,0,0,0
Serpinb13,0,0,0,0,0,0,0,0,0,0,0,0,0
Cdh7,0,0,0,0,0,1,0,0,0,0,0,0,0
Olfml2a,8,5,6,6,15,17,2,13,3,6,13,25,3
Galnt5,0,0,0,0,0,0,0,0,0,0,0,0,0
Lass6,32,20,26,45,37,117,29,67,28,24,29,24,18
Exd1,6,0,0,2,2,3,0,3,0,0,2,0,1
Pak7,0,0,1,0,0,2,0,0,0,0,2,0,0
6330439K17Rik,10,12,11,25,8,53,4,33,11,0,18,8,11
Slc7a14,0,0,0,0,0,0,0,0,0,0,0,0,0
Frem2,14,12,9,19,8,36,14,43,7,1,19,13,8
Zfp697,37,13,22,10,19,64,20,56,14,14,18,31,2
Wdr63,12,31,18,24,29,64,24,41,9,0,29,13,25
Manea,90,80,29,63,57,178,76,151,51,47,97,45,59
Rgp1,49,26,35,45,53,131,50,113,33,35,46,58,9
Zfp462,7,23,2,18,13,28,10,25,9,0,14,13,4
Palm2,2,5,0,2,4,13,1,7,0,0,3,4,1
Frmd3,0,0,0,3,0,2,0,2,1,0,1,0,0
Bnc2,0,2,0,3,1,5,0,4,0,1,2,0,0
Klhl9,126,85,79,123,97,291,97,287,78,106,126,92,79
Kank4,4,0,3,3,6,8,1,7,3,4,12,8,3
Cdcp2,0,0,0,0,2,0,0,0,0,0,0,0,0
Podn,2,7,5,7,5,9,3,5,0,0,1,7,3
Gpatch3,9,2,6,17,20,44,10,28,6,11,8,12,1
Pramef8,57,36,22,68,61,121,42,75,43,32,28,33,33
Ttc34,0,0,0,0,0,2,0,3,3,0,0,1,0
4932412H11Rik,0,0,0,1,0,0,0,0,0,0,0,2,0
Tmprss11e,0,0,0,0,0,0,0,0,0,0,0,0,0
Ugt2b35,0,0,0,0,0,0,0,0,0,0,0,0,0
Wdfy3,398,125,179,270,292,868,274,843,276,299,261,294,63
Mfsd7a,2,1,4,3,5,9,6,18,5,5,9,1,2
2900026A02Rik,29,7,29,24,25,82,20,38,22,18,46,48,8
Tmem132d,0,0,0,0,0,0,0,0,0,0,0,0,0
Fry,155,40,73,105,146,282,91,283,108,116,148,201,25
Svs1,0,0,0,0,0,0,0,0,0,0,0,0,0
Slc6a11,0,0,0,16,0,11,0,15,0,3,5,0,0
Styk1,4,2,0,1,2,2,2,4,0,0,1,1,0
Slc13a4,131,262,183,238,177,414,136,378,54,0,201,138,99
Parp12,119,88,74,119,166,201,64,207,74,79,87,81,25
Ppp6r1,197,85,190,235,288,730,265,580,232,205,161,252,49
Fam71e2,0,0,0,0,0,0,0,0,0,0,0,0,0
Nlrp4a,0,0,0,0,0,0,0,0,0,0,0,0,0
Kirrel2,0,0,0,0,0,0,0,0,0,0,4,0,0
Siglecg,12,3,0,10,3,18,3,8,1,3,1,6,1
4933405O20Rik,0,0,0,0,0,0,0,0,0,0,0,0,0
Man2a2,160,91,175,187,208,619,168,507,139,124,178,208,30
Fsd2,0,0,0,0,0,0,0,0,0,0,0,0,0
E030002O03Rik,0,0,0,0,0,1,0,0,0,0,0,0,0
Olfml1,12,32,7,23,14,61,7,36,4,0,29,9,7
Ovch2,0,0,0,0,0,0,0,0,0,0,0,0,0
Cd163l1,0,0,0,0,0,0,0,0,0,0,1,0,0
D8Ertd82e,84,21,86,63,70,169,54,121,41,57,36,74,4
Abcc12,0,0,0,0,0,0,0,0,0,0,0,0,0
Tox3,0,0,1,0,0,0,0,5,1,0,0,0,0
Ccdc113,5,22,23,21,15,24,11,21,2,0,21,7,30
Hydin,10,26,8,14,6,59,9,29,3,0,6,17,1
Zfp317,60,39,31,63,33,138,37,118,42,33,68,43,33
Zfp846,13,9,5,5,7,37,13,46,15,27,13,15,9
Dpy19l1,131,57,53,95,80,296,114,237,99,95,108,74,75
Fam55d,7,10,5,9,10,52,13,33,9,13,46,15,29
Ankk1,0,0,0,0,0,0,0,0,0,0,0,0,0
AI118078,0,0,0,0,0,0,0,0,0,0,0,0,0
C230081A13Rik,147,79,71,134,101,425,121,323,112,131,141,103,27
Klhl31,4,7,0,1,3,1,1,4,2,0,3,3,2
Snx14,121,82,86,128,120,246,64,204,65,64,94,70,73
Dclk3,0,0,0,0,0,0,0,0,0,0,0,0,0
Fam70a,2,2,5,9,0,6,0,10,3,0,0,2,0
Hsf3,0,0,0,0,0,0,0,0,0,0,0,0,0
Nlgn3,2,1,0,4,0,12,1,5,0,0,3,4,1
Amdhd2,4,3,33,15,16,34,16,22,7,8,11,7,7
Scml4,0,1,0,1,5,4,0,1,1,3,0,1,1
Ankrd57,251,184,262,169,280,883,218,654,229,229,354,205,126
Alkbh5,124,99,89,138,149,461,125,344,89,108,175,136,33
Ankrd13b,6,0,7,5,3,11,3,16,5,8,2,8,0
Krt222,1,0,0,0,0,4,0,1,1,0,2,0,0
Lsm12,8,11,10,16,17,34,14,40,13,17,10,7,2
Mgat5b,0,0,0,0,0,0,0,2,0,0,0,0,0
Sntg2,0,1,0,0,1,0,0,1,1,0,0,0,0
Serpina5,0,0,0,0,0,0,0,0,0,0,0,0,0
Mtmr12,91,44,47,128,123,301,65,161,63,56,55,82,17
Adck5,9,9,20,9,15,42,17,44,8,8,11,8,10
Abat,63,154,83,114,71,253,70,154,32,2,146,42,67
Arhgap28,7,10,8,11,8,12,2,11,7,0,9,6,4
Sap130,61,24,61,56,57,223,64,173,58,43,57,65,14
4930503L19Rik,11,6,0,15,14,47,16,34,14,13,15,11,10
Cops7b,17,9,19,13,9,39,6,30,6,3,8,11,3
Muc15,2,4,0,0,0,1,1,0,0,0,0,1,2
Slc28a2,4,1,2,5,3,3,0,3,1,1,1,3,1
Nkain3,0,0,0,0,0,0,0,0,0,0,0,0,0
Fbxl4,42,50,24,35,38,145,33,91,24,28,39,32,41
Pank4,30,16,18,48,61,123,35,100,37,29,38,37,18
C030048B08Rik,12,10,26,29,23,46,7,36,11,18,10,14,17
Phtf2,25,35,5,38,29,110,26,110,25,25,44,22,20
Zfp512,68,23,27,47,81,158,59,154,55,42,65,48,35
Ppp2r2c,36,43,31,33,47,121,33,94,25,1,51,42,21
Zxdc,25,12,20,17,28,55,17,53,20,23,15,28,7
Pon3,158,178,101,169,172,391,124,313,113,133,153,106,125
Tspan12,3,4,9,7,6,15,5,24,5,5,20,13,12
A430110N23Rik,0,1,0,0,0,1,0,0,0,0,0,2,0
Idh2,88,65,120,147,187,274,104,263,62,61,105,105,84
Letm2,8,10,9,13,18,49,16,39,10,17,13,11,6
Mtap1s,12,5,26,18,31,46,22,35,13,15,11,31,2
Lpcat2,987,463,827,867,887,2848,877,2111,861,980,784,637,802
Vat1l,240,580,349,473,339,866,295,656,118,1,598,252,343
Myo9a,179,89,95,117,132,576,90,342,127,143,151,139,54
Pfkfb4,56,21,55,69,70,197,78,141,46,64,40,64,46
BC048403,9,1,3,2,6,17,8,11,7,3,7,4,0
Catsperb,0,0,0,0,0,0,0,0,0,0,0,0,0
Serpina3b,0,0,0,0,0,0,0,0,0,0,0,0,0
Zbtb11,117,46,46,161,137,328,55,202,61,84,66,72,24
Ip6k3,1,0,0,0,0,0,0,1,0,0,6,0,0
Vps13a,76,71,34,69,65,208,45,155,57,59,96,74,45
Adcy10,0,0,1,0,0,0,0,0,0,0,0,0,0
Galnt13,0,0,0,0,0,0,0,4,0,0,0,0,0
BC066135,0,0,0,0,0,0,0,0,0,0,0,0,0
Tstd2,82,32,49,54,57,141,44,111,46,44,60,33,20
Gpr97,3,1,3,1,1,2,0,5,0,1,0,5,0
Tmco7,7,7,10,12,16,41,9,22,7,12,10,9,0
Tbcel,92,118,91,125,96,355,81,259,68,17,164,92,68
Cbr3,7,2,0,11,8,20,5,12,10,6,8,6,14
Gga3,56,20,54,65,53,182,73,153,43,60,50,60,24
Serpinb1c,0,0,0,0,0,0,0,0,0,0,0,0,0
Serpinb1b,25,64,28,24,24,63,21,52,7,0,36,12,56
Limk2,64,37,58,49,46,117,32,132,38,15,53,56,17
Syt7,5,1,1,7,1,10,2,12,9,6,3,7,1
Speer2,0,0,0,0,0,0,0,0,0,0,0,0,0
Sprr4,0,0,0,0,0,0,0,0,0,0,0,0,0
Pmpca,94,80,77,149,133,292,96,219,96,65,86,90,57
Fam164a,8,18,11,9,19,28,8,28,10,9,26,5,20
Fndc3b,160,104,95,162,153,412,90,378,118,111,159,109,45
Rln3,0,0,0,0,0,0,0,0,0,0,0,0,0
Csnk1g1,43,18,16,32,28,115,25,95,31,38,29,29,19
Mcph1,13,9,4,12,6,31,9,30,8,8,9,10,3
Eif5,616,306,398,791,891,1935,402,1296,426,478,387,454,234
Zfp445,231,135,103,174,178,496,105,416,175,120,172,184,87
Gpr20,2,0,0,2,4,0,0,3,1,0,4,3,0
Cypt3,0,0,0,0,0,0,0,0,0,0,0,0,0
Chd6,168,115,97,168,157,489,136,422,113,134,197,146,68
Cds1,138,102,112,127,120,371,107,333,78,108,108,135,55
H6pd,63,18,55,44,43,163,53,125,53,32,41,54,9
Grm6,0,0,0,0,0,0,0,0,0,0,0,0,0
Fam180a,0,0,0,0,0,0,0,0,0,2,0,0,1
Rbmx2,7,5,2,2,4,23,5,14,3,7,10,5,2
Svs3b,0,0,0,0,0,0,0,0,0,0,0,0,0
Trp53bp2,145,77,104,132,118,289,89,229,97,61,78,96,30
Leprel1,117,40,73,79,68,291,94,234,96,94,85,70,27
6720489N17Rik,6,5,7,6,3,33,8,33,3,4,8,6,4
2810046L04Rik,42,13,19,37,46,116,42,89,35,20,23,33,0
Dnd1,3,0,0,1,4,4,3,0,0,0,0,0,0
Sox30,3,1,0,0,0,2,0,2,0,0,1,1,0
Cilp,0,0,0,0,0,3,0,1,0,2,0,0,0
E330016A19Rik,113,39,39,59,71,129,31,92,41,36,31,45,13
Zfp879,4,2,0,0,0,5,2,2,2,5,9,1,1
Nhsl1,26,19,6,8,25,32,7,32,16,5,28,19,3
Tph2,0,0,0,0,0,0,0,0,0,0,1,0,0
Zfyve16,72,102,45,69,94,301,70,201,94,44,133,73,74
Xkr6,0,0,0,0,0,0,0,0,1,1,0,0,1
Ticam2,58,17,32,38,53,147,38,149,43,67,59,31,29
Fam132b,0,0,2,0,0,3,0,1,0,1,0,0,2
Tgif2,39,12,49,71,83,210,44,102,36,49,40,69,10
Fitm2,6,4,9,11,4,21,5,10,6,2,10,4,6
Gpr171,4,2,5,7,2,10,1,6,7,1,3,4,2
Haus6,26,4,16,14,9,30,18,49,6,12,20,14,13
Rgs12,28,17,53,33,39,80,26,59,15,13,45,28,10
Slc10a4,0,0,0,0,0,0,0,0,0,0,0,0,0
Bmp3,0,0,0,0,0,0,0,0,0,0,0,0,0
Amz1,19,4,19,29,31,115,36,107,23,35,27,26,15
4933402N03Rik,0,0,0,0,0,0,0,0,0,0,0,0,0
Gpr26,0,0,0,0,0,0,0,0,0,0,0,0,0
BC030500,0,0,0,0,0,0,0,0,0,0,0,0,0
Cypt4,0,0,0,0,0,0,0,0,0,0,0,0,0
Rab8b,458,206,273,487,448,978,232,724,258,283,251,247,230
Lancl3,2,0,2,1,1,2,0,0,0,0,2,6,0
Nyx,0,0,0,1,0,1,1,1,0,0,1,0,0
Lrit2,0,0,0,0,0,0,0,0,0,0,0,0,0
Dleu7,0,0,0,0,0,0,1,0,0,0,1,0,0
Synb,0,0,0,0,0,0,0,0,0,0,0,0,0
BC030476,0,0,0,0,0,0,0,0,0,0,0,0,0
Colec10,0,0,0,0,0,0,0,0,0,0,0,0,0
Fem1c,90,45,37,105,109,229,58,146,59,62,78,40,28
Zbtb37,41,15,9,26,32,90,20,64,34,23,21,28,17
Fam124b,1,2,0,0,2,3,0,3,3,0,0,0,3
Fam110b,1,3,6,6,3,14,0,10,0,2,7,3,6
Klhdc7a,29,42,40,40,38,110,39,86,19,1,56,34,12
Sspo,3,2,2,0,1,17,2,11,0,1,0,4,0
Zfp775,6,2,4,12,6,10,4,15,4,4,2,3,1
Fkrp,41,27,30,44,31,76,26,76,21,17,31,17,9
Rpgrip1l,25,54,30,27,49,111,26,96,15,14,63,32,38
Pskh1,48,24,41,34,52,106,25,88,30,23,33,31,12
Kdm4d,0,0,0,1,1,0,0,1,0,0,0,0,0
9930111J21Rik2,2,0,0,0,1,3,0,1,2,3,0,1,0
4930595M18Rik,0,0,0,0,0,0,0,0,0,0,0,0,0
Cypt2-ps,0,0,0,0,0,0,0,0,0,0,0,0,0
Nav1,109,21,46,64,77,266,78,218,79,73,70,130,9
Fbxo45,40,10,4,22,27,95,5,72,23,21,39,24,6
Nrip1,245,77,111,243,230,701,189,549,263,267,174,185,55
Iws1,93,55,35,68,74,204,48,179,65,39,86,73,42
Vcpip1,176,62,57,108,100,308,74,257,90,104,102,105,49
Nbeal1,128,108,52,86,109,295,62,242,94,61,144,101,47
Rccd1,9,4,5,3,6,14,3,8,2,2,5,7,0
Fam155a,1,0,1,0,0,1,0,2,0,0,0,0,0
4921523A10Rik,1,0,0,1,0,1,1,1,1,0,0,1,0
Rpusd2,9,0,0,4,2,18,1,7,3,8,3,1,0
Arsj,0,0,0,0,0,0,0,0,0,0,0,0,0
Hmgcll1,0,12,5,6,1,12,8,6,0,0,2,2,0
Suox,10,19,13,17,19,51,13,57,14,7,24,8,24
2310044G17Rik,26,20,24,31,22,76,21,66,14,13,40,17,24
8430410A17Rik,12,10,7,14,22,40,12,41,10,16,23,13,6
Zfp940,5,6,2,3,4,11,3,7,3,3,3,2,0
Galntl4,0,1,3,2,11,0,1,6,1,0,6,3,2
Maoa,21,28,27,45,47,90,16,69,19,42,101,30,77
Wdr24,20,9,29,11,44,55,13,50,4,15,10,17,8
Rnasek,13,35,84,50,56,108,41,93,25,19,41,49,54
2610019F03Rik,3,8,4,14,11,32,11,38,14,4,39,6,18
Dusp18,27,44,21,114,61,198,46,178,31,32,67,43,36
Gpkow,52,40,52,71,81,179,54,106,44,40,51,55,29
Nudcd3,85,38,71,95,101,260,60,169,65,66,88,63,40
Pamr1,0,0,0,2,0,17,2,7,0,0,0,0,0
Ilvbl,38,19,56,47,55,117,39,85,25,26,27,34,38
1110067D22Rik,37,67,25,54,46,88,6,83,15,14,61,21,21
Fnip1,200,146,101,244,255,664,147,421,142,165,153,152,111
Usp43,0,0,2,0,0,2,0,5,1,0,0,1,0
Ube2o,14,8,12,28,35,77,31,80,24,22,17,20,4
Lin52,14,14,5,6,7,54,9,30,15,8,20,7,11
Mrps27,24,16,19,18,17,38,12,48,12,20,21,7,14
Ppip5k2,104,44,46,72,69,241,55,210,94,69,84,77,43
Ythdf1,95,53,59,63,112,258,78,197,55,73,80,57,23
Cenpe,7,5,1,1,10,14,6,18,7,11,3,3,0
Ccbl2,8,10,7,15,15,27,7,27,9,21,5,5,11
Tapt1,75,54,41,66,85,253,69,167,78,61,72,57,68
Insc,0,0,2,0,1,3,0,1,0,0,1,0,0
Zfp641,4,2,7,3,0,11,0,10,2,2,2,14,2
Fam69c,0,0,0,0,0,0,0,0,0,0,0,0,0
4933406M09Rik,0,0,0,0,0,0,0,0,0,0,0,1,0
Neu4,0,0,0,0,0,0,0,7,0,0,0,1,0
Oog4,0,0,0,0,0,0,0,0,0,0,0,0,0
Slc45a1,0,0,0,0,0,1,0,0,2,0,0,0,0
Ccdc37,0,0,0,0,2,6,2,6,2,2,1,0,1
Olfm2,0,0,3,1,0,0,2,1,1,0,0,0,0
Sh2d7,6,2,1,5,2,4,1,8,1,0,1,1,0
Ankrd58,0,0,0,0,0,0,0,0,0,0,0,0,0
Klf8,2,0,0,0,1,0,0,0,0,0,0,3,0
Rab6b,89,43,40,79,84,278,90,244,80,114,97,75,17
Mageb18,0,0,0,0,0,0,0,0,0,0,0,0,0
Ubtd2,9,21,11,20,18,49,10,32,2,3,24,15,4
A230051G13Rik,15,5,10,6,16,21,10,25,8,4,0,15,4
Npr2,13,23,13,18,10,50,18,46,19,1,29,19,1
Helt,0,0,0,0,0,0,0,0,0,0,0,0,0
Csnka2ip,0,0,0,0,0,0,0,0,0,0,0,0,0
Fam83a,0,0,0,0,0,0,0,0,0,0,0,0,0
Crtc3,28,6,12,25,34,79,28,67,32,40,22,52,3
Gm5077,0,0,0,0,0,0,0,0,0,2,0,0,0
Slc41a1,81,39,75,74,126,182,53,134,42,33,60,75,23
Gpt2,21,6,8,11,8,50,12,35,12,15,16,11,6
Rcc2,56,35,104,83,79,288,131,262,73,95,99,59,19
Stfa2l1,0,0,3,0,1,1,0,1,0,1,0,0,0
Mgat4a,356,183,287,328,329,1336,322,995,367,400,385,270,235
Crybg3,78,31,45,84,64,193,38,145,56,64,70,49,18
Micall2,0,0,9,1,4,6,2,4,1,0,2,5,1
Il28ra,2,1,9,0,3,5,2,1,2,0,0,2,0
Phf12,84,21,81,72,68,246,75,210,65,56,73,109,10
Disc1,1,0,3,4,2,5,4,15,0,2,1,1,0
Mamdc2,7,16,2,8,5,21,4,18,2,0,11,6,10
Klk15,0,0,0,0,0,0,0,0,0,0,0,0,0
Klk14,0,0,0,0,0,0,0,0,0,0,0,0,0
Fam73a,128,264,114,183,139,300,103,351,57,35,212,104,146
Atg4b,53,25,33,46,64,144,27,117,31,29,53,51,37
Atg4a,7,16,11,11,15,29,2,21,9,7,11,3,10
Impg2,2,3,0,1,0,3,2,4,1,0,3,5,1
Adam6a,0,0,0,0,0,0,0,0,0,0,0,0,0
Gimap9,13,4,8,9,8,44,14,21,9,16,9,8,13
Gpbar1,0,0,0,0,0,0,1,0,0,0,0,1,0
1810063B05Rik,3,10,4,14,4,10,4,14,4,4,7,5,7
Cdh22,0,0,0,0,0,0,0,0,0,0,0,0,0
Ticam1,57,22,63,87,104,187,52,150,35,49,29,76,6
Gimap4,7,6,2,4,8,16,3,3,3,1,7,5,10
Bai1,0,0,0,0,0,1,0,3,0,0,0,0,0
Mgst2,2,0,0,1,5,0,0,0,0,0,1,2,1
Hpcal4,0,0,1,0,0,1,0,0,0,0,0,0,0
Hbq1a,0,0,0,0,0,0,0,0,0,0,0,0,0
Mrpl22,4,3,3,6,14,18,9,26,9,4,4,6,8
Mmgt2,28,24,14,19,23,58,29,50,21,26,23,16,36
Pou6f2,0,0,0,0,0,0,0,0,0,0,0,0,0
Amph,2,5,2,3,1,1,0,3,0,0,1,1,1
4930474N05Rik,0,0,0,0,0,0,0,0,0,0,0,0,0
Eny2,31,36,19,32,29,74,27,67,17,26,35,25,38
E330017A01Rik,0,0,0,0,0,0,0,0,0,0,0,0,0
Pgm5,50,30,42,30,79,40,15,51,11,9,33,57,8
Atp5g3,115,176,140,158,190,358,107,258,52,54,194,106,188
Alkbh2,1,4,1,2,11,3,7,5,2,1,1,1,2
4933427D06Rik,0,0,0,0,0,0,0,0,0,0,0,0,0
Prss58,0,0,0,0,0,0,0,0,0,0,0,0,0
Samd4b,49,18,73,123,126,260,85,191,63,51,54,74,5
Prr12,23,7,21,23,20,74,52,95,33,16,16,37,2
Nrn1l,0,0,0,0,0,0,0,0,0,0,0,0,0
Atp2c1,440,317,284,348,303,1381,366,1052,369,362,487,340,358
Pyhin1,92,63,33,60,91,27,14,34,10,27,7,12,21
Adnp2,35,13,33,38,60,119,42,113,28,34,26,35,10
Atg4c,24,10,15,19,18,68,21,63,26,23,23,18,8
Tctex1d4,5,1,6,2,6,19,1,17,5,1,3,5,3
Stk36,5,13,3,12,8,30,6,12,5,1,6,6,9
Galntl6,0,1,0,1,0,0,0,0,0,0,2,1,0
BC089491,0,0,0,0,0,0,0,0,0,0,0,0,0
Slc24a5,28,54,42,52,60,100,30,107,12,1,58,33,64
Gimap5,11,9,17,12,13,12,7,23,4,5,6,7,6
Leprot,167,75,144,120,165,386,134,385,106,121,141,98,148
Agtr1b,1,0,0,0,0,0,1,0,0,0,0,0,0
Aqp6,0,0,0,0,0,0,0,0,0,0,0,0,0
Mdfic,55,95,61,82,65,203,52,146,28,15,113,48,76
Nek1,28,19,8,32,23,85,18,67,25,22,26,12,12
Slc31a1,284,626,258,404,348,944,282,754,173,89,525,216,501
Rhof,6,0,3,5,5,5,4,1,2,2,3,1,1
Trib3,2,1,0,0,2,3,0,0,1,4,0,0,0
Pdhx,28,26,29,25,23,79,26,65,11,20,32,17,38
Commd2,24,22,30,18,26,65,22,50,21,29,28,29,42
Stbd1,7,8,1,4,4,21,9,11,6,8,10,13,5
Prickle3,4,1,4,5,6,12,6,15,10,9,3,7,2
Ccdc126,8,29,28,14,13,33,12,38,14,3,17,12,20
Tmem111,124,79,83,121,121,295,101,224,100,104,113,87,107
Sf3b5,3,3,14,9,9,14,11,17,5,3,5,4,23
Bola2,2,7,10,5,13,9,4,10,3,2,2,11,14
Fam53c,42,28,35,81,66,176,41,104,29,36,34,49,8
Aqp11,2,5,2,1,10,11,1,10,4,2,9,1,7
Tmem177,7,5,6,6,13,18,8,23,7,6,10,5,7
2310022A10Rik,12,3,10,5,11,38,14,25,14,11,8,9,3
Rps19bp1,11,13,4,12,10,17,7,32,6,2,2,3,5
Hspbap1,12,6,20,11,27,37,8,28,10,17,3,10,7
Rae1,37,20,31,47,47,77,35,140,34,31,24,28,20
Trmt6,35,21,25,35,34,98,22,68,24,23,34,18,28
Trak1,75,37,75,103,100,190,67,192,49,52,62,67,18
Ikzf5,36,21,17,28,32,75,26,67,15,27,30,31,16
Lpar6,125,50,68,72,84,404,112,287,115,98,146,106,193
Dusp28,3,4,13,4,6,12,4,8,0,5,8,1,8
Slc38a2,381,155,215,509,525,1271,286,858,294,284,327,413,192
Rab39b,0,13,2,9,7,17,2,14,4,0,4,3,7
1110051M20Rik,21,20,25,21,33,62,22,48,15,10,35,25,20
Lrrc28,8,3,2,8,8,21,10,22,6,7,8,4,8
Zcchc3,4,1,2,2,7,20,1,7,1,0,8,0,1
Fbxo28,72,33,39,54,62,134,36,126,37,63,58,42,25
4930430F08Rik,24,14,5,15,10,43,16,28,23,14,14,4,9
Trpm4,7,12,34,32,41,75,34,71,20,16,17,23,9
Synpo2l,0,1,0,1,2,1,1,0,0,0,0,1,2
1110038D17Rik,20,25,37,42,52,87,30,64,21,29,23,38,17
Ankrd46,56,42,46,69,42,129,39,122,28,31,66,45,73
Rnf122,13,4,11,14,25,42,14,28,4,8,9,5,3
Vars2,12,9,31,13,14,45,14,46,15,14,13,19,1
Dnaic1,0,7,4,14,2,25,5,28,7,0,5,11,10
Chst8,4,4,10,16,9,20,7,16,4,5,5,6,2
1810030O07Rik,51,42,35,53,53,147,51,130,50,56,45,34,33
Tmem127,99,44,63,96,93,249,68,247,93,88,98,70,51
2300002M23Rik,0,0,0,0,0,0,0,0,0,0,0,0,0
2310022B05Rik,27,9,22,27,26,64,21,49,15,28,28,36,3
Txndc15,63,80,61,75,77,163,90,157,66,61,82,51,80
Tatdn1,15,12,14,13,12,49,10,56,15,13,17,9,31
Galk2,18,28,19,48,52,94,33,73,18,26,32,19,56
Sash1,54,47,69,55,57,111,27,92,22,20,76,62,10
Utp20,56,30,15,34,54,143,31,95,41,36,70,45,14
Zfp689,3,6,2,2,2,7,0,7,3,2,4,2,0
Arhgap26,30,15,23,27,65,29,11,29,13,11,20,21,5
5430419D17Rik,0,0,0,0,0,0,0,2,0,0,1,0,0
Bpifb9a,0,0,0,0,0,0,0,0,0,0,0,0,0
Ptk7,0,0,2,4,3,6,4,9,0,0,2,8,1
Pogk,86,43,62,88,113,279,41,137,49,52,47,81,30
Mast4,105,50,58,81,161,102,22,85,25,31,70,97,4
Wdr27,0,2,0,0,0,2,1,0,0,0,2,0,0
Klhl5,52,35,50,85,71,200,66,207,69,58,94,66,62
Plekhf2,95,55,48,99,89,244,57,196,95,102,75,55,58
4922501L14Rik,8,8,0,2,1,9,0,8,1,0,1,1,0
Aifm3,23,50,43,38,51,92,40,87,11,0,30,35,25
Fam123b,30,12,6,5,6,62,15,30,9,6,31,11,6
Wdr44,76,34,25,64,69,315,64,261,99,101,83,59,35
Atxn7l2,7,1,4,5,12,27,13,12,7,7,9,12,2
Fam125b,176,58,198,209,223,451,210,412,132,182,128,172,25
Hsdl1,21,11,18,53,36,88,42,97,27,28,35,19,23
Tmem161b,50,54,37,42,58,128,38,107,23,40,45,35,35
Hepacam,1,0,0,1,1,20,0,10,0,0,1,2,1
Swi5,34,82,53,66,77,159,47,165,49,38,69,47,117
Gpr22,1,0,0,0,0,3,2,1,0,1,0,3,1
Golim4,55,41,61,58,69,153,46,132,65,53,117,87,30
Slc25a16,30,26,21,32,26,93,18,67,13,9,49,18,29
3110056O03Rik,15,11,30,25,29,56,19,41,15,17,10,22,8
Prox2,2,2,5,3,3,13,4,13,3,7,5,5,3
Hspa12a,14,28,13,33,28,75,9,62,9,7,31,20,15
Als2cr11,0,0,0,0,0,0,0,0,0,0,0,0,0
Psmb11,0,0,0,0,0,3,0,0,0,0,0,0,0
Fbxl22,17,9,11,4,6,19,13,17,8,3,14,5,4
Ankrd9,2,2,2,0,1,1,1,8,0,0,0,1,3
Abca12,0,0,0,0,0,0,0,0,0,0,0,0,0
Ralgps1,28,9,20,31,20,58,17,54,21,18,17,16,1
Tmem65,89,94,54,98,90,276,91,252,109,74,99,63,50
Mei4,0,0,0,0,0,0,0,0,0,0,0,0,0
Kif27,17,39,12,19,15,57,11,38,9,0,23,19,3
Mmd2,0,0,0,7,0,16,0,6,1,1,2,0,0
Dnali1,11,16,2,18,19,49,15,31,6,4,14,5,23
Metap1,47,20,32,45,48,135,39,101,46,40,53,26,60
Rnf139,110,90,74,88,104,217,64,226,68,96,88,54,74
4930578C19Rik,0,0,0,0,1,7,1,13,4,3,6,0,3
Srrm2,870,321,472,726,771,2620,753,2212,719,830,780,1013,59
6230409E13Rik,12,26,9,34,17,48,12,64,7,0,24,9,14
Celf6,0,0,0,0,0,0,0,0,0,0,0,0,0
Adhfe1,11,15,10,13,13,26,6,12,8,9,19,12,9
Rif1,148,81,37,72,89,305,59,204,95,101,77,64,44
1700028K03Rik,3,0,0,2,5,12,0,5,2,2,3,5,5
2310014H01Rik,266,80,264,279,333,638,191,451,167,191,141,228,42
Hectd3,27,18,31,19,39,144,39,66,40,24,33,22,9
Mzt1,42,61,50,42,63,107,40,105,45,27,50,34,50
Snip1,15,28,24,31,24,71,24,75,19,26,30,16,32
Psapl1,0,0,0,0,0,0,0,0,0,0,0,0,0
Arid2,123,54,57,90,102,291,104,282,119,94,93,97,37
Sec24a,90,28,30,72,52,210,41,157,52,48,61,63,6
Heg1,119,76,90,141,120,236,52,215,70,29,166,137,14
Rapgef6,217,140,107,192,220,598,138,406,158,167,200,175,107
Shisa4,4,4,14,18,4,19,13,16,0,0,7,10,6
Myh10,45,44,40,66,62,149,56,174,39,15,69,56,21
Notum,1,0,3,2,1,4,1,1,1,1,6,0,2
6720463M24Rik,6,9,6,6,1,10,5,7,4,3,1,2,0
Epm2aip1,51,72,35,57,50,159,32,130,31,32,93,50,46
Fam53b,54,38,50,93,92,201,67,208,66,60,60,99,14
Ankrd56,1,0,0,0,0,0,0,0,0,0,0,0,0
Lpar4,0,1,4,8,2,7,0,7,0,0,4,0,4
Ttyh3,85,14,144,105,105,328,163,275,88,112,66,123,21
Cntln,20,19,20,19,18,56,12,45,13,11,24,19,5
Fhod3,2,1,0,4,0,7,0,4,3,0,1,0,0
Bola3,3,17,4,13,9,24,11,26,8,2,10,13,21
Rassf10,0,0,0,0,0,0,0,0,0,0,0,0,0
4930529M08Rik,2,6,0,1,3,11,2,6,3,0,3,3,3
Srd5a1,0,7,3,0,7,21,3,10,2,1,4,3,6
Fzd10,0,0,0,0,0,1,1,0,1,0,0,0,0
Tmem62,11,13,6,16,20,46,17,26,12,19,9,26,18
Tprn,20,11,7,2,6,34,10,35,11,11,13,14,7
A430005L14Rik,8,6,14,13,13,20,20,35,9,14,14,15,24
Nlrp4f,0,0,0,0,0,0,0,0,0,0,0,0,0
Dock10,883,325,369,621,693,2231,549,1739,672,747,551,652,276
D630023F18Rik,0,0,0,1,0,0,0,0,0,0,0,0,0
Mael,0,0,0,0,0,0,0,0,0,0,0,0,0
Anapc2,85,43,114,100,106,263,101,254,84,76,83,105,61
Sall4,0,0,0,0,0,0,0,0,0,0,0,0,0
Lrrc19,0,0,0,0,0,0,0,1,1,0,0,0,0
Fam46b,1,0,3,1,0,1,0,0,0,0,1,0,0
Mob3c,119,62,132,148,189,359,68,228,72,58,71,111,20
Upk3b,0,0,0,0,0,0,0,0,1,0,1,0,0
Pds5b,106,82,43,103,85,281,94,251,90,68,140,96,66
B630005N14Rik,68,45,42,54,50,178,41,145,61,61,60,31,50
A130022J15Rik,73,76,62,74,70,190,60,215,84,69,185,71,84
Adamts9,111,66,65,65,181,13,2,10,1,0,3,94,2
Ceacam15,0,0,0,0,0,0,0,0,0,0,0,0,0
Slco2b1,1631,566,1630,1448,1609,4830,1692,4029,1507,1657,1307,1618,602
Spty2d1,235,111,136,270,338,747,165,467,168,205,160,179,81
C330005M16Rik,0,0,0,0,0,0,0,0,0,0,0,0,0
Acad11,32,20,21,32,21,73,24,60,19,24,30,23,32
Bbs4,32,28,14,18,20,50,16,55,33,12,44,21,19
D330045A20Rik,4,5,16,15,2,8,0,15,2,0,2,3,1
Slc6a15,14,28,7,17,14,60,8,47,4,0,23,15,27
Chchd10,8,17,36,29,27,72,34,42,11,1,23,15,40
Nt5dc3,31,10,22,43,50,164,16,59,18,29,26,24,9
E130012A19Rik,1,0,5,7,11,17,11,8,3,9,2,1,1
Slc25a41,0,0,0,0,0,0,0,0,0,0,0,0,0
Maml1,68,7,54,74,62,227,60,173,65,61,39,52,3
Mlh3,34,16,18,21,13,82,20,49,13,23,26,29,20
Nhlrc1,2,0,4,6,4,11,7,10,0,5,3,2,0
Mbnl2,200,161,118,193,222,530,133,414,148,142,203,163,116
Cphx,0,0,0,0,0,0,0,0,0,0,0,0,0
Ano6,217,95,159,196,190,453,110,389,130,97,181,134,73
Srl,33,26,21,28,27,71,16,50,10,18,29,11,24
Ldhal6b,0,1,1,0,0,0,0,0,0,0,0,0,0
Tmem146,0,0,0,0,0,0,0,1,0,0,0,0,0
Unc119b,18,28,43,35,44,100,38,105,22,29,56,40,42
Pi4kb,50,20,50,53,52,172,63,161,44,49,69,50,26
Zdhhc15,4,1,0,1,0,3,0,1,2,0,1,0,0
Obfc1,12,13,16,21,27,31,14,34,10,9,15,12,10
Card11,3,2,6,6,5,36,5,3,2,1,2,1,0
Lyrm2,35,31,20,23,19,75,29,56,24,19,20,8,23
Mex3b,28,5,33,17,12,77,18,44,23,21,21,21,4
Ston2,82,58,35,72,64,226,49,157,47,43,78,48,9
4933402P03Rik,0,0,0,0,0,0,0,0,0,0,0,0,0
Ccdc122,6,12,6,13,11,10,4,9,0,5,6,6,2
Als2cr12,0,0,0,0,0,1,0,2,0,0,1,0,0
Rdh13,10,12,6,11,18,66,21,37,8,4,12,5,9
Mtrf1l,5,11,11,10,9,30,5,22,7,17,7,13,12
Ankhd1,268,113,108,191,195,663,151,470,184,203,223,184,56
Gpd1l,134,47,49,104,102,259,89,216,96,106,104,75,45
2700081O15Rik,24,4,19,20,26,71,19,50,13,19,19,29,3
Fam72a,12,4,16,12,9,80,28,43,17,27,20,22,15
B3gnt1,37,24,53,39,38,107,40,79,34,23,31,19,40
Rnf169,416,88,164,166,243,223,79,192,98,107,58,116,19
Rg9mtd2,17,15,11,6,15,38,23,29,6,9,11,6,6
Apol7c,2,1,1,4,10,0,0,0,0,0,0,0,0
4930555G01Rik,0,0,0,0,0,0,0,0,0,0,0,0,0
Sp110,35,29,21,49,56,88,32,70,22,37,29,35,13
6530418L21Rik,3,2,3,5,3,11,1,8,1,3,6,1,3
Exosc4,3,7,4,11,10,21,11,22,6,7,5,10,19
Sephs1,46,58,24,49,42,91,32,94,21,42,50,25,38
Fbxw17,6,6,6,11,16,28,6,23,6,2,5,5,8
Rbm15b,12,3,30,15,19,49,16,35,13,26,14,4,3
Mlec,413,209,330,444,370,1191,421,1198,424,435,548,393,205
Atp6v0d2,0,0,0,0,0,0,0,0,0,0,0,0,0
Sobp,2,2,2,4,4,8,3,9,0,0,8,8,0
Tmem139,0,0,0,1,0,2,0,1,0,0,0,1,2
Lrrc39,51,9,15,16,29,89,24,43,21,28,19,20,11
Tspan9,50,44,58,78,66,152,42,130,39,39,60,50,20
Mybpc1,0,0,0,0,0,0,0,0,0,0,0,0,0
Actr5,8,5,6,14,27,47,11,34,3,13,13,9,5
Orai1,27,18,63,64,52,125,46,117,31,41,34,58,24
Prr9,0,0,0,0,0,0,0,0,0,0,0,0,0
Fam163b,1,0,0,0,0,0,0,0,1,0,0,0,0
Zfp295,41,31,50,70,114,183,45,118,33,48,41,38,14
Kctd12b,23,22,12,17,16,66,10,50,13,9,45,17,27
Ccdc40,2,0,0,4,0,16,0,9,2,1,0,6,0
A830093I24Rik,0,0,3,0,2,1,0,2,1,0,0,3,0
Tmem132c,0,0,0,2,0,0,1,5,0,0,3,0,0
Zfp710,145,34,177,168,185,579,234,538,161,181,172,245,25
Slc35f3,10,11,3,15,2,23,6,10,4,0,4,0,3
Zfp526,18,2,5,6,12,24,12,15,7,9,8,8,2
Pion,112,51,83,130,90,249,91,200,85,102,74,98,51
Aldh4a1,17,11,31,33,19,88,30,46,14,15,25,18,12
Mars2,7,6,3,1,3,13,0,8,2,1,2,0,2
Prss27,0,0,0,0,0,0,0,0,0,0,0,0,0
Mylk3,0,0,0,0,0,0,0,0,0,0,0,0,0
Etnk2,1,3,2,0,1,3,2,6,3,0,3,2,0
Rassf2,723,168,405,447,404,893,288,933,399,405,320,440,133
Zmat1,39,24,30,18,33,78,24,88,31,32,23,32,13
Clvs2,0,0,0,0,0,0,0,2,0,0,0,0,0
Fam26f,11,7,11,9,13,7,5,6,3,3,1,3,3
Wdr18,19,10,13,28,22,32,26,46,16,15,22,25,7
Ckap4,26,7,30,34,45,127,44,105,22,31,42,31,2
C630004H02Rik,6,13,16,18,16,53,17,34,6,0,13,11,8
Ankrd34b,0,0,0,0,0,0,0,0,0,0,0,2,0
Abra,0,0,0,0,0,0,0,1,0,0,1,0,0
Heatr7a,48,24,88,63,97,218,69,195,53,52,58,82,11
Glis3,17,13,11,14,20,35,14,33,15,7,6,15,4
Nmnat2,5,7,3,13,8,17,3,13,4,0,6,16,2
Sestd1,10,19,13,16,16,40,8,52,13,8,27,12,5
Zfp770,34,29,28,28,48,157,26,98,40,37,51,37,32
Sptlc3,11,21,2,14,2,22,2,15,2,0,14,8,3
Gpr61,0,0,0,0,0,0,0,1,0,0,1,0,0
Cyb5rl,8,1,8,3,8,24,5,16,5,5,7,5,7
Zcchc11,112,66,62,92,108,342,74,255,65,91,98,91,35
Fras1,37,73,48,63,53,177,46,164,26,2,88,66,29
Fam109a,7,4,8,7,5,30,9,14,6,5,5,6,0
Lrfn3,2,0,0,0,1,4,3,2,2,0,0,0,0
Zfp612,4,20,8,12,13,39,8,33,1,0,12,20,9
Grik4,0,0,0,0,0,1,0,3,0,0,0,2,0
Usp28,36,15,5,28,27,92,22,79,21,31,24,20,13
Snx33,8,19,13,11,10,36,11,25,8,5,19,13,10
Coro2b,21,12,30,31,29,68,33,56,4,1,39,27,12
Prtg,6,22,6,9,9,26,2,14,3,0,5,8,3
6430571L13Rik,0,0,1,0,5,4,2,2,1,0,1,1,0
Ccdc38,5,1,2,11,2,15,1,24,1,3,3,2,5
Gpr75,3,5,6,2,3,5,3,9,0,0,3,2,1
Gpr68,2,0,2,0,0,6,3,2,2,3,1,5,0
Zfp367,22,20,17,26,27,50,12,39,11,8,25,11,40
Gpr150,0,0,0,0,1,0,0,1,0,0,0,0,0
Actbl2,0,0,0,0,0,0,0,0,0,0,0,0,0
Pnma2,3,0,0,1,1,6,2,9,0,0,1,0,2
Slitrk6,0,1,2,7,3,2,1,6,1,0,4,3,1
Gpc5,0,0,0,0,0,0,0,6,0,0,0,0,0
Adamts12,4,0,0,0,2,0,1,3,0,2,0,4,0
Tmem74,0,0,0,0,0,0,0,0,0,0,0,0,0
Aard,0,0,3,0,0,2,0,0,0,0,0,0,0
Adamts19,0,0,0,0,0,0,0,0,0,0,0,0,0
Unc80,3,5,2,7,3,18,10,12,7,0,12,3,3
Fam78a,18,6,17,6,10,40,16,20,13,10,9,8,7
Dhrs9,3,0,0,5,0,0,0,0,0,0,0,1,0
Zfp804a,0,0,0,0,0,0,0,2,0,0,0,0,0
Fam171b,20,21,14,12,6,23,7,29,1,0,18,15,6
Intu,33,28,14,33,28,114,32,77,15,6,50,36,15
4930412F15Rik,0,0,0,0,0,1,0,1,0,0,1,0,0
D730040F13Rik,104,87,43,97,115,327,85,255,87,66,152,127,30
Kctd8,0,0,0,0,0,0,0,0,0,0,0,0,0
Gpr81,0,0,0,1,0,1,0,4,0,1,1,0,0
6430598A04Rik,1,3,0,0,3,7,1,4,0,0,1,4,0
Elfn1,0,0,4,2,0,7,3,3,0,0,2,1,0
Ppm1k,54,37,13,42,58,80,21,78,25,29,41,15,28
C130060K24Rik,0,0,0,0,0,0,0,0,0,3,0,1,0
D630042P16Rik,1,0,1,0,0,0,0,1,0,5,1,0,1
Clec1a,0,1,3,6,4,6,0,6,6,0,3,1,4
E330009J07Rik,1,0,2,0,1,6,1,4,0,4,1,1,1
Leng9,0,3,1,4,3,16,2,26,3,9,5,8,3
Fbxo46,6,1,20,7,3,13,14,18,10,4,9,8,6
Mrgprb2,0,0,0,0,0,0,0,0,0,0,0,0,0
Nlrp10,0,0,0,0,0,0,0,2,0,0,0,0,0
Mrgpre,5,2,12,12,2,21,6,16,11,9,7,12,1
Arhgap20,0,7,4,6,5,22,7,16,6,2,11,1,1
Zbtb38,33,23,21,15,29,82,18,48,19,30,32,35,10
E130304F04Rik,0,0,0,0,0,0,0,0,0,0,0,0,0
Dcaf12l2,0,0,0,1,0,1,0,3,0,0,0,0,0
Rttn,33,16,12,21,18,108,14,76,28,25,25,12,16
Rab11fip4,9,15,4,13,2,28,5,34,5,0,14,9,6
Wdfy2,37,23,28,20,63,161,58,117,51,61,64,47,27
Lsamp,0,0,0,2,0,3,1,3,0,0,2,1,0
Robo2,0,0,0,0,3,3,1,2,0,0,0,2,2
Ap4e1,66,27,25,47,42,183,31,94,37,37,64,42,20
Dido1,113,41,100,91,97,311,75,281,111,83,88,95,17
Clspn,1,1,5,2,0,14,0,5,1,4,0,6,0
Zfp384,125,34,78,90,136,348,91,186,88,97,85,80,26
Zfp747,8,3,5,8,16,28,5,25,2,5,6,7,9
Pcnxl2,2,1,0,4,0,1,2,2,0,0,1,1,0
Rab39,28,12,20,18,16,76,27,77,39,39,36,24,35
Prr11,3,0,4,4,5,16,2,11,3,5,5,4,1
Tmem169,1,0,2,0,0,0,0,1,0,0,0,0,0
A2m,228,479,344,347,424,314,169,401,74,2,274,128,173
Cbln4,0,0,0,0,0,0,0,0,0,0,0,0,0
Oscar,0,0,0,0,0,1,2,0,0,0,0,0,0
Wnk4,2,9,4,7,0,19,0,4,4,0,7,5,4
Wdr43,109,50,67,119,113,221,50,162,45,50,87,39,50
Ltbp4,64,30,163,66,135,83,61,166,67,68,106,153,7
Bai3,0,0,3,0,0,4,0,0,0,0,1,0,0
Gphb5,0,0,0,0,0,0,0,3,0,0,0,0,0
Xylt1,4,6,2,8,3,22,5,14,7,0,6,6,0
Txnl4b,13,1,11,7,7,17,6,17,3,4,5,1,7
Dmrta1,0,0,0,0,0,0,0,0,0,0,0,0,0
Trim30b,18,8,9,6,28,17,0,9,5,2,6,5,5
Tnfrsf26,2,0,5,2,4,4,2,4,1,0,2,0,3
Atp13a5,2,2,4,0,21,15,2,15,4,2,30,11,9
Cnpy1,0,0,0,0,0,0,0,0,0,0,0,0,0
Hist4h4,3,1,2,0,1,4,0,2,0,1,3,2,6
Hist1h3c,0,2,0,0,0,0,0,0,0,0,0,0,0
Hist1h4d,0,0,0,0,0,0,0,0,0,0,0,0,0
Hist1h4f,0,0,0,0,0,0,0,0,0,0,0,0,0
Hist1h4i,2,6,2,2,3,4,2,1,2,1,3,0,4
Hist1h4n,0,0,0,0,0,0,0,0,0,0,0,0,0
Hist1h2aa,0,0,0,0,0,0,0,0,0,0,0,0,0
Hist1h2ah,0,0,0,0,0,0,0,0,0,0,0,0,0
Hist1h2ab,0,0,0,0,0,0,0,0,0,0,0,0,0
Hist1h2af,0,0,0,0,0,0,0,0,0,0,0,0,0
Hist2h2ac,0,0,2,0,0,4,0,0,0,0,1,2,0
Hist1h2ba,0,0,0,0,0,0,0,0,0,0,0,0,0
Hist1h2bb,0,0,0,0,0,2,0,2,0,0,0,0,0
Hist1h2bk,0,0,0,0,0,0,0,0,0,0,0,0,0
Hist2h2bb,1,0,0,0,1,0,0,0,0,0,0,0,0
Gpr4,27,14,37,18,29,31,5,15,5,1,17,26,4
Gpr82,4,0,1,4,3,4,0,0,2,0,0,0,1
4930471M23Rik,46,33,62,45,75,180,57,122,61,49,43,38,35
Npsr1,0,0,0,0,0,0,0,3,0,0,0,0,1
Glp2r,0,0,1,0,0,0,0,0,0,0,1,0,0
9930021D14Rik,5,6,3,6,6,16,2,8,1,8,5,7,0
Fchsd1,9,2,20,20,29,45,14,29,16,14,10,15,4
A230050P20Rik,6,2,4,6,13,21,5,19,6,4,8,6,5
A530099J19Rik,0,3,0,8,0,5,1,1,0,0,0,0,0
Snhg11,0,0,0,0,0,0,0,1,1,1,0,1,0
Hoxc5,0,0,0,0,0,0,0,0,0,0,0,0,0
Acer1,0,0,0,0,0,0,0,0,0,0,0,0,0
Nup153,272,157,153,258,323,780,174,520,177,187,166,178,63
Plxna4,167,42,63,106,109,392,100,326,106,153,92,135,21
Zfp608,59,26,39,87,45,228,81,176,41,53,51,46,23
Chn1,7,9,12,4,9,16,0,7,1,2,7,4,4
Taf7,68,30,29,98,110,189,37,130,40,39,56,67,49
Spnb2,452,446,336,608,766,1065,286,1137,294,157,1033,570,241
Rapgef5,253,128,126,233,241,680,128,512,183,219,195,211,101
G6pc3,31,32,49,44,60,108,37,91,22,30,37,36,36
Vmn2r81,0,0,0,0,0,0,0,0,0,0,0,0,0
Btn2a2,2,0,1,0,1,3,1,1,0,0,0,0,1
Adam29,0,0,0,0,0,0,0,0,0,0,0,0,0
Hps6,4,0,5,4,4,14,3,12,9,1,1,2,0
4931440F15Rik,0,0,0,0,0,0,0,2,0,0,0,0,0
Leprel4,7,12,6,9,18,34,6,10,7,1,5,6,6
Ppcdc,117,43,82,105,136,289,86,211,84,88,69,93,69
Ppm1f,89,70,110,157,149,324,93,279,83,65,143,141,62
Rnf208,0,0,2,2,3,5,0,2,0,0,0,0,0
Dnajc22,0,0,0,0,0,0,0,3,0,0,0,0,0
Fam76b,115,53,43,81,83,309,62,159,104,102,76,59,56
Arhgap18,46,48,39,52,35,147,42,113,47,34,60,45,59
Esrp2,5,2,0,0,1,2,0,6,3,0,3,2,1
Osbpl11,507,158,211,301,351,511,133,444,193,235,159,209,57
Ccdc88a,100,37,32,51,62,213,47,164,52,57,81,74,3
Ints5,19,7,12,13,11,24,10,28,8,16,16,9,9
Chrna5,0,0,0,0,0,0,0,0,0,0,0,0,0
Exph5,1,2,1,7,6,14,1,3,1,0,7,1,2
Ush1g,0,0,0,0,0,2,0,1,0,0,0,0,0
Arglu1,77,58,38,91,94,274,55,187,47,47,89,79,21
Bptf,252,84,102,217,184,747,195,600,196,207,218,245,24
Ubash3b,150,80,109,153,137,515,125,348,120,167,119,156,39
Fam100b,14,7,10,18,18,20,12,15,6,7,9,12,4
Dpep2,0,0,2,0,1,1,0,3,0,0,0,1,2
Mettl4,34,16,3,4,13,34,7,38,17,12,33,11,10
Lrtm1,0,0,0,0,0,0,0,1,0,0,0,0,0
6030419C18Rik,0,0,0,0,0,0,0,0,0,0,0,0,0
Itga11,1,0,0,0,0,4,0,5,0,0,0,0,0
Wdr59,17,18,5,20,25,49,11,69,9,12,24,29,8
Brwd1,20,14,13,16,16,51,16,57,24,14,24,19,9
Dusp4,7,4,6,4,10,61,9,33,8,10,3,8,0
Nwd1,32,106,44,70,61,216,49,161,32,0,63,53,27
Gabra5,0,0,0,0,0,0,0,0,0,0,0,0,0
Defb20,0,0,0,0,0,0,0,0,0,0,0,0,0
6430573F11Rik,0,3,3,4,0,7,0,10,1,0,4,3,1
Lig4,19,13,9,13,12,41,19,27,8,19,25,14,9
Celf5,0,0,0,0,0,0,0,0,1,0,0,0,0
Hif1an,53,37,31,50,84,187,48,146,40,59,42,66,35
Fbxl7,5,6,8,8,5,5,3,12,1,5,5,4,4
Zfp944,16,13,8,14,18,71,14,56,21,29,17,15,16
Galm,28,37,30,42,45,74,33,84,26,18,37,31,49
Efcab5,0,0,0,0,1,2,0,0,0,0,2,0,0
Nt5dc1,42,39,22,49,65,98,27,70,22,22,40,33,35
Rab9b,0,0,0,0,0,0,0,0,0,0,1,0,0
Usp37,33,25,22,40,50,102,21,72,26,34,33,31,17
Podxl2,0,0,2,4,1,7,1,4,0,4,1,7,0
5830418K08Rik,72,40,13,37,56,167,56,98,60,31,58,67,12
Topbp1,49,21,10,38,41,137,28,98,34,23,52,53,15
Ankar,0,0,0,0,0,0,0,0,0,0,0,0,0
Fbxo48,0,1,1,2,2,13,0,4,2,1,1,3,3
4732471D19Rik,36,16,27,29,33,125,22,78,35,35,28,35,21
Atp10b,1,2,6,3,1,4,0,8,0,0,3,2,2
C130050O18Rik,5,4,11,4,10,22,9,15,6,3,7,9,8
9130023H24Rik,8,3,10,23,16,74,12,30,13,11,20,21,5
Slc22a30,0,0,0,0,0,0,0,0,0,0,0,0,0
9630033F20Rik,6,13,12,5,10,28,11,25,6,6,15,10,10
Glt1d1,0,0,0,0,0,0,0,0,0,0,0,0,0
3110047P20Rik,0,0,0,0,0,0,0,0,0,0,0,0,0
Tmem229a,1,0,4,1,0,19,0,5,2,1,1,0,0
Slc17a4,0,0,0,0,0,0,0,0,0,0,0,0,0
Tmprss11bnl,0,0,0,0,0,0,0,0,0,0,0,0,0
5330437I02Rik,2,0,0,0,1,1,0,1,0,0,1,0,0
Dock6,25,15,35,22,49,99,33,69,18,11,52,61,10
Vwc2,0,0,0,0,0,0,0,0,0,0,0,0,0
Apba1,63,16,29,50,57,178,51,135,62,73,46,59,5
Ceacam19,0,0,0,0,0,0,0,0,0,0,0,0,0
Trappc8,202,69,88,140,139,542,124,418,152,196,157,127,77
A530016L24Rik,0,0,0,0,0,0,2,0,0,0,0,0,0
Flad1,11,9,25,29,33,59,16,51,17,12,15,24,10
Cc2d1b,34,12,47,54,59,159,52,135,39,43,39,57,25
Auts2,2,4,2,1,7,6,0,6,3,0,1,4,0
Jph4,0,0,0,0,0,0,0,0,0,0,0,0,0
Kif6,1,3,6,8,2,17,3,5,0,0,2,2,1
A630001G21Rik,77,38,28,68,121,205,33,142,30,40,41,52,34
Tmem198,0,0,0,1,0,3,0,0,0,0,0,0,0
Fstl4,0,0,0,0,0,0,0,1,0,0,1,0,0
Rnf222,0,0,0,0,0,0,1,0,0,0,0,0,0
Olfr1344,0,0,0,0,0,0,0,0,0,0,0,0,0
Tnni3k,0,0,0,0,0,0,0,0,0,0,0,0,0
Olfml2b,67,30,88,67,75,156,38,102,31,52,44,43,28
Fbxw21,0,0,0,0,0,0,0,0,0,0,0,0,0
Fbxw16,0,0,0,0,0,0,0,0,0,0,0,0,0
Relt,33,4,30,36,41,46,18,33,12,16,5,23,2
Slc38a11,6,7,16,3,29,13,2,10,2,0,35,17,15
C030019I05Rik,0,0,0,0,0,1,0,1,0,0,0,0,0
Exoc6b,101,60,59,80,99,201,51,159,69,63,95,100,38
Adrbk2,71,19,33,46,67,245,57,131,51,61,48,85,19
Ptpn7,3,0,3,0,0,4,1,0,2,0,0,4,1
Sp8,0,0,0,0,0,2,0,0,0,0,0,0,0
B430306N03Rik,9,10,6,12,5,34,11,22,8,9,6,7,5
Slc9a4,0,0,0,0,0,0,3,1,0,0,0,0,0
Zmat4,0,0,0,0,0,2,0,0,0,0,0,0,0
Fam179a,0,1,1,1,0,4,2,4,2,0,0,0,0
Tacc1,401,116,205,326,352,1036,250,734,331,299,307,332,114
Msrb3,40,24,40,37,56,67,19,69,16,14,86,45,38
Lrrc58,159,94,93,148,120,326,109,292,106,74,123,114,38
Lefty2,0,0,0,0,0,0,0,0,0,0,0,0,0
Tmem91,0,0,0,0,0,1,0,7,0,0,0,0,0
Senp5,82,46,34,61,68,209,59,182,79,60,71,67,31
Ccdc66,30,20,13,21,41,94,18,85,19,31,49,24,21
3-Mar,2,0,6,4,2,3,10,3,1,2,1,4,2
Dlec1,5,5,4,10,12,26,7,28,4,0,6,11,0
Spef2,10,36,9,9,16,24,8,15,1,1,17,11,12
Iqcb1,9,15,12,8,14,59,12,35,15,15,11,15,23
Cntn2,0,1,2,0,1,13,2,4,1,3,6,2,0
Glt28d2,0,8,0,1,4,3,1,9,0,0,8,1,8
D830030K20Rik,1,0,0,1,0,1,2,0,0,0,0,0,0
Lypd6,8,1,5,7,2,36,8,15,8,5,19,6,10
D230037D09Rik,23,19,17,40,53,106,13,61,19,26,24,16,27
Lipi,0,0,0,0,0,0,0,0,0,0,0,0,0
Cenpt,11,8,9,6,19,33,9,40,9,4,10,13,4
Vps13b,143,101,93,123,141,406,93,329,128,98,159,139,56
Lrig3,16,9,14,16,10,44,17,32,25,20,21,16,0
Klri2,0,0,0,2,2,2,2,0,2,0,1,1,0
Gchfr,0,0,4,0,0,0,0,0,0,0,0,0,1
Rinl,31,14,53,26,42,70,38,98,28,40,32,27,10
P4ha3,0,0,0,0,0,0,0,1,0,0,0,0,0
Tmprss11g,0,0,0,0,0,0,0,0,0,0,0,0,0
Vwc2l,0,0,0,0,0,0,0,0,0,0,0,0,2
Ppm1e,18,24,34,25,23,69,19,68,16,9,36,29,10
Heatr5a,226,76,142,132,161,602,180,502,177,210,205,166,114
Lmbrd2,52,49,12,47,48,118,25,91,33,21,52,26,15
Bhlha9,0,0,0,0,0,0,0,0,0,0,0,0,0
Vps13c,120,60,49,96,110,425,83,272,99,128,141,124,22
Ubn2,187,87,101,96,141,581,112,431,198,140,123,166,31
Slc35e2,57,25,26,47,35,117,56,82,27,30,29,34,25
D5Ertd577e,0,0,0,0,0,0,0,0,0,0,0,0,0
Tcp11l1,12,5,5,6,10,24,2,16,8,13,8,7,0
Sycp2,7,8,5,6,7,2,2,1,1,0,1,7,2
Dennd5b,11,8,2,6,7,32,5,27,9,7,24,7,2
Atp8b5,0,0,0,0,0,4,0,2,0,0,0,2,0
Idi2,0,0,0,0,0,0,0,0,0,0,0,0,0
Svopl,0,0,0,2,1,0,0,0,0,0,0,1,0
A730037C10Rik,0,1,4,0,0,1,0,0,1,0,0,0,0
Dopey1,74,50,44,55,101,277,65,204,92,62,91,76,40
Abca15,0,0,0,0,0,0,0,0,0,0,0,0,0
Snrnp200,211,140,178,244,238,575,222,500,168,157,267,190,123
Ocrl,30,38,32,59,48,116,24,96,34,26,58,39,16
Casc1,5,4,2,2,9,10,7,18,3,1,2,2,3
Chd9,365,146,157,307,273,1379,311,939,328,381,339,375,115
Samd12,2,0,0,1,4,1,1,3,4,0,3,4,1
Zfp629,42,16,21,21,27,107,31,97,37,28,40,34,5
Ccdc158,0,1,0,1,0,1,1,3,1,0,0,0,0
Arrb1,134,47,113,95,115,436,145,377,117,135,129,162,34
Fam19a4,0,0,0,0,0,0,0,0,0,0,0,0,0
Bend6,39,26,36,30,44,113,42,67,31,24,21,20,15
Atp2b3,210,533,300,432,313,1006,274,794,118,2,514,319,134
Mysm1,102,53,45,58,73,228,46,221,66,75,84,65,42
D030016E14Rik,74,46,63,69,56,210,82,238,78,74,101,83,63
Pptc7,73,38,30,41,43,123,37,116,31,36,57,26,28
Slc26a9,1,0,0,2,0,0,0,0,0,0,0,0,0
Fastkd1,7,10,1,8,9,58,13,37,12,12,14,25,6
Lingo4,0,0,0,0,0,0,0,1,0,0,0,0,0
Prdx6b,0,0,0,0,0,0,0,0,0,0,0,0,0
Dab1,0,0,0,7,0,6,0,2,0,0,0,0,0
Tmem154,7,1,8,4,3,8,2,7,5,5,5,1,2
Kndc1,1,1,0,1,1,21,2,8,0,0,2,1,1
Zhx3,20,8,20,22,22,68,17,52,16,12,30,15,8
6330512M04Rik,17,6,18,31,33,42,14,48,10,12,6,14,1
Dcaf5,79,29,39,108,87,307,78,218,69,87,88,80,31
Ankrd16,28,16,15,16,22,74,16,55,15,18,15,18,11
Samd5,2,0,0,1,3,0,0,1,1,0,1,1,2
Amigo3,6,7,7,10,16,15,5,18,3,4,2,3,3
L3mbtl4,0,0,0,0,0,0,0,0,0,0,0,0,0
4732415M23Rik,0,0,1,1,0,4,1,1,0,0,0,1,0
Itgb8,39,88,22,62,52,108,48,88,32,1,94,31,51
Wscd2,0,0,0,0,0,0,0,2,0,0,1,0,0
Mtap7d3,1,2,1,3,2,0,1,3,1,0,0,2,1
Tnpo3,131,64,86,151,172,359,99,268,87,85,125,127,67
Hnrnpl,211,120,156,264,284,732,194,502,197,188,198,180,82
Lrrn4,1,2,0,0,1,0,2,1,0,3,0,1,0
Enpp6,1,2,3,1,3,9,0,12,1,0,2,4,2
Arl4c,241,86,227,305,349,998,308,763,257,295,263,244,69
Cyp4f39,0,0,0,0,0,0,0,0,0,0,0,0,0
Xpnpep3,18,7,13,9,11,48,20,45,23,20,30,16,16
6330408A02Rik,4,3,13,11,10,25,7,11,4,2,5,3,1
Fpr-rs6,0,0,0,0,0,0,0,0,0,0,0,0,0
Zfp653,2,2,11,12,10,25,9,19,8,8,13,11,1
Pik3r5,238,66,270,264,397,448,113,350,147,136,97,193,34
Mia2,0,0,0,0,0,0,0,0,0,0,0,0,0
Agtr1a,0,0,0,1,0,0,0,0,0,0,0,0,0
Rint1,21,17,16,22,17,52,16,51,16,7,28,15,19
Sbf2,281,107,173,195,210,572,185,515,181,198,211,231,100
Tsr1,72,52,45,72,98,107,31,114,39,38,59,45,42
Pak2,396,166,186,294,253,825,256,697,242,238,286,206,97
Wwp1,75,75,47,76,89,224,55,147,71,35,118,55,57
Grm7,0,0,0,0,0,2,0,0,0,0,2,0,2
Ghsr,0,0,0,1,0,0,0,0,0,0,1,0,0
Gen1,0,0,0,1,1,2,3,3,5,2,0,3,1
Exoc3,96,107,94,146,141,334,89,322,86,109,132,101,146
D930020B18Rik,0,0,0,0,0,0,0,0,0,0,0,0,0
Arl11,10,11,35,23,16,46,28,47,13,40,22,13,20
Hmbox1,42,19,20,37,43,135,34,131,40,42,64,47,16
Synpo,65,27,46,51,54,31,12,32,14,3,22,73,2
Camk1d,206,134,141,215,179,547,168,486,168,179,196,135,54
Tmem203,6,3,9,5,2,9,7,6,2,0,3,4,8
Mapkap1,40,32,41,61,61,146,46,100,35,20,49,37,17
Gpr149,0,0,0,0,0,0,0,0,0,0,0,0,0
Ifna13,0,0,0,0,0,0,0,0,0,0,0,0,0
Ifne,0,0,0,0,0,0,0,0,0,0,0,0,0
Gldn,0,0,0,0,0,0,0,0,0,0,0,0,0
Agphd1,13,6,5,10,3,28,5,42,4,3,21,5,11
Gk5,1,9,3,4,2,16,5,11,4,0,4,5,3
Slc9a7,34,10,15,17,14,46,20,39,11,19,22,12,6
Vash1,78,27,48,61,122,158,37,135,31,52,42,64,8
Plcxd3,0,0,0,0,0,0,0,0,0,0,0,0,0
Lamp3,0,0,2,0,0,0,0,0,0,0,0,0,0
Zfp799,21,23,18,22,18,53,17,45,23,20,14,20,13
Dmrt3,3,7,5,11,2,5,1,12,0,0,3,2,1
Ifna12,0,0,0,0,0,0,0,0,0,0,0,0,0
Zfp771,1,0,0,0,0,1,0,6,0,1,0,0,2
Tarm1,2,5,12,6,2,2,0,0,1,0,0,0,0
Sh3pxd2b,49,13,35,53,50,53,23,55,26,6,25,31,3
Gpr157,57,16,34,42,60,272,59,131,57,44,44,70,17
Gemin4,19,9,14,18,6,34,6,22,14,4,13,6,6
Tmtc2,3,2,5,13,25,29,3,26,8,3,20,5,9
Myh8,0,0,0,0,0,0,0,0,0,0,0,0,0
Rhbdd3,4,1,2,4,9,14,6,10,6,3,3,4,6
Tnfsf15,3,0,0,2,2,0,0,0,0,0,0,0,0
Dna2,2,1,5,4,2,15,4,11,7,4,3,9,4
Trmt61a,3,1,7,8,9,9,3,19,6,5,7,7,7
Rab26,3,1,0,1,0,1,0,3,0,0,2,0,0
Myo3b,0,0,0,0,0,0,0,0,0,0,0,0,0
Rnf150,60,74,28,71,53,231,44,187,61,48,69,52,19
Cyp3a44,0,0,0,0,0,0,0,0,0,0,0,0,0
Cog3,55,43,50,49,70,204,55,145,56,39,53,56,41
Cyp2r1,5,11,4,6,12,23,8,15,4,10,8,7,7
Gpr21,0,0,3,1,2,4,2,3,5,1,8,4,3
Ttc16,4,1,2,0,1,14,3,6,0,0,3,1,1
Ust,8,8,12,26,28,55,19,25,12,11,14,16,7
Slc41a2,7,10,15,7,10,20,4,9,2,0,6,7,1
Mia3,197,101,105,155,185,492,181,359,123,130,186,164,56
Myo1d,33,47,55,37,42,73,21,63,23,12,63,47,13
Fam109b,0,0,0,1,0,0,0,0,0,0,1,0,1
Tmem220,0,4,1,10,5,15,6,9,1,0,13,4,12
Nalcn,6,21,5,13,4,11,9,9,3,0,6,6,6
Il28b,0,0,0,0,0,0,0,0,0,0,0,0,0
Atp6v1g3,0,0,0,0,0,0,0,0,0,0,0,0,0
Cyp4a12a,0,0,0,0,0,0,0,0,0,0,0,0,0
Camk2a,6,4,1,3,5,6,3,8,3,2,3,3,0
Rab5b,79,51,96,87,70,212,54,186,68,88,79,63,57
Tmcc1,57,37,27,56,53,128,53,127,45,38,61,65,30
Ofd1,32,23,24,28,28,87,35,69,17,29,24,40,10
Dars,106,118,76,112,137,279,79,231,65,65,98,61,118
Abpz,0,0,0,0,0,0,0,0,0,0,0,0,0
Mogat2,0,0,0,0,0,1,0,0,0,0,0,0,0
Lrrc29,0,1,1,2,2,6,1,1,0,0,0,5,1
Cndp1,10,16,12,16,11,40,5,12,2,0,9,10,3
Parp16,15,5,4,24,7,32,6,24,15,8,11,10,4
Micall1,37,27,58,52,49,138,35,145,29,24,51,48,15
Zmym6,94,38,21,49,74,171,64,195,87,62,80,74,54
D19Ertd386e,45,41,36,77,70,156,31,114,41,39,60,25,38
Umodl1,0,0,0,0,0,0,1,0,2,0,0,0,0
Gpr123,0,0,0,0,0,4,1,3,0,0,0,0,0
Acaa2,52,111,109,86,122,183,48,169,36,9,114,57,155
Ccdc69,4,4,0,6,0,4,0,9,0,4,2,3,4
Slx4,38,7,15,23,22,93,23,83,27,29,23,29,5
Tmem191c,0,0,4,1,0,2,2,1,0,2,0,3,0
D19Bwg1357e,58,36,37,45,59,105,22,90,35,29,46,48,48
Zfp280b,18,6,10,8,7,32,13,18,10,14,17,6,3
Ang4,0,0,0,0,0,0,0,0,0,0,0,0,0
Usp46,39,64,28,42,45,77,30,89,22,18,43,40,35
Dhrs11,7,9,6,16,9,43,9,34,5,7,14,4,12
Arhgef15,4,4,3,2,12,19,4,20,6,16,33,8,7
BC049762,0,0,0,0,3,2,1,0,0,0,0,0,0
Plcb2,125,38,94,126,175,503,132,352,123,138,103,153,24
Slfnl1,2,0,0,0,0,0,0,1,0,0,0,3,0
Gm13103,0,0,0,0,0,0,0,0,0,0,0,0,0
Rimkla,0,5,2,3,1,4,2,7,0,0,1,2,2
9930104L06Rik,33,3,14,23,15,50,13,43,18,17,14,23,10
Sun3,0,1,4,1,2,1,1,0,0,0,2,2,3
Dcdc2a,2,16,9,10,10,30,11,34,2,0,19,3,13
Skint3,0,0,0,0,0,4,3,0,3,7,2,4,3
Baiap2l2,0,0,0,1,0,1,2,1,0,0,0,2,0
Aph1b,20,52,22,34,26,80,24,62,18,7,41,24,40
Eif5a2,18,13,7,18,25,54,6,42,17,7,30,21,25
Thnsl1,11,16,8,12,23,64,11,47,15,15,23,20,18
Ulk4,15,11,13,18,19,34,17,31,9,1,17,9,9
Igsf1,22,24,38,32,27,60,9,73,9,0,36,15,26
Gm4763,0,0,0,0,0,0,0,0,0,0,0,0,0
Mtmr9,39,21,25,44,35,92,22,55,33,29,32,29,18
Mkx,0,0,0,1,0,0,0,0,0,0,0,0,0
Zfp947,0,0,0,1,2,7,1,5,3,2,1,0,1
11-Mar,0,0,0,0,0,0,0,0,0,0,0,0,0
Fbxw13,0,0,0,0,0,0,0,0,0,0,0,0,0
Ccdc73,7,1,0,9,5,13,3,9,5,4,4,11,4
Tmem60,21,35,12,18,23,58,31,46,16,18,22,12,44
Wdr25,7,4,3,5,4,8,2,11,6,9,3,1,8
Frat2,14,0,1,12,4,13,1,8,2,6,0,4,0
AA986860,2,0,0,1,0,2,5,7,1,0,0,0,2
Plekhh2,11,8,7,6,9,56,17,42,12,8,22,16,2
4933430I17Rik,0,0,0,0,0,0,0,0,1,0,0,0,0
Secisbp2l,208,118,136,202,171,556,174,453,137,184,206,133,73
Duox2,0,0,0,1,0,0,2,0,0,0,0,0,0
Psd4,91,39,95,87,94,266,97,223,76,58,66,76,28
Cdc34,12,5,20,16,13,31,7,30,12,8,10,9,12
Slc26a10,1,0,0,0,2,5,0,3,0,0,5,2,0
Wscd1,2,2,4,6,6,15,5,22,6,0,9,2,1
Zfp595,16,19,11,12,13,39,22,45,16,21,21,12,16
Sntn,0,0,0,0,0,12,1,4,0,0,0,0,2
Fam167a,6,3,2,12,2,14,2,10,3,0,7,3,1
AU021034,0,6,1,1,2,39,1,11,2,3,3,4,3
Ldoc1l,9,1,4,7,11,26,8,25,8,5,5,2,1
BC048502,0,0,0,0,0,0,0,0,0,0,0,0,0
Fam43a,13,4,29,26,19,43,12,32,16,17,18,16,3
Ubxn7,143,90,74,95,111,365,93,255,110,129,127,113,69
H2-M10.4,0,0,0,0,0,0,0,0,0,0,0,0,0
H2-M11,0,0,0,0,0,0,0,0,0,0,0,0,0
H2-M10.5,0,0,0,0,0,0,0,0,0,0,0,0,0
Crb3,2,10,6,8,11,11,9,10,1,0,9,5,12
D030056L22Rik,6,6,9,5,8,25,9,28,4,4,13,8,5
Igfn1,3,19,2,9,7,45,7,11,6,0,9,18,3
Rasal2,89,58,47,83,85,252,50,178,80,71,118,114,23
Dgkd,143,65,120,192,219,966,194,528,194,210,188,230,66
Cdnf,1,1,0,4,3,12,1,2,0,3,2,2,0
Dolk,9,11,23,11,16,41,8,44,5,5,12,10,9
4933409G03Rik,0,0,0,0,0,0,0,0,0,0,0,0,0
Ryr3,0,0,0,0,0,2,0,0,1,0,0,1,0
F830045P16Rik,3,1,0,0,0,2,1,2,0,1,0,1,0
Cstl1,0,0,0,0,0,0,0,0,0,0,0,0,0
6820408C15Rik,3,1,5,4,3,13,1,10,1,0,2,2,3
D630003M21Rik,0,1,2,1,0,2,0,2,0,0,0,0,1
Ralgapb,153,94,145,147,129,461,141,427,154,120,183,169,63
Zbtb10,70,35,31,62,82,185,33,111,41,30,44,41,8
C130079G13Rik,0,0,0,0,0,0,0,0,0,0,0,0,0
Ctso,200,159,138,152,141,458,169,379,131,153,188,112,170
Isg20l2,40,21,34,41,36,93,14,79,27,12,27,25,11
D3Bwg0562e,86,188,72,112,84,223,65,175,42,4,119,71,48
Gm4861,0,0,0,0,0,0,0,0,0,0,0,0,0
Ttc22,0,0,3,0,3,0,0,0,1,0,0,0,0
Skint10,0,0,0,0,0,0,0,0,0,0,0,0,0
Tmem69,22,12,18,13,9,33,11,36,14,9,19,8,5
Epha10,0,0,0,0,0,0,0,0,0,0,0,0,0
BC046331,29,12,35,13,33,68,20,75,10,12,36,21,7
2010015L04Rik,37,21,28,32,65,205,56,132,50,31,42,59,13
4931409K22Rik,0,0,0,0,0,0,0,0,0,0,0,0,0
Dnajc5g,0,0,0,0,0,0,0,0,0,0,0,0,0
Ythdc1,220,124,147,249,237,665,157,484,165,183,162,200,48
Ccz1,60,52,52,70,58,205,59,168,46,67,89,83,62
Vgll4,36,13,34,52,49,93,35,96,24,40,50,22,16
Zfp637,9,13,18,17,21,48,14,35,10,12,12,11,17
Clec12a,18,18,17,68,18,27,8,27,10,2,13,8,12
Crebl2,29,8,17,27,23,44,14,30,13,12,16,15,18
H2afj,5,1,3,7,4,22,1,11,7,3,2,2,10
Nlrp2,0,0,0,0,0,0,0,0,0,0,0,0,0
Ppm1n,0,0,0,0,1,0,0,0,0,0,0,0,0
Bloc1s3,16,1,11,7,9,24,8,20,7,10,11,5,6
Lim2,0,0,0,0,0,0,0,0,0,0,0,0,0
Ano5,0,0,0,0,2,0,0,2,0,0,0,1,0
Tmc3,1,0,0,0,5,2,0,2,0,0,1,2,0
Gdpd4,0,0,0,0,0,0,0,0,0,0,0,0,0
Vwa3a,22,49,13,37,21,137,14,84,16,3,29,26,20
Fhod1,48,15,88,59,90,248,98,219,72,80,47,91,10
Atmin,64,17,46,53,70,237,83,209,75,92,95,58,15
Gm4894,0,0,0,0,0,0,0,0,0,0,0,0,0
4833427G06Rik,1,10,11,13,12,16,4,14,1,0,5,8,20
Fbxw19,0,0,0,0,0,0,0,0,0,0,0,0,0
Sytl5,0,0,0,1,0,4,0,5,1,0,4,2,1
4932411N23Rik,0,0,0,0,0,0,0,0,0,0,0,0,0
Gm4922,0,0,0,0,0,0,0,0,0,0,0,0,0
Stac3,0,1,0,1,0,6,1,4,0,0,1,2,0
Rtn4rl1,99,37,111,104,79,383,135,289,99,103,104,100,47
Tusc5,0,0,0,2,0,0,0,7,0,0,0,0,0
Ssh2,1489,576,624,1230,1592,3235,785,2710,1097,1174,805,1189,276
4932411G14Rik,0,0,0,0,0,0,0,0,0,0,0,0,0
Zfp874a,4,17,6,10,16,32,11,29,16,23,14,10,12
Gapt,0,0,0,0,3,3,0,1,0,2,0,0,0
Kctd12,2653,956,1434,2056,1945,7988,2093,6019,2371,2772,2388,2382,532
AI836003,0,0,3,0,1,0,0,0,0,2,1,0,0
4732456N10Rik,0,0,0,0,0,0,0,0,0,0,0,0,0
1600021P15Rik,5,2,8,6,4,9,8,3,4,5,9,3,6
Morc2b,0,0,0,0,0,0,0,0,0,0,0,0,0
Ranbp6,36,46,35,51,42,111,31,113,23,35,47,34,46
6030422M02Rik,0,0,0,1,0,1,0,0,0,0,0,1,1
Vsig8,0,0,0,0,0,0,0,0,0,0,0,0,0
Lrrc8a,157,34,129,119,151,191,82,194,71,68,76,100,15
Tgm6,0,0,0,0,0,1,0,0,0,0,0,0,0
Lsm14b,34,10,34,25,26,111,43,101,25,31,38,22,5
Impad1,92,116,59,86,102,263,58,203,61,54,117,70,62
Slc35d1,17,5,7,8,12,29,8,36,12,7,13,7,2
E2f2,0,0,3,5,6,21,4,15,3,2,5,7,1
Tmem130,0,0,0,0,0,0,0,0,0,0,0,0,0
Lrrc61,18,10,21,24,16,91,23,70,19,27,19,17,12
BC048671,0,0,0,0,0,0,0,0,0,0,0,0,0
Zfp507,10,11,8,6,11,34,7,25,9,0,25,9,6
Rgma,4,2,4,2,5,8,1,8,2,0,8,3,1
Ppp1r3b,206,106,83,130,210,408,79,250,95,92,114,141,76
Triml1,0,0,0,0,0,0,0,0,0,0,0,0,0
Fam198a,2,0,0,0,0,0,0,2,1,0,0,0,0
Apol10a,0,0,0,0,0,0,0,0,0,0,0,0,0
Awat2,0,2,0,4,1,1,0,0,0,0,0,2,1
Zfp711,0,0,0,0,0,2,0,0,1,0,1,0,0
Kir3dl2,0,0,0,0,0,0,0,0,0,0,0,0,0
Kir3dl1,0,0,0,0,0,0,0,0,0,0,0,0,0
Frmpd3,0,0,0,0,0,0,0,0,0,0,0,0,0
Cnksr2,0,0,0,0,0,11,0,3,1,0,1,0,0
Eme1,9,3,7,16,19,35,12,33,5,10,7,5,7
Sox21,0,0,0,0,0,2,1,3,0,0,0,0,1
Klhl38,17,3,16,13,10,15,10,20,8,13,4,7,5
Glt25d2,1,1,0,1,6,10,4,10,4,0,11,0,2
Zscan20,11,6,6,3,11,23,5,27,4,8,8,8,4
Ccdc60,1,10,5,7,1,18,2,9,1,0,3,6,0
Lhfpl4,1,0,3,0,0,5,1,4,2,1,1,1,0
Vmn2r57,0,2,0,0,1,5,0,0,0,1,2,0,1
Ttll13,0,1,0,0,1,0,0,2,1,0,0,0,0
Slc35e1,114,54,97,102,116,325,83,285,105,103,104,118,17
Elmod1,3,22,0,7,2,23,5,15,0,0,10,9,7
Klhl18,45,14,44,48,74,149,59,154,48,65,54,46,13
Bpifc,0,3,0,0,0,0,0,0,0,0,0,0,0
4933408B17Rik,1,0,2,0,0,1,0,1,0,0,5,0,0
Srsf12,1,0,0,0,1,1,0,0,0,0,0,0,0
Esyt3,1,0,2,0,4,1,0,5,0,0,0,2,0
Smtnl2,0,0,0,1,0,2,0,0,0,0,0,0,0
D11Wsu47e,11,13,25,19,16,49,18,43,13,11,14,17,3
Armc7,26,6,29,25,31,53,23,44,20,20,21,19,21
Dock5,38,47,9,33,40,84,27,79,9,2,36,38,17
Trpa1,0,0,0,0,0,0,0,0,0,0,0,0,0
Prex1,294,80,359,412,426,1317,472,1185,340,415,255,523,44
Klhl23,26,21,17,25,28,71,17,43,19,12,21,22,25
BC049635,0,0,0,0,0,0,0,0,0,0,1,0,0
Slc15a5,0,0,0,0,0,0,0,0,0,0,0,0,0
Exoc3l,1,0,2,0,2,3,0,1,0,0,2,2,0
Vsig4,0,0,0,0,0,0,0,0,0,0,0,0,0
Zfp385c,9,9,30,18,13,58,13,33,8,16,16,16,8
Kctd19,0,0,0,0,0,0,0,0,0,0,0,0,0
9030224M15Rik,0,0,1,0,1,0,0,0,0,0,0,0,1
Tmem26,0,0,0,0,0,1,0,0,0,2,0,0,1
Frs2,87,41,42,43,67,210,41,138,67,58,73,73,18
4933400C05Rik,0,0,0,0,0,0,0,0,0,0,0,0,0
Fam179b,95,53,67,65,72,268,60,181,77,73,90,76,44
Prpf39,140,113,67,131,143,413,98,339,132,121,125,137,87
Slc25a48,0,0,0,0,0,0,0,0,0,0,0,0,0
Zfp459,0,0,0,0,0,2,0,0,0,0,1,0,0
Gm5087,0,0,0,0,0,0,0,0,0,0,0,0,0
Erc2,3,3,0,3,1,4,1,2,0,0,0,1,0
Rft1,36,47,17,34,44,130,29,107,40,43,35,33,35
Sh2d4b,0,0,1,0,0,1,0,3,0,0,3,2,3
Fam135b,0,0,0,0,0,0,0,0,0,0,0,0,0
Apol10b,30,33,25,72,91,8,0,6,3,1,9,22,7
Ep300,429,115,146,264,264,1133,278,876,277,382,253,355,29
Mslnl,1,0,0,0,0,0,0,0,0,0,0,0,0
Ubash3a,0,0,0,0,0,0,0,0,0,0,1,0,0
Arhgef37,0,0,1,3,2,2,1,2,0,0,1,0,0
Spink10,0,0,0,0,1,0,0,0,0,0,0,0,0
Zfp236,82,38,46,104,114,294,112,236,120,105,79,100,22
Cpa6,0,0,0,0,0,0,0,0,0,0,0,0,0
Fam163a,0,0,0,0,0,0,0,1,0,0,0,0,0
Lcn6,0,0,0,0,0,0,0,0,0,0,0,0,0
4932418E24Rik,1,0,3,3,2,11,1,3,2,0,3,7,1
Gm14461,0,0,0,0,0,0,0,0,0,0,0,0,0
Pla2g4e,0,0,0,0,0,0,0,0,0,0,0,0,0
Lcmt2,9,4,7,9,8,41,7,21,7,7,9,6,6
6030405A18Rik,0,0,0,0,1,0,0,0,0,0,0,0,0
Med12l,86,33,47,65,57,379,99,294,100,95,101,95,37
E130311K13Rik,2,3,6,9,9,35,4,22,6,8,5,7,7
Dennd2c,45,15,24,45,48,242,52,141,40,40,46,32,18
Aknad1,0,0,0,0,0,0,0,0,0,0,0,0,0
Tmem67,20,16,33,20,32,83,7,50,14,7,22,14,15
Skint9,0,0,0,0,0,0,0,0,0,0,0,0,0
Skint2,0,0,0,0,0,0,0,0,0,0,0,0,0
Spata21,0,0,5,0,0,0,0,0,0,0,0,1,0
Fhad1,20,54,47,43,61,91,22,82,3,6,28,39,39
Fam185a,12,2,14,10,5,34,14,20,10,16,9,13,8
Hfm1,0,0,0,0,0,1,0,1,0,0,0,0,0
Vps37b,48,10,43,89,95,229,58,156,39,46,30,68,12
Mblac1,4,2,1,0,2,9,0,6,1,6,2,2,2
Sdk1,26,8,36,16,11,42,28,44,22,33,15,19,0
4933411G11Rik,0,0,0,0,0,0,0,0,0,0,0,0,0
Zfp786,0,2,0,2,0,0,0,0,0,0,0,0,0
AW146020,11,7,7,9,9,49,8,23,9,5,11,8,3
Tmem150b,0,2,0,1,3,3,0,7,0,0,2,1,0
Gm5114,0,0,0,0,0,0,0,0,0,0,0,0,0
Fan1,13,10,6,19,20,65,13,28,4,10,17,9,9
Fam154b,3,11,5,12,5,31,4,28,9,0,11,3,20
B4galnt4,0,0,0,0,0,0,0,0,0,0,0,0,0
Nek5,4,38,8,13,23,43,23,35,2,0,14,15,16
Zfp866,21,31,16,20,14,61,21,71,29,28,39,23,25
Hapln4,0,0,0,0,0,0,0,0,0,0,0,0,0
4933402J07Rik,0,0,0,0,0,0,0,0,0,0,0,0,0
Piwil4,0,0,0,0,0,0,0,0,0,0,0,0,0
Opcml,0,0,0,0,0,0,0,4,1,0,0,0,0
Slc9a9,258,114,155,206,207,588,203,460,192,247,156,153,121
Gmppb,24,12,33,32,41,87,24,69,16,8,24,19,19
Tgm4,5,4,6,8,6,24,6,11,6,3,9,7,0
A430089I19Rik,0,0,0,0,0,0,0,0,0,0,0,0,0
Dgkk,0,0,0,0,0,0,0,2,0,0,0,0,0
AV320801,0,0,0,0,0,0,0,0,0,0,0,0,0
Tceal5,0,1,0,5,1,3,0,6,0,0,2,1,5
Serpina7,0,0,0,0,0,0,0,0,0,0,0,0,0
E230019M04Rik,1,2,0,0,0,5,0,5,0,0,0,0,0
Mapk15,0,0,0,2,0,5,0,8,1,0,2,1,0
H2-M10.2,1,1,0,0,0,0,0,0,1,0,1,0,0
Gmpr2,51,44,52,70,92,199,66,155,63,55,67,57,56
C030046I01Rik,39,7,35,48,45,91,40,94,36,36,28,34,13
Lrrtm2,6,48,4,25,17,49,14,30,5,3,18,14,20
Hmgxb4,36,22,20,24,30,94,37,83,35,38,23,23,18
Hyal3,3,2,3,8,5,3,1,8,0,0,3,0,2
Vps26b,99,116,83,138,115,316,94,281,70,91,136,98,107
Galp,0,0,0,0,0,0,0,0,0,0,0,0,0
Setd1a,48,14,45,54,58,189,65,154,36,40,34,75,3
Fads6,2,0,0,3,3,3,0,10,3,3,2,4,1
Lcn10,0,0,0,0,0,0,0,0,0,0,0,0,0
Rassf4,186,124,130,221,216,519,141,416,175,196,117,183,81
Mterfd2,24,21,27,22,22,50,24,56,8,4,33,24,20
Aifm2,0,1,2,2,5,2,2,3,1,1,2,3,1
Thra,18,18,28,24,22,76,14,54,11,5,28,22,4
Mob3b,5,9,0,4,5,24,2,27,7,1,8,8,6
1110018G07Rik,109,67,56,88,97,315,86,274,69,90,129,116,47
1110012D08Rik,25,18,43,59,70,70,25,70,16,29,28,14,18
Lsg1,29,21,42,47,53,101,21,102,36,28,45,30,37
Vps33b,22,7,15,10,32,83,12,76,19,21,31,20,24
Mcf2l,3,4,30,20,19,14,10,25,1,10,25,12,7
Pm20d1,1,16,7,3,5,11,6,11,3,0,8,5,6
Fa2h,2,0,5,0,0,6,0,4,0,0,1,0,0
4930486L24Rik,9,7,9,9,10,5,1,12,1,4,2,3,3
Trim62,10,3,6,3,3,13,3,13,4,6,7,11,2
Trp53inp2,119,131,98,187,163,390,97,304,84,58,181,112,46
Ncapd3,51,33,24,30,29,128,32,105,26,25,30,50,15
2700050L05Rik,34,27,20,32,27,99,32,91,21,30,37,19,12
Dixdc1,19,13,16,16,9,31,7,38,10,11,30,13,11
Agap1,12,11,23,30,21,50,7,47,16,14,15,13,4
Prkaa2,21,64,18,31,51,90,19,61,18,0,48,37,24
Pik3ip1,42,39,30,40,52,49,15,51,4,6,21,26,14
Agfg2,9,3,16,11,11,43,11,52,4,12,13,17,0
Hist1h2ai,0,0,0,0,0,0,0,0,0,0,0,0,0
Hist1h2ak,0,0,0,0,0,0,0,0,0,0,0,0,0
Hist1h2an,0,0,0,0,0,0,0,0,0,0,0,0,0
Hist1h2ap,0,0,0,0,0,0,0,0,0,0,0,0,0
Hist1h2ag,0,0,0,0,0,0,0,0,0,0,0,0,0
Hist1h2ae,0,3,0,0,0,0,0,0,0,0,1,0,0
Hist1h2ad,0,0,0,0,0,2,0,2,0,0,0,0,0
Hist1h2ac,1,1,1,3,4,9,0,13,1,0,4,5,2
Hist1h4a,0,0,0,0,0,0,0,0,0,0,0,0,0
Hist1h4b,0,0,0,0,0,0,0,0,0,0,0,0,0
Hist1h2bf,0,0,0,0,0,0,1,0,0,0,0,0,0
Hist1h2bg,1,3,0,6,4,9,0,15,2,0,5,3,3
Hist1h2bh,0,0,0,0,0,0,0,0,0,0,0,0,1
Hist1h2bj,0,0,0,0,0,0,0,1,0,0,0,0,2
Hist1h2bl,0,0,0,0,0,0,0,0,0,0,0,0,0
Hist1h2bm,0,0,0,0,0,0,0,0,0,0,0,0,0
Hist1h2bn,0,0,0,0,0,0,0,0,0,0,0,0,0
Hist1h2bp,0,0,0,0,0,0,0,0,0,0,0,0,0
Hist1h3b,0,0,0,0,0,0,0,0,0,0,0,0,0
Hist1h3d,0,0,1,0,0,4,0,2,0,0,0,2,0
Hist1h3e,0,0,0,0,0,0,0,0,0,0,0,0,0
Hist1h3h,0,0,0,0,0,0,0,0,0,0,0,0,0
Hist1h3i,0,0,0,0,1,0,0,2,0,0,0,0,0
Hist1h4c,0,0,0,0,0,0,0,1,0,0,0,0,0
Hist1h4j,0,0,0,0,0,0,0,0,0,0,0,0,0
Hist1h4k,0,0,0,0,0,0,0,0,0,0,0,0,0
Hist2h2aa2,0,0,0,0,0,0,0,0,0,0,0,0,0
Hist2h2ab,3,0,0,0,0,0,0,0,0,0,0,0,0
Hist2h2be,6,4,1,5,9,33,4,20,7,7,13,4,9
Hist2h3b,0,0,0,0,0,0,0,0,0,0,0,0,0
Hist2h3c1,3,5,8,9,1,33,6,38,9,13,13,12,3
Hist3h2a,3,3,14,15,13,44,7,48,20,11,21,7,20
Trim50,0,0,0,0,0,0,0,0,0,0,0,0,0
Cxcr1,0,0,0,0,0,0,0,0,0,0,0,0,0
5830403L16Rik,0,0,1,0,1,0,0,0,0,0,0,0,1
Teddm1,0,0,0,0,0,0,0,0,0,0,0,0,0
Bsx,0,0,0,0,0,0,0,0,0,0,0,0,0
Smg5,58,31,36,67,88,217,68,189,50,54,61,73,11
Pramel6,0,0,0,0,0,0,0,0,0,0,0,0,0
Pramel7,0,0,0,0,0,0,0,0,0,0,0,0,0
Arhgap33,5,0,3,2,1,12,2,12,0,0,1,9,0
Tcfl5,1,6,0,6,0,14,2,4,2,0,0,5,3
Hapln3,0,0,0,1,0,0,0,0,0,1,0,1,0
Reps2,5,2,0,10,4,4,3,19,4,4,5,0,4
Il22ra1,0,0,0,0,0,3,0,0,0,0,0,0,0
Il22ra2,1,1,0,0,2,1,1,0,1,0,0,2,0
Abca13,11,2,7,2,2,8,1,2,1,0,8,8,1
Zfp827,24,3,20,18,18,55,21,54,8,22,18,13,5
Caps2,4,4,3,1,3,8,2,7,1,0,7,2,10
Pxk,91,56,53,92,84,258,88,196,81,79,86,88,39
Sall3,133,29,106,84,147,353,127,298,91,105,67,115,19
Abpg,0,0,0,0,0,0,0,0,0,0,0,0,0
Brip1,3,0,0,2,2,5,0,8,0,5,4,2,1
Cdc23,60,22,47,37,42,149,33,129,48,41,63,45,31
Klf11,55,24,36,117,125,226,55,121,40,70,41,62,16
Lhfpl1,0,0,0,0,1,0,0,0,0,0,0,0,0
Ylpm1,120,41,50,101,67,413,89,317,90,97,123,149,22
Zfp369,13,4,6,8,14,43,3,36,16,22,20,9,10
Dhx33,92,45,59,51,82,237,60,184,71,71,74,63,17
Prss34,1,0,14,0,0,0,0,0,0,0,0,1,0
Cidec,0,0,0,0,0,0,0,0,0,0,0,0,0
Snupn,7,7,10,21,12,32,21,29,12,3,10,3,16
Zswim3,3,4,5,4,3,26,10,5,5,9,1,5,3
Rraga,73,60,66,59,94,150,63,145,41,31,98,53,64
Commd10,34,18,17,22,39,84,26,76,23,24,33,22,26
Iqcg,45,34,49,57,40,140,43,113,30,28,62,47,37
Cox10,7,12,10,13,18,36,12,28,7,11,9,11,15
Dhx38,52,22,81,71,70,139,63,146,42,36,39,59,7
Ano9,0,0,0,0,0,0,0,0,0,0,0,0,0
Slc25a31,0,0,0,2,1,0,0,0,1,0,1,0,0
Spata18,4,10,3,6,4,16,3,15,4,0,5,3,4
Tmem202,0,0,0,0,0,3,1,3,1,2,1,0,0
Gale,2,0,1,4,6,2,2,3,4,1,3,2,2
Fam53a,21,6,19,17,21,44,18,43,7,13,16,14,10
Setmar,9,2,1,2,1,11,5,6,4,2,8,3,0
Snapc1,37,23,24,42,42,105,24,69,20,30,30,28,35
Jakmip1,0,0,0,0,0,1,0,1,0,0,1,0,1
Car12,269,651,260,437,328,858,251,724,126,3,496,312,325
Faf2,90,59,51,85,83,235,73,205,56,73,109,70,51
Wipi2,45,31,57,69,56,170,44,155,56,27,58,60,22
3110035E14Rik,7,0,0,0,1,6,4,21,0,2,2,1,0
Pus7,18,12,13,10,13,48,12,44,14,20,19,7,9
Zc3h6,31,28,10,14,17,53,7,24,11,15,14,17,3
Atp1a2,144,438,288,370,334,578,223,539,85,20,417,221,112
Gpr153,0,1,2,1,1,2,1,5,0,2,2,1,0
Arap2,37,17,34,37,59,95,27,86,27,33,59,33,24
Zfp334,9,8,8,11,7,11,3,18,5,1,9,11,5
BC051070,0,0,0,0,0,0,0,0,0,0,0,0,0
Acsm4,0,0,0,0,0,0,0,0,0,0,0,0,0
Bbs9,61,26,33,63,67,180,52,138,50,38,61,60,58
Zfp867,11,13,4,12,13,18,10,29,10,11,17,10,12
Ccdc144b,0,0,0,0,0,0,0,0,1,0,0,0,0
Nanos1,12,2,0,5,3,53,16,42,17,11,19,12,5
Myo1g,57,21,69,43,64,118,39,89,36,46,26,44,8
Rbm47,96,37,58,74,81,131,40,122,39,24,62,40,24
Cpsf4,23,6,17,13,13,48,24,32,20,12,26,18,11
Tmem205,10,28,23,16,30,20,10,29,4,0,11,7,30
Tnfrsf21,184,52,153,165,145,526,203,414,202,207,180,127,60
Nrg1,0,0,2,5,3,1,0,0,0,0,0,0,0
Abhd16a,24,15,39,36,49,97,34,83,27,25,18,39,19
Rcsd1,237,74,202,243,258,624,197,523,207,232,159,221,62
Vtcn1,0,0,0,0,0,0,0,0,0,0,0,0,0
Ptrh1,1,1,0,1,3,2,0,5,1,0,1,1,2
Gjd3,0,0,0,0,0,0,0,0,0,0,0,0,0
Tagln2,110,53,182,302,356,324,95,291,71,108,101,146,42
Commd8,204,137,125,218,204,781,231,595,267,269,210,147,293
Vkorc1,25,29,30,32,35,82,26,71,28,22,35,22,75
Imp4,43,23,35,50,70,127,38,93,35,48,50,36,38
Mrpl50,25,53,33,24,24,70,30,81,24,29,31,25,29
Nop16,14,14,6,13,20,32,6,35,17,18,20,7,23
Rnf24,53,32,39,51,64,170,41,110,42,47,39,41,16
Reep1,19,48,29,21,6,58,40,34,12,0,33,21,17
E2f7,2,1,0,4,1,5,0,5,1,4,1,2,0
Krr1,87,41,71,79,106,255,63,183,45,67,70,50,67
Cnpy4,21,17,27,11,23,77,13,60,26,7,34,12,43
4933433P14Rik,26,36,20,20,28,60,21,53,22,18,27,17,20
Samm50,49,37,59,91,87,150,52,172,48,56,59,53,81
Rgmb,68,20,49,26,47,118,57,122,54,43,63,47,17
Psmd11,44,15,19,34,20,94,26,59,28,33,27,11,15
Necab1,0,0,1,1,0,2,0,3,1,0,2,0,0
Fam83g,5,0,4,5,10,8,2,11,4,5,4,3,0
1810026J23Rik,30,37,25,44,45,112,28,96,36,34,47,38,20
Mfsd11,74,49,65,73,61,250,67,207,73,73,90,71,46
Tmem209,75,58,55,54,61,167,55,146,40,48,60,32,48
Cdc42se2,106,54,92,135,145,295,103,240,81,89,125,102,90
Poldip3,90,26,83,121,120,297,80,229,61,74,73,101,29
Atl1,14,3,5,6,13,29,7,6,8,2,5,3,6
Ispd,4,6,10,9,13,9,6,13,2,1,7,3,11
Agbl3,1,8,3,4,8,16,0,8,1,6,9,3,8
Ints7,33,19,32,26,28,84,15,53,10,12,22,12,14
Klhl2,39,17,22,35,68,72,27,54,28,36,30,31,5
Uvrag,113,46,97,123,137,275,67,214,81,77,68,81,28
Kat5,73,30,65,69,110,163,32,112,39,54,59,44,30
Tmem108,12,19,15,16,16,52,19,32,6,0,18,14,14
Sfxn5,14,12,9,21,4,44,11,19,13,2,19,14,0
B3galnt2,25,26,21,13,22,55,20,57,23,11,21,13,17
Inpp5f,43,16,19,30,19,114,23,79,16,38,36,32,20
C230052I12Rik,8,6,2,6,9,26,9,17,2,15,11,10,9
Oaf,12,12,39,32,28,73,19,41,12,16,14,20,6
Blmh,67,46,58,62,78,134,68,129,45,30,67,44,77
Tigd5,0,0,6,2,1,4,0,2,0,1,2,0,0
Cggbp1,197,133,114,214,232,536,141,393,180,178,172,143,108
Ubxn8,39,24,35,30,40,101,38,58,21,15,37,25,17
Tbc1d10c,1,0,2,1,2,8,0,2,3,1,1,4,0
Slc30a9,113,109,78,117,115,303,92,267,77,63,118,73,76
Supt3h,18,8,7,15,22,40,21,33,12,19,6,13,13
Sccpdh,54,33,26,46,44,100,35,85,25,39,40,32,71
Pkn2,114,83,85,113,97,289,72,265,82,68,101,88,49
Ank2,47,13,19,46,40,122,25,83,44,28,28,27,16
Pirt,0,0,0,0,0,0,0,0,0,0,0,0,0
Oog1,0,0,0,0,0,0,0,0,0,0,0,0,0
Creb3l2,124,47,58,111,73,200,49,164,54,44,69,60,9
Atcay,1,1,0,0,0,1,0,0,0,0,1,0,0
B3gntl1,13,12,22,32,25,50,26,42,7,11,19,19,25
Themis,0,0,0,0,0,0,0,0,0,0,0,0,0
Pde12,52,26,32,60,59,63,15,68,22,19,26,15,8
Clrn3,0,0,0,0,0,0,0,0,0,0,0,0,0
8030462N17Rik,57,33,32,26,36,113,20,83,37,40,54,35,19
Ubxn10,10,10,14,15,11,37,7,14,6,0,19,1,7
Fstl5,0,0,0,0,0,0,0,0,0,0,0,0,0
Fbxl21,5,2,0,4,2,5,0,9,0,2,1,1,0
Slc35f1,7,29,6,5,2,47,12,18,3,0,16,10,6
Entpd3,2,8,5,9,2,13,3,13,0,0,11,1,0
Lrrtm3,0,0,0,0,0,0,0,0,0,0,0,0,0
Zfp365,4,3,2,14,4,18,0,11,0,0,8,0,0
Unc45b,5,0,0,6,10,11,1,10,1,0,6,7,3
Dgkb,1,2,4,1,14,8,1,8,4,0,24,13,2
Depdc1b,0,0,0,0,0,1,0,2,1,0,0,1,0
Mapk1ip1l,70,51,50,65,84,196,58,140,54,44,64,55,19
Pcdh20,0,0,1,0,0,0,0,0,0,0,4,0,0
Cep120,90,45,68,85,89,264,75,166,85,79,94,59,37
Cd226,1,2,0,1,0,1,0,0,0,0,0,0,1
Eno4,4,10,13,7,14,35,11,22,8,0,10,7,9
Rab3gap1,123,81,90,143,115,295,99,243,98,98,129,80,68
Yod1,16,17,4,6,10,57,5,24,17,5,27,17,13
C130074G19Rik,11,9,25,14,39,46,12,55,10,14,56,14,17
Coq4,12,2,7,14,4,18,2,18,4,5,8,10,2
Zer1,22,13,23,16,40,73,30,83,26,18,29,32,4
Prrg4,5,27,8,16,4,38,7,27,8,2,23,10,12
Clca5,0,0,0,0,0,0,0,0,0,0,0,0,0
Pigv,22,11,25,27,31,90,21,68,27,18,19,31,14
B930041F14Rik,0,2,5,2,1,7,1,4,0,2,3,3,0
Radil,0,0,0,1,0,0,2,0,0,0,0,0,0
Dpy19l3,37,45,24,39,44,163,50,130,32,15,70,40,33
Luzp2,0,0,0,0,1,4,0,11,1,0,4,0,2
Siglech,1356,739,1082,1364,1546,3887,1309,3103,1205,1395,1058,1009,959
Zfp592,109,32,109,129,119,380,71,287,116,113,88,103,20
Pcid2,29,6,15,27,31,64,25,50,16,21,26,17,7
Rnf214,59,16,18,42,47,134,40,140,26,40,54,35,18
Sik2,55,28,15,35,35,185,56,133,54,60,56,37,16
Plscr4,5,5,10,7,15,18,6,25,2,6,27,7,9
Aldh8a1,0,0,0,0,0,0,0,0,0,0,0,0,0
Lrfn5,0,0,0,0,0,2,0,0,0,0,0,0,0
Tmem30b,0,2,0,0,0,1,0,0,0,0,0,2,0
Rxfp3,0,0,0,0,0,0,0,0,0,0,0,0,0
Smcr7l,26,18,21,33,33,62,18,37,24,13,29,15,13
Zpld1,0,0,0,0,0,0,0,0,0,0,0,0,0
Zfp438,22,4,12,15,16,28,9,21,11,14,12,8,3
Harbi1,7,12,5,7,7,31,11,21,6,7,13,12,5
Lrrc4c,0,0,0,0,0,0,0,3,0,1,1,0,0
Ppm1l,34,15,12,42,35,116,34,75,40,28,43,21,4
D630039A03Rik,3,2,1,9,10,15,3,7,0,0,5,1,2
Napepld,12,11,3,8,16,15,8,23,1,2,11,10,7
Tmprss11f,0,0,0,0,3,0,0,0,0,0,0,0,0
Lrrtm4,0,0,0,0,0,0,0,1,0,0,0,0,0
Zfp324,10,5,8,10,7,16,12,23,15,17,14,3,7
Zfp473,1,1,0,0,1,4,0,1,0,1,1,5,0
A730069N07Rik,11,1,0,3,8,31,2,9,7,2,12,14,1
Prss35,0,0,0,0,0,0,0,0,0,0,0,0,0
Slitrk4,0,2,0,0,0,1,0,0,0,0,1,0,0
Klhl8,9,10,8,7,6,19,11,27,12,6,8,6,7
Slc26a11,9,9,6,4,8,24,7,23,9,7,11,9,4
Slc38a9,68,51,53,38,50,215,36,143,62,59,64,44,42
Gulo,0,0,0,0,0,0,0,0,0,0,0,0,0
Egflam,6,1,4,7,3,2,1,9,3,2,16,5,2
Stk32a,4,15,4,15,7,31,5,16,3,0,19,5,10
Ss18l1,14,5,5,10,12,23,7,42,8,15,18,10,9
Orai2,28,25,44,54,39,172,61,135,46,57,50,47,17
D330012F22Rik,6,3,2,0,4,10,3,11,2,5,12,0,3
Spin4,1,0,2,0,1,0,0,3,1,2,2,0,7
Agbl2,8,29,6,13,13,36,5,32,10,0,17,5,7
E130309F12Rik,0,0,0,0,0,2,0,1,0,0,0,0,0
Irf2bp1,16,7,8,20,7,49,16,26,25,13,13,13,2
Acsm5,0,0,0,0,0,0,0,0,0,0,0,0,0
Timd4,7,1,7,3,2,2,0,0,1,0,2,1,0
Gpr107,105,31,95,92,105,247,96,199,81,77,88,68,58
Fam113a,19,4,18,12,14,53,18,41,16,14,15,14,5
Zfp750,0,0,0,0,0,5,0,0,2,0,1,1,0
Fam168a,256,105,168,189,200,582,161,460,199,167,198,213,37
Slc25a40,13,8,4,20,19,31,6,27,7,2,11,11,8
Agmo,146,70,55,131,151,354,90,227,95,133,100,66,166
Tmem72,92,185,81,136,117,314,76,245,46,0,182,109,117
Nceh1,22,32,24,38,45,86,27,68,15,18,52,27,32
Ano4,7,5,2,13,4,16,0,8,1,0,3,5,1
Rps6kc1,62,19,38,56,62,171,47,134,55,43,53,55,26
BC049715,0,0,1,0,0,2,2,0,0,0,0,0,0
Nhlh2,0,0,0,0,0,0,0,1,0,0,0,0,0
Scai,50,55,41,69,72,239,55,155,57,28,74,86,47
Rnf152,41,96,21,65,40,96,20,82,13,1,70,46,18
Bcorl1,13,2,10,10,10,36,15,43,12,17,13,10,2
Rasal3,200,62,233,256,250,729,315,636,231,225,176,246,44
Skint4,0,0,0,0,0,0,0,0,0,0,0,0,0
Tmem117,0,3,3,0,0,1,0,3,0,0,0,3,0
E130203B14Rik,2,2,1,3,1,17,2,21,2,3,13,3,0
Ccbe1,21,25,14,21,9,40,9,34,10,0,29,19,5
Ppip5k1,44,34,28,47,69,147,36,176,54,35,51,42,21
A530064D06Rik,7,5,2,7,1,2,0,2,1,0,1,5,1
Far2,33,43,39,44,52,116,24,94,43,33,56,40,47
Slc7a6,65,43,45,60,103,164,34,89,39,34,40,32,16
Acad12,5,6,4,5,9,13,3,16,0,14,9,6,8
6030446N20Rik,13,17,7,9,14,58,16,21,11,12,18,15,19
Trim65,7,3,11,12,15,57,21,34,18,31,19,11,5
Slit2,32,47,24,113,58,166,36,101,21,0,77,26,13
Sirt5,3,2,10,5,8,8,5,13,1,0,3,7,2
Cnot6l,138,44,62,73,59,246,57,225,100,111,84,63,18
Gins2,0,1,2,2,4,7,3,9,5,1,2,0,1
Hs3st3a1,0,0,0,0,0,2,0,1,0,0,0,0,0
Adck2,35,11,27,27,19,91,30,59,20,36,34,28,4
Tmcc2,3,0,3,2,7,17,11,6,6,3,7,10,2
Zfp935,42,28,10,23,22,88,26,46,34,26,20,28,10
Nhedc2,0,1,0,4,0,0,1,1,0,0,0,4,1
Hadha,159,199,240,188,241,484,168,408,148,137,199,133,121
B3gnt9-ps,6,4,5,13,2,11,2,10,1,2,3,3,4
Son,1163,602,591,934,1168,3515,804,2390,901,883,922,1083,259
D2hgdh,24,11,20,23,25,80,27,65,23,32,21,24,11
Gorab,12,22,16,4,9,33,6,16,14,8,13,10,21
Obsl1,0,3,11,3,9,6,7,5,2,0,9,10,0
Ldlrad3,8,3,0,7,14,34,6,17,4,6,23,7,5
Fibcd1,0,0,0,0,1,0,0,0,0,0,0,0,0
Garnl3,41,15,19,48,57,127,32,68,49,47,32,44,16
Zscan29,47,34,35,49,44,187,60,127,44,70,65,47,30
Abtb2,3,13,10,12,5,2,1,8,1,0,1,5,0
Tiparp,234,202,150,296,308,478,89,299,67,90,94,107,40
AA792892,0,0,0,0,0,0,0,0,0,0,0,0,0
Zfp956,9,4,25,11,11,45,20,43,12,11,7,7,9
Hepacam2,0,0,0,1,0,14,2,3,3,1,1,3,9
Prkd2,15,16,41,30,28,52,18,68,29,15,26,57,4
AI467606,20,6,17,35,30,56,17,75,24,28,30,12,18
AI593442,0,0,0,1,0,1,0,0,0,0,1,0,0
Mapkapk3,20,11,31,30,33,73,10,53,18,14,14,27,11
Fam26e,1,1,0,3,1,2,0,6,0,0,2,1,0
Wdr92,18,10,13,12,15,22,11,31,8,12,17,9,21
Pld4,488,168,741,437,583,1655,637,1413,522,594,425,551,296
Fancm,24,27,9,22,20,54,10,58,17,13,19,21,10
Spata7,10,15,6,6,9,31,3,22,4,1,4,2,10
Rfesd,6,6,13,10,12,26,8,28,10,19,10,14,15
Utp15,47,38,21,38,52,137,25,86,32,32,37,38,37
Lmf2,32,14,45,50,37,106,41,129,32,26,35,35,20
Mal2,0,3,0,1,0,0,0,0,0,0,2,1,0
Hic2,21,4,8,15,25,47,15,38,14,11,9,18,4
Scaf4,27,14,15,48,50,111,37,67,35,31,30,36,6
Upk1b,83,36,97,101,94,282,84,200,82,122,70,82,81
Nsun3,10,6,10,10,15,35,7,26,7,7,12,5,10
Afap1l1,115,48,103,123,127,183,52,160,70,58,93,66,23
Kazald1,0,3,1,1,1,1,5,2,1,2,1,3,3
Gbf1,124,63,91,127,114,359,110,276,78,93,109,143,24
Tnfrsf14,18,4,5,6,12,22,9,20,7,5,11,21,11
Aoc2,3,2,0,8,7,12,1,4,0,3,4,10,0
Ostb,0,0,0,0,0,0,0,0,0,0,0,0,0
Slc2a12,162,384,182,224,227,377,116,374,51,1,241,114,184
Txlng,30,12,10,24,29,79,14,55,20,22,26,22,17
Tmem56,2,14,2,4,10,5,4,14,3,0,6,3,10
Pdrg1,35,14,32,34,48,82,41,82,26,28,42,25,39
Atad3a,25,8,24,31,32,38,18,43,12,12,17,18,14
Reep4,8,2,8,13,8,42,20,41,9,12,6,14,5
Ube2q2,44,29,14,35,41,143,40,97,42,40,52,25,18
Trappc9,52,22,61,48,61,125,43,115,27,30,39,40,9
Gars,100,82,79,104,76,231,72,224,50,65,110,69,45
Ccdc79,0,0,0,1,0,0,0,1,0,0,0,0,3
Foxn2,61,38,15,34,45,101,27,66,27,34,34,22,15
Lphn1,20,12,40,35,29,101,23,91,16,17,31,53,5
Atpaf1,3,1,0,3,1,7,4,3,1,3,2,2,0
Rab18,167,153,106,255,233,397,108,349,123,120,163,127,189
Tanc2,847,193,411,623,644,3122,666,2013,761,734,534,853,115
Myo1e,80,46,48,100,90,149,44,110,24,22,56,48,12
Plekhh1,34,15,16,18,11,49,18,27,9,11,22,16,15
Lingo1,0,1,1,0,0,1,1,1,0,0,0,0,0
2610524H06Rik,1,7,4,4,6,7,2,9,1,3,6,1,6
Zfp120,53,32,39,33,43,168,46,157,65,49,57,35,65
Tas2r139,0,0,0,0,0,0,0,0,0,0,0,0,0
Tas2r136,0,0,0,0,0,0,0,0,0,0,0,0,0
Col14a1,36,26,12,19,22,49,13,57,18,3,37,18,8
B230219D22Rik,143,97,86,103,117,362,127,328,114,91,202,96,97
Car5b,4,8,5,20,9,9,6,13,5,0,9,12,3
Kcns2,0,0,0,0,0,0,0,0,0,0,0,0,0
Ctcf,129,70,84,109,103,392,99,327,93,137,139,91,52
Cwh43,1,3,0,0,0,1,0,0,0,0,0,0,0
Slc25a15,9,9,6,7,15,27,4,43,12,9,17,9,9
Slc25a29,0,2,0,4,2,2,4,8,0,2,1,1,1
C1rl,9,10,21,16,22,33,14,42,4,15,12,11,8
Npm2,1,0,0,0,0,3,0,0,0,0,1,0,0
Prune2,96,48,49,78,97,132,47,128,52,52,57,58,38
Mustn1,5,5,12,2,22,12,1,5,4,2,12,9,9
Gtf2h5,24,38,27,23,41,80,19,74,25,20,31,28,68
Anapc13,11,40,23,37,38,69,18,47,9,9,25,23,67
Pxdn,1,2,6,2,8,9,4,15,1,1,7,1,2
Rftn1,11,3,19,20,14,35,17,33,10,10,20,17,6
Wdr47,42,33,21,37,34,121,22,73,29,32,43,36,15
Tmem64,132,86,110,118,119,447,119,325,112,98,137,115,71
Parp11,17,19,25,17,12,73,26,34,19,6,30,11,14
Vps37c,21,4,31,23,37,110,16,71,19,16,29,20,5
Kank1,28,33,53,48,63,58,24,71,16,0,67,59,28
Rnpepl1,23,11,57,40,38,124,65,127,43,42,28,50,3
Rars2,26,15,10,39,39,62,21,77,7,23,25,16,29
Me3,8,6,1,7,12,16,4,18,2,1,15,5,13
Mtmr11,4,0,3,11,11,15,1,33,5,3,13,17,5
Gtf2h3,12,10,7,13,9,25,8,21,7,2,22,6,14
Aftph,488,266,208,390,504,946,269,696,292,325,305,261,190
Zbed4,7,1,6,7,4,23,9,22,8,5,8,4,0
Anks1,56,16,56,81,92,191,97,189,50,81,60,76,9
Pik3c3,57,39,30,34,46,163,42,140,52,38,57,54,27
Atrnl1,34,63,29,57,27,94,34,90,6,11,61,41,18
Arhgap11a,29,13,24,30,54,169,29,88,50,33,44,40,23
Csrp2bp,35,33,43,32,37,111,36,107,31,30,50,43,28
Ushbp1,7,2,5,8,4,23,3,17,12,6,13,18,7
Zfp599,0,1,0,0,1,2,2,3,0,0,0,2,3
Fn3krp,17,15,8,19,20,60,24,40,20,10,31,12,26
Gm15800,72,26,71,56,71,257,70,271,99,44,102,103,4
Pkd2l1,0,0,0,0,0,0,0,0,0,0,0,0,0
Supv3l1,32,17,20,24,41,71,19,53,26,16,26,19,9
Gprc5a,3,1,7,2,11,1,2,8,3,3,3,8,0
Ltv1,64,28,32,67,82,130,29,98,27,42,30,42,31
Cldn17,0,0,0,0,0,0,0,0,0,0,0,0,0
Ipo7,209,191,137,230,255,506,153,449,160,199,192,151,89
Syt15,4,1,6,4,5,7,9,25,6,1,28,3,5
Tm6sf2,1,0,0,0,0,6,0,1,0,0,1,0,2
Caprin2,10,5,7,6,8,20,9,29,5,6,6,9,10
Slfn10-ps,11,0,0,5,8,3,3,17,3,10,4,1,1
Gpr151,0,0,0,0,0,1,0,0,1,0,0,1,0
Slfn8,225,93,74,126,122,273,57,224,95,120,74,120,45
Syt14,1,8,0,1,1,2,1,7,1,0,0,0,0
Nostrin,6,2,20,10,26,15,1,22,4,7,22,10,17
Eras,0,0,0,0,0,0,0,0,0,0,0,0,0
Clec18a,1,10,6,7,7,6,4,12,2,0,5,4,3
Dsg4,0,0,0,0,0,0,0,0,0,0,0,0,0
Nprl3,18,24,36,32,24,75,28,64,19,18,20,18,8
Ccdc85a,5,1,6,2,7,7,1,14,3,6,18,6,5
Pof1b,0,0,0,0,0,0,0,0,0,0,0,0,0
Gab3,4,5,3,8,7,12,9,12,5,7,10,4,4
Pik3r3,49,56,40,53,59,114,21,99,25,10,75,57,52
Sirt6,2,2,5,9,13,10,1,9,4,5,4,3,1
Cmbl,1,0,0,1,0,0,0,1,0,0,0,0,0
Ckap2l,12,11,12,17,29,70,17,52,10,18,9,11,4
Shq1,4,8,1,6,4,19,3,12,9,6,5,4,2
Itpkc,48,14,47,78,97,215,64,165,37,66,29,67,15
Edc4,45,26,52,63,78,171,49,153,44,47,39,61,3
Ppp1r9a,303,164,132,228,234,941,211,604,188,217,225,248,105
Retnlg,54,79,54,57,47,9,0,13,14,1,18,55,21
Ccdc75,20,19,6,11,11,27,11,24,3,7,30,16,7
Prdm4,59,36,22,53,52,118,30,102,27,34,40,27,21
Dsg1c,0,0,0,0,0,0,0,0,0,0,0,0,0
BC005764,0,1,2,2,0,1,0,5,2,0,0,0,0
Dsg1b,0,0,0,0,0,0,0,0,0,0,0,0,0
Defb37,0,0,0,0,0,0,0,0,0,0,0,0,0
Art3,4,0,0,3,2,5,2,9,2,1,4,0,2
Muc6,0,0,0,1,0,3,1,3,0,0,0,1,1
Aida,46,39,24,41,41,64,20,64,19,18,35,15,23
O3far1,1,0,0,1,0,0,0,0,0,0,0,0,1
Gpr142,0,0,0,0,0,0,0,0,0,0,0,0,0
R3hdm1,98,38,48,86,85,236,89,201,75,99,84,70,25
Gpr119,0,0,0,0,0,0,0,0,0,0,0,0,0
Gpr135,0,0,0,0,0,0,0,0,0,0,0,0,0
Opn5,0,0,0,0,0,0,0,0,0,0,0,0,0
Gpr141,6,13,3,3,4,7,2,1,1,0,2,4,1
Gstp2,0,0,0,0,0,0,0,0,0,0,1,0,0
4930534B04Rik,7,17,4,13,5,24,3,24,4,1,8,4,7
Ccdc67,0,0,0,1,0,0,0,1,1,1,1,0,1
Rxfp4,0,0,0,0,0,0,0,2,0,0,0,0,0
Wfikkn2,9,32,43,83,41,138,17,78,11,0,27,15,14
Tmc4,5,0,3,6,3,31,1,25,1,2,4,4,0
Hcfc1r1,16,27,53,43,45,73,40,68,13,12,30,49,33
Optn,16,23,23,22,35,35,14,28,2,8,17,25,9
Fgb,0,0,0,0,0,0,0,0,0,0,0,0,0
Grm3,0,4,1,0,0,2,1,6,1,1,9,3,3
Prl2c5,0,0,0,0,0,0,0,0,0,0,0,0,0
Zfp828,47,23,52,73,65,163,59,107,57,47,57,43,20
Poln,2,0,0,2,0,3,0,0,1,0,0,0,0
Cd59b,2,8,1,2,5,6,0,6,3,0,3,5,1
Oxct2b,0,0,0,0,0,0,0,0,0,0,0,0,0
Sdr16c5,0,1,0,0,0,0,0,0,0,0,0,0,0
Cmtm1,0,0,0,0,0,0,0,0,0,0,0,0,0
Fam167b,8,1,9,10,6,34,6,31,4,11,6,8,17
Lypd4,0,0,0,0,0,0,0,0,0,0,0,0,0
Fam19a2,0,0,0,0,0,0,0,1,0,0,0,0,0
Fam19a1,0,0,0,0,0,0,0,0,0,0,0,0,0
Ntrk3,2,1,0,2,3,4,0,6,1,0,2,1,2
Tppp,68,23,53,52,54,311,80,212,80,125,96,69,48
Emilin3,0,0,0,0,0,0,0,0,0,0,0,1,0
Tmem150c,2,5,4,4,2,6,3,0,4,0,2,3,0
Spred3,13,5,9,2,12,17,7,17,3,1,6,8,1
Adm2,0,0,0,0,0,0,0,0,0,0,0,0,0
Rims3,0,0,4,0,0,2,1,1,0,0,0,0,0
Plekha6,2,12,9,8,4,25,5,27,3,0,9,11,2
Ppp4r2,69,51,67,79,60,160,36,131,31,38,48,54,30
Gm17019,0,0,0,0,2,0,0,0,0,0,0,0,0
Slc17a8,2,22,10,3,1,20,1,3,1,0,2,3,1
Tmem59l,0,0,0,2,0,1,0,0,0,0,0,0,0
Mypn,0,0,0,0,0,0,0,0,0,0,0,0,0
Slc17a7,0,0,0,0,0,1,0,0,1,0,0,0,0
Arl5a,87,103,47,103,101,301,77,232,80,68,106,60,83
6330503K22Rik,42,54,62,33,28,108,14,57,23,13,60,48,25
Prkab2,7,7,6,9,12,23,7,29,11,8,9,19,2
Accn3,0,0,2,0,0,1,0,0,0,1,0,1,0
Zfp184,2,2,2,9,12,30,10,10,5,7,8,5,2
Ccnb3,0,0,0,0,0,0,0,0,0,0,0,0,0
Cdc42bpb,109,80,104,154,187,369,131,320,77,82,95,156,11
Ttll12,11,7,14,22,20,36,18,42,7,9,17,11,4
Atxn2l,202,53,124,183,233,477,158,356,148,137,125,233,11
Thada,96,32,56,93,65,224,68,184,55,54,78,76,33
Accn4,0,0,0,0,1,0,0,0,0,0,0,0,0
Rims4,0,0,0,0,0,0,0,0,0,0,0,0,0
Raver2,3,5,1,19,14,17,12,10,2,2,4,7,1
A430033K04Rik,12,2,6,5,4,23,10,21,11,4,8,5,4
Defb14,0,0,0,0,0,0,0,0,0,0,0,0,0
Ap1s3,1,2,1,1,0,1,0,2,1,0,0,2,0
Pcmtd1,135,139,57,146,156,327,93,298,99,107,172,116,103
Igf2bp2,12,5,6,13,10,27,10,15,2,6,8,8,4
Gpr183,134,96,160,218,265,1193,198,519,216,226,226,207,217
Rnase9,0,0,0,0,0,0,0,0,0,0,0,0,0
Plekhm1,32,9,22,46,52,118,49,121,39,38,39,28,8
Defb34,0,0,0,0,0,0,0,0,0,0,0,0,0
Defb38,0,0,0,0,0,0,0,0,0,0,0,0,0
Trim46,0,0,2,0,1,0,1,1,0,0,0,0,0
Defb39,0,0,0,0,0,0,0,0,0,0,0,0,0
Defb40,0,0,0,0,0,0,0,0,0,0,0,0,0
Kif20b,8,3,1,2,1,18,3,13,6,14,2,3,0
Fam189a1,1,0,0,0,0,0,0,0,0,0,0,0,0
2410018M08Rik,5,4,1,1,2,17,8,5,7,5,9,4,1
Dscc1,0,0,1,1,0,0,0,1,2,0,0,0,0
Tonsl,6,0,10,2,1,17,11,17,4,6,5,1,1
Xlr4c,5,0,1,1,0,1,0,0,0,2,0,0,0
Ttc29,0,0,1,1,0,8,0,1,0,0,0,0,1
1700067K01Rik,0,0,0,0,0,0,0,0,0,0,0,0,0
Tssk5,0,0,0,0,0,0,0,0,0,0,0,0,0
Prss46,0,0,0,0,0,0,0,0,0,0,0,0,0
4931429L15Rik,0,0,0,0,0,0,0,0,0,0,0,2,0
Ttc17,64,27,32,73,80,207,34,162,68,78,56,47,29
Tmprss12,0,0,0,0,0,0,0,0,0,0,0,0,0
Rfpl3s,0,0,0,0,0,0,0,0,0,0,0,0,0
1700029I15Rik,0,0,0,1,0,1,0,1,3,0,0,0,0
4932414N04Rik,0,0,0,0,0,0,0,0,0,0,0,0,0
Ccdc125,5,2,1,2,2,16,1,11,2,2,8,5,9
1110021L09Rik,21,28,21,19,24,105,30,69,23,16,50,19,27
2410141K09Rik,0,0,0,0,0,0,0,0,0,0,0,0,0
Spinkl,0,0,0,0,0,0,0,0,0,0,0,0,0
Defb41,0,0,0,0,0,0,0,0,0,0,0,0,0
6030498E09Rik,0,0,0,0,0,0,0,0,0,0,0,0,0
4930451I11Rik,0,0,0,0,0,0,0,0,0,0,0,0,0
Spink8,0,1,0,3,0,1,0,0,0,0,0,0,0
2410002I01Rik,4,4,4,10,9,29,13,29,8,11,14,26,2
Tet3,107,27,54,66,84,337,96,263,77,67,99,107,13
Pld6,0,1,0,0,0,0,0,0,0,0,0,1,0
Zfp691,35,14,46,30,29,217,66,155,62,63,49,43,32
Elfn2,0,0,0,0,1,0,0,0,0,0,0,0,0
A530054K11Rik,48,42,21,23,23,115,31,80,34,46,38,23,26
Sprn,0,0,0,0,0,0,0,1,0,0,0,0,0
Zfp598,44,8,45,46,70,157,60,141,21,28,46,77,15
BC003965,10,14,12,9,14,43,23,37,9,9,16,10,18
Plk5,0,0,3,0,2,2,3,5,0,0,2,0,2
BC002230,22,7,12,34,23,61,22,48,9,24,22,15,12
Cyp2ab1,0,0,1,0,0,0,0,0,0,0,0,0,1
E030010A14Rik,212,177,322,212,564,29,9,52,6,6,26,183,14
Slc17a9,3,1,10,7,17,35,11,35,17,7,9,12,3
BC006779,173,75,98,142,352,55,18,46,11,24,33,94,7
Rhbdl2,0,2,0,0,0,0,0,0,0,0,0,0,0
Pyroxd1,16,9,26,10,29,46,13,35,19,16,26,26,29
Gm4884,0,0,0,0,0,0,0,0,0,0,0,0,0
P2ry6,116,49,197,74,168,198,120,245,83,120,65,97,50
Mpv17l2,9,9,12,15,9,29,12,16,5,11,13,14,4
Fez1,1,1,2,2,2,27,1,14,0,1,10,6,2
Ankrd43,0,0,0,0,0,1,0,0,0,0,0,0,0
C1qtnf9,4,5,2,3,12,4,0,2,0,1,4,4,0
Zfp811,0,11,11,11,1,2,0,3,0,0,0,1,2
Kcnv2,0,3,0,0,3,0,1,0,0,0,0,0,0
Tspan18,42,11,30,35,35,131,48,117,29,40,38,40,14
Abhd16b,0,0,0,0,0,0,0,0,0,0,0,0,0
BC055111,0,0,0,0,0,1,0,0,0,0,0,0,0
Gprin3,0,4,0,0,0,2,0,1,0,0,0,0,0
Zfp300,0,4,5,4,0,4,0,0,0,0,2,1,0
Foxn3,79,28,40,57,83,217,45,147,42,64,53,69,15
Fam107a,188,113,191,201,225,90,37,152,43,24,95,143,40
Krtap13-1,0,0,0,0,0,0,0,0,0,0,0,0,0
Ms4a5,0,0,0,0,0,0,0,0,0,0,0,0,0
Foxi2,0,0,0,0,0,0,0,0,0,0,0,0,0
Gsdmc3,0,0,0,0,0,0,0,0,0,0,0,0,0
Marveld1,12,10,30,25,20,39,20,29,19,9,45,16,10
Serpinb9f,0,0,0,0,0,0,0,0,0,0,0,0,0
Slfn5,630,409,288,412,893,150,37,185,69,88,137,250,34
Rnf182,2,8,16,9,8,28,3,25,3,1,11,5,11
Zmiz1,334,71,244,269,293,1072,365,973,326,364,260,415,36
Gprin2,0,0,0,0,0,1,0,0,0,0,0,0,0
Scd4,0,2,0,1,0,0,0,1,0,0,0,0,0
Accs,29,10,30,37,39,94,21,76,34,19,22,30,22
Fat4,4,4,2,9,5,29,3,22,6,11,39,12,4
Fcrl5,0,3,0,20,0,0,0,0,0,0,0,0,0
Fam19a3,0,0,0,0,0,1,2,2,2,0,0,3,0
Usp24,477,134,193,295,325,1177,323,952,379,358,334,310,70
Nkx6-2,0,0,1,0,0,0,0,0,0,0,0,0,0
1100001G20Rik,16,3,13,10,10,0,0,2,1,1,0,2,2
Ccdc72,3,10,0,2,6,4,7,9,3,2,6,1,6
Defa21,0,0,0,0,0,0,0,0,0,0,0,0,0
1700025K23Rik,4,5,0,9,8,9,0,4,2,0,9,5,6
2310016M24Rik,5,13,22,21,25,42,14,35,17,2,9,10,44
Hamp2,0,0,0,0,0,0,0,0,0,0,0,0,0
2210020M01Rik,2,4,7,8,9,12,4,29,2,1,7,5,11
Stk35,42,7,25,28,43,95,25,81,21,6,28,53,8
Rnmtl1,5,1,5,3,13,9,7,6,5,2,2,7,4
5830405N20Rik,2,0,0,0,0,2,0,2,0,0,0,0,0
Defa20,0,0,0,0,0,0,0,0,0,0,0,0,0
Chchd8,1,4,2,2,6,14,4,9,3,3,5,7,7
Wfdc15a,0,0,0,0,0,0,0,0,0,0,0,0,0
Fam24a,0,0,0,0,0,1,0,0,0,0,0,0,0
1110002N22Rik,17,7,10,14,11,21,19,28,15,8,14,7,19
Nbeal2,46,9,48,36,71,247,66,178,69,68,52,100,17
Fam25c,0,0,0,0,0,0,0,0,0,0,0,2,0
2310005G13Rik,0,0,0,0,0,0,0,0,0,0,0,0,0
Actl9,0,0,0,0,0,0,0,0,0,0,0,0,0
2310010M20Rik,0,0,0,0,0,0,0,0,0,0,0,0,0
Spink2,0,0,0,0,0,0,0,0,0,0,0,0,0
Dhrs13,4,1,7,1,3,4,1,3,0,0,3,1,2
2610318N02Rik,0,0,0,0,0,0,0,0,0,0,0,0,0
Tcerg1l,0,0,0,1,1,2,0,0,0,0,0,0,1
4921517D22Rik,0,0,0,0,0,0,0,0,0,0,0,0,2
Cdkl1,0,0,0,0,0,1,0,0,0,0,0,0,0
Krtap16-10,0,0,0,0,0,0,0,0,0,0,0,0,0
Nxph4,0,0,0,0,0,0,0,2,0,0,0,0,0
Foxe1,0,0,0,0,0,0,0,0,0,0,0,0,0
Zfyve9,35,22,9,29,16,56,19,49,12,14,36,30,17
Ccdc63,0,0,0,0,1,3,0,0,0,0,0,0,0
Pon2,141,193,135,166,229,419,146,391,109,102,189,108,210
Gm5111,0,0,0,0,0,0,0,0,0,0,0,0,0
Tmem145,0,0,0,0,0,0,0,0,0,0,0,0,0
Ctxn1,3,4,4,5,7,14,2,17,1,0,5,5,7
Snapc5,14,23,2,15,19,49,14,32,20,15,22,12,35
Rgag4,2,3,0,9,3,19,7,23,4,3,5,7,4
Xkrx,2,3,0,1,0,2,0,0,0,2,0,0,3
Gm5128,0,0,0,0,0,0,0,0,0,0,0,0,0
BC053749,4,2,15,7,3,19,7,13,3,10,5,7,0
Khdc1a,0,0,0,0,3,1,0,0,0,0,0,0,0
Pbx1,74,27,56,64,59,173,46,135,26,14,77,59,30
Gadd45gip1,10,9,18,11,25,59,19,47,7,26,20,19,18
Duxbl,0,0,0,0,0,0,0,0,0,0,0,0,0
Klhl6,98,45,51,107,110,357,80,221,89,104,94,105,90
Tnfsf18,6,0,0,0,0,3,1,0,0,3,3,3,2
Nup54,27,19,31,34,46,94,24,73,25,15,19,21,30
Cox6b2,4,11,20,17,20,18,13,33,3,0,20,11,33
Pde4a,19,4,32,20,28,70,20,57,22,10,17,17,0
Qrfp,0,0,0,0,0,3,0,5,0,1,0,0,0
Sbno2,236,127,391,338,775,261,97,180,61,36,49,223,7
Glra2,0,0,0,0,0,0,0,0,0,0,0,0,0
Dennd4c,60,59,38,52,55,249,66,217,59,68,105,50,24
Rtl1,0,0,0,0,0,0,0,0,0,0,0,0,0
Esrp1,0,0,1,0,0,0,0,0,0,0,0,2,0
Ffar1,0,0,0,0,0,0,0,0,0,0,0,0,0
Nlrp9b,0,0,0,0,0,0,0,0,0,0,0,0,0
Nanos3,0,0,0,0,0,0,0,0,0,0,0,0,0
Foxo6,0,0,0,1,0,1,0,0,1,0,1,0,0
D630045J12Rik,11,7,6,19,12,57,11,26,8,5,15,13,0
Rhox3a,0,0,0,0,0,0,0,0,0,0,0,0,0
Nanos2,0,0,0,0,0,0,0,0,0,0,0,0,0
Fam118b,25,28,20,34,28,91,35,78,35,40,41,31,50
Arid4b,99,66,57,101,115,263,70,193,73,75,111,64,40
Onecut2,0,0,0,0,0,0,0,2,0,0,0,0,0
Morn2,7,30,14,19,15,34,11,33,3,2,19,16,29
Slc23a3,0,0,0,0,0,0,0,0,0,0,0,0,0
Tbc1d2b,143,36,109,129,145,218,72,204,78,91,80,72,32
Naif1,3,1,7,8,3,25,4,18,5,4,6,5,1
Gbp6,91,66,74,98,228,19,4,10,4,9,7,44,9
Bms1,84,25,56,72,65,189,47,169,60,53,52,53,25
C330019G07Rik,136,44,55,87,110,356,85,224,96,107,89,104,29
Synrg,95,36,41,88,52,244,56,208,70,93,77,77,26
Sh3tc1,73,6,93,65,112,212,72,187,39,70,35,71,10
Fam160b2,31,13,22,30,31,82,36,75,28,42,41,43,4
Rnf31,37,17,57,48,75,99,42,103,37,27,37,46,7
AY358078,0,0,0,0,1,1,0,1,0,0,0,0,0
Atg2a,21,8,47,28,55,106,42,96,24,17,27,46,4
Mafa,0,0,0,0,0,0,0,0,0,0,0,1,0
Spire1,232,50,103,145,184,479,135,350,95,149,101,122,26
Bpifb3,0,0,0,0,0,0,0,0,0,0,0,0,0
Cdk10,24,8,16,35,24,78,30,46,21,7,18,33,5
Akap9,220,160,111,160,183,540,167,469,147,136,215,191,44
Ifnz,0,0,0,0,0,0,0,1,0,0,0,0,0
Wipf2,61,29,35,57,53,223,33,171,55,70,50,76,6
Sgsm2,1,12,8,27,8,42,20,43,9,5,16,23,6
Hsh2d,1,0,0,0,3,1,0,1,0,0,0,0,0
Prosapip1,3,3,13,5,17,24,10,20,10,7,4,11,2
Kif18b,0,0,2,2,0,5,0,3,1,0,0,2,2
Uqcr10,20,47,49,55,103,62,54,81,13,11,37,39,193
Cox19,11,8,11,14,8,27,12,24,9,10,10,6,23
Adipor2,190,121,118,181,202,429,123,394,170,148,231,116,117
Tmem140,43,21,31,62,67,82,32,74,25,29,35,29,30
Trim37,27,64,28,74,60,142,43,102,21,15,77,40,30
1190005I06Rik,1,0,2,1,0,0,0,0,0,0,2,3,4
Fam58b,14,7,17,6,13,45,11,48,14,20,18,13,24
1700025G04Rik,6,5,2,9,15,46,12,22,9,10,10,9,6
2310044H10Rik,28,22,55,57,54,119,61,90,26,37,34,43,28
Pcgf1,6,1,2,3,2,16,3,8,6,2,6,1,10
Tut1,22,10,25,20,36,64,20,36,12,12,17,16,9
Arl16,7,6,5,9,5,35,7,28,6,10,7,4,13
Tspan15,1,1,1,7,1,11,1,8,1,1,3,0,4
4930422G04Rik,12,6,10,6,4,19,9,8,5,2,4,2,1
Ces2g,4,1,2,0,0,4,5,4,1,1,5,3,1
1700001O22Rik,1,0,0,0,0,0,1,0,0,0,0,0,0
1110008P14Rik,1,3,6,5,3,11,2,6,1,0,5,2,2
Zfp946,26,19,23,14,10,34,16,38,11,13,19,14,10
6330578E17Rik,112,70,87,97,104,222,98,240,73,84,120,56,63
Ascc3,121,86,59,130,118,287,82,267,72,67,104,62,63
E430018J23Rik,3,0,6,4,7,4,3,13,5,1,6,4,3
Trim68,16,7,10,5,8,34,5,40,16,4,8,12,9
Slain1,1,4,2,6,1,8,5,6,4,0,4,0,3
Fam175b,68,55,64,84,78,285,86,235,86,78,90,63,73
Abr,192,117,162,208,152,609,172,481,151,158,188,214,45
Cep78,3,7,13,10,9,34,3,18,4,5,7,10,3
Scyl2,57,59,45,66,80,180,35,149,52,34,94,55,42
Tnrc6c,81,19,42,78,66,215,78,183,60,78,69,83,6
Rcor1,67,29,20,45,42,181,37,127,48,51,55,38,7
Ranbp3l,4,0,1,1,2,1,2,0,1,1,2,3,0
Iqcc,10,3,11,6,6,20,5,14,9,7,10,7,4
Alkbh6,9,6,13,17,30,32,9,30,7,13,24,7,13
Serpinb10-ps,1,0,1,0,1,1,0,2,2,0,0,1,2
Fermt1,0,0,1,0,0,0,0,1,0,0,0,0,0
Tubgcp3,68,31,45,67,60,206,42,170,51,46,53,51,35
Setx,152,77,59,114,114,449,111,311,133,100,147,90,66
Zbtb39,41,9,31,17,28,64,29,71,34,17,22,28,9
Cachd1,78,57,51,70,67,146,36,129,21,2,76,64,12
Bst2,41,62,65,85,106,116,34,119,31,36,43,48,70
Tbkbp1,24,4,30,34,29,120,48,88,41,32,36,62,0
Gmip,169,45,152,208,237,621,206,511,148,194,138,210,31
Tra2a,212,163,117,275,341,660,156,471,197,169,170,175,153
Exoc8,19,6,11,13,12,51,16,36,10,10,29,15,9
Fam120c,24,24,14,16,33,89,32,79,21,32,40,23,18
Slc9a10,0,0,0,0,0,0,0,0,0,0,0,0,0
Morn4,7,5,0,8,8,12,8,14,4,1,8,1,4
Ssh1,15,6,10,19,21,37,9,41,12,16,8,16,8
Akap6,0,5,1,1,6,10,0,10,2,1,4,2,0
Ostn,0,0,0,0,0,0,0,0,0,0,0,0,0
Ssh3,15,9,22,40,26,63,27,70,23,16,17,23,8
Dagla,50,6,38,40,49,96,48,95,33,45,19,55,4
Pcdha2,5,15,11,8,3,17,6,7,0,0,9,2,2
Lrrc24,0,1,0,0,0,0,2,0,0,0,1,0,0
Rab35,92,49,90,84,113,316,123,278,76,79,80,78,33
Uts2d,0,0,0,0,0,0,0,0,0,0,0,0,0
Tmem63b,28,20,40,38,28,86,29,74,29,15,35,34,4
Ppp2r5b,19,11,17,17,20,49,13,39,13,16,16,14,6
Gmeb2,32,14,56,56,71,155,44,97,18,21,29,41,14
Szt2,52,8,40,31,48,142,46,134,58,47,41,79,7
Ces2b,2,0,1,1,1,0,0,1,0,0,4,1,0
Ntf5,1,3,1,1,0,2,0,4,1,0,0,1,0
Pip5kl1,0,0,0,0,0,0,0,0,0,0,0,0,0
Qrfpr,0,0,0,0,0,0,0,0,0,0,0,0,0
Raet1e,0,0,0,0,0,0,0,0,0,0,0,0,0
Snph,7,3,9,9,12,17,7,27,7,8,3,7,4
Ms4a13,0,0,0,0,0,0,0,0,0,0,0,0,0
Yars2,12,15,4,3,8,32,7,16,5,5,15,5,1
Zbtb40,13,6,2,12,19,65,25,49,17,9,21,26,4
Lrrc4b,0,0,0,0,0,0,0,0,0,0,0,0,0
Rnf133,0,0,0,0,0,0,0,0,0,0,0,0,0
Tex2,57,72,56,78,60,207,80,183,38,25,78,69,38
Tanc1,44,29,31,37,44,35,15,45,20,10,50,33,3
Tmx3,199,148,97,157,164,504,158,424,162,166,212,135,185
9130011E15Rik,64,35,44,44,68,77,31,71,15,32,23,35,16
Trat1,0,0,0,0,0,0,0,0,0,0,0,0,0
Helz,92,26,47,57,65,243,60,200,80,64,76,72,15
E130303B06Rik,0,2,0,0,2,1,1,3,2,0,1,2,0
Cpeb3,29,13,18,10,21,46,11,49,10,18,16,19,4
Rbm11,0,0,0,0,0,0,0,0,0,0,1,0,1
Eif5b,171,105,93,143,137,436,135,342,102,109,143,104,70
Nup188,56,17,32,35,55,120,46,91,50,35,53,38,15
Klhl17,25,5,32,18,49,101,34,66,37,32,28,28,19
Pdpr,31,23,12,16,24,54,27,59,17,12,23,16,14
Zfp273,2,1,1,2,1,8,0,9,5,5,11,3,7
Nsfl1c,30,26,21,35,47,90,25,63,16,21,31,15,34
Crhbp,0,0,0,0,0,0,0,0,0,0,0,0,0
Paqr6,0,0,2,3,0,0,0,2,0,0,0,0,0
Inf2,11,5,30,11,23,27,11,20,8,2,13,17,0
Paqr9,7,8,10,5,7,15,6,8,6,0,6,5,1
Ckmt2,0,0,0,0,0,0,0,0,0,0,0,0,0
Usp49,12,4,2,8,7,50,15,26,8,5,4,12,0
Paqr3,5,4,3,3,0,17,1,9,3,7,4,10,0
Bahcc1,7,2,13,3,11,27,3,23,5,10,7,19,0
Orai3,41,29,58,41,49,115,41,111,37,30,38,17,21
Eid2,4,5,3,6,5,15,6,15,15,7,9,8,2
Rhox11,0,0,0,0,0,0,0,0,0,0,0,0,0
Map6d1,0,0,0,0,0,2,0,1,0,1,0,0,0
Trim52,0,0,0,0,0,0,0,0,0,0,0,0,0
Cux1,98,46,78,110,95,262,79,244,95,66,76,75,19
Plekhg6,0,0,4,4,3,8,3,3,1,3,0,7,0
F630043A04Rik,2,0,0,1,1,4,2,3,0,3,0,1,0
Dcaf13,62,41,39,68,52,152,39,108,31,52,56,49,65
4930572J05Rik,0,1,2,3,8,7,2,10,2,2,1,1,4
Aars2,4,1,10,7,6,20,3,28,7,4,10,17,3
Rsl24d1,28,24,25,17,36,64,21,51,15,18,38,25,19
Igsf21,0,0,0,0,0,0,0,1,0,0,0,0,0
B3gnt4,0,0,1,0,1,2,4,2,1,0,0,1,1
Gxylt2,0,0,0,0,0,0,0,1,0,0,3,0,0
Ap2s1,23,15,25,18,43,58,36,67,12,27,17,19,57
Mex3d,1,1,3,4,6,15,5,13,4,8,1,3,2
Tspyl3,7,4,1,4,8,21,12,22,5,18,2,2,3
Dlgap3,0,0,0,0,0,1,0,0,0,0,1,0,0
Zfp933,20,8,4,9,18,54,8,32,19,12,20,15,16
Rundc3b,0,0,2,2,0,4,0,3,0,0,1,1,0
Cct8l1,0,0,0,0,0,0,0,0,0,0,0,0,0
H1fx,0,0,0,1,0,1,0,0,0,0,1,0,0
Ubqln3,0,0,0,0,0,0,0,0,0,0,0,0,0
Ubqlnl,0,0,0,0,0,0,0,0,0,0,0,0,0
Mtss1l,2,9,9,15,9,40,11,47,2,1,14,26,1
AI480653,26,20,34,21,32,102,24,74,14,30,40,15,3
Vstm2l,0,0,0,0,0,0,0,0,0,0,0,0,0
Gm711,1,0,0,0,0,2,1,1,0,0,0,0,0
1810024B03Rik,0,1,0,0,0,1,0,0,0,1,0,1,3
Zc3h4,92,28,74,94,92,328,93,240,75,101,79,122,15
Trim67,0,0,0,0,0,3,0,3,0,0,1,1,0
Tigd3,0,0,5,0,0,3,0,0,1,0,1,0,0
Gm5134,3,0,0,1,4,6,5,5,0,5,1,3,0
1700016K19Rik,4,6,8,3,7,12,3,9,0,0,7,2,7
5031414D18Rik,190,72,85,111,102,283,82,228,83,85,81,102,68
Ccdc58,6,8,0,3,4,14,8,21,8,8,10,5,11
Tbc1d22b,18,1,12,11,20,52,8,34,21,6,14,14,7
Slc22a20,0,0,0,0,0,0,0,0,0,0,0,1,0
4430402I18Rik,9,8,18,11,7,25,3,27,5,0,15,4,17
Hjurp,158,52,72,94,95,455,130,359,135,131,127,146,69
Iars2,74,51,56,71,62,206,50,173,52,49,67,61,33
Nsl1,2,4,1,2,2,11,5,12,5,0,4,5,1
4921509C19Rik,0,0,0,0,0,0,0,0,0,0,0,0,0
Cdh26,0,0,0,0,2,9,0,11,3,0,3,0,2
Gm5148,2,0,0,0,6,7,0,3,0,2,3,1,4
Nr1h5,0,0,0,0,0,0,0,0,0,0,0,0,0
B930007M17Rik,0,0,0,0,0,0,0,0,0,0,0,0,0
E230008N13Rik,0,1,0,0,0,13,1,3,0,0,0,0,0
Oog2,0,0,0,0,0,0,0,0,0,0,0,0,0
9430007A20Rik,0,0,0,0,0,0,0,0,0,0,0,0,0
C87499,0,0,0,0,0,0,0,0,0,0,0,0,0
Gm9758,0,0,0,0,0,0,0,0,0,0,0,0,0
BC061212,0,0,0,0,0,0,0,0,0,0,0,0,0
4930590J08Rik,1,0,0,0,2,0,0,1,1,0,0,0,0
Prb1,0,0,0,0,0,0,0,0,0,0,0,0,0
Gse1,27,16,25,38,44,168,55,113,39,29,20,54,11
Odf3l1,0,0,0,0,0,0,0,0,0,0,0,0,0
Fbxw26,0,0,0,0,0,0,0,0,0,0,0,0,0
Fdxacb1,11,6,5,7,13,47,13,18,8,7,15,3,13
BC061237,0,0,0,0,0,0,0,0,0,0,0,0,0
Serpinb3b,0,0,0,0,0,0,0,0,0,0,0,0,0
Lphn3,0,3,0,2,0,12,1,1,1,3,1,0,0
Wnk1,1689,569,749,1311,1448,3384,789,2565,929,1135,871,1163,138
Egfl7,4,2,13,8,5,59,17,59,15,5,42,9,35
Mrpl48,12,15,8,20,25,43,10,53,13,12,15,14,31
Ctf2,0,0,0,0,0,0,0,0,0,0,0,0,0
AI646023,0,1,6,1,2,9,3,7,1,0,1,1,2
BC046404,23,5,17,17,17,62,10,48,24,13,11,16,2
Nlgn2,7,9,16,14,16,59,13,46,2,3,5,24,5
Slitrk3,0,0,0,0,0,1,0,1,0,0,0,0,0
Slitrk5,2,0,0,0,0,0,0,2,0,0,0,0,0
Dbpht2,0,0,0,0,0,2,0,0,0,0,0,0,0
B4galnt3,3,4,0,3,11,1,5,6,2,0,0,0,2
Scx,0,0,0,3,2,2,2,2,0,0,0,0,1
Zbtb12,3,3,8,6,2,16,5,14,5,7,4,1,0
Ssxb3,0,0,0,0,0,0,0,0,0,0,0,0,0
Uggt1,214,129,147,184,175,471,182,496,186,162,192,157,109
Smgc,0,0,0,0,0,0,0,0,0,0,0,0,0
Hn1l,38,22,27,32,23,93,22,115,24,42,28,17,24
C430048L16Rik,29,20,13,15,13,47,20,54,19,16,22,22,25
Nox3,0,0,0,0,0,0,0,0,0,0,0,1,0
Tfap2e,0,0,0,0,0,0,0,0,0,2,0,0,0
Vmn2r43,0,0,0,0,0,0,0,0,0,0,0,0,0
Hcrtr2,2,0,0,0,0,0,0,0,0,0,0,0,0
Tmtc1,97,147,66,161,144,309,74,229,43,15,223,155,53
Sgol2,4,0,2,1,3,5,4,8,4,7,3,4,1
Cox11,25,19,11,21,17,66,13,46,19,4,18,8,14
Dgkq,29,20,22,33,36,107,23,68,32,20,33,42,10
Irgc1,0,0,0,0,0,2,0,0,0,0,0,0,0
D14Ertd668e,61,38,27,74,106,58,29,37,20,25,21,22,20
Enpp4,57,67,40,56,69,84,23,95,18,26,57,30,33
9230110C19Rik,6,21,16,13,11,46,6,42,9,0,21,4,23
Stard8,74,19,44,58,68,302,73,210,58,70,67,75,23
Dpp10,0,0,0,0,0,0,0,2,0,0,0,0,0
Shc4,1,0,0,1,1,1,0,0,0,0,0,0,0
4930526D03Rik,0,0,0,0,0,0,0,0,0,0,0,0,0
Nol4,2,8,0,8,3,21,4,20,2,0,14,4,5
Zbtb26,7,7,4,5,7,23,10,15,12,3,14,7,14
Zfp335,38,14,30,35,45,146,38,134,33,54,35,46,8
Bend3,31,7,12,34,35,35,9,38,9,16,6,17,2
Zfp395,20,5,15,14,17,88,31,71,25,22,19,37,6
Cep135,37,19,24,31,38,110,24,112,40,33,42,40,20
Tsen2,10,4,14,5,9,17,14,29,7,10,11,7,5
4922502D21Rik,0,0,0,0,0,0,0,0,0,0,0,0,2
Alg8,65,30,29,37,40,131,45,80,41,30,35,35,65
Fbxw15,0,0,0,0,0,0,0,0,0,0,0,0,0
Chst9,0,0,0,0,0,0,0,0,0,0,0,0,0
Ippk,15,15,15,7,17,36,21,34,11,6,19,14,12
Tbpl2,0,0,0,0,0,0,0,0,0,0,0,0,0
Zfp781,2,0,0,1,8,9,1,7,2,1,1,5,0
Ssx9,0,0,0,0,0,0,0,0,0,0,0,0,0
Ssxb10,0,0,0,0,0,0,0,0,0,0,0,0,0
Slitrk1,0,0,0,0,1,3,0,0,0,0,0,0,0
Ssxb9,0,0,0,0,0,0,0,0,0,0,0,0,0
Defb50,0,0,0,0,0,0,0,0,0,0,0,0,0
Foxk1,80,35,72,77,64,228,86,185,64,48,62,91,7
Znrf2,122,48,61,96,91,265,88,202,85,84,102,68,21
3110062M04Rik,45,20,33,65,67,86,33,78,23,30,37,33,28
Trim30d,166,82,79,113,187,266,71,222,80,104,67,85,52
BC051665,0,0,0,0,0,0,0,0,0,0,0,0,0
Lrrc68,25,11,24,34,36,80,31,73,18,14,25,28,8
BC049730,0,0,0,0,0,0,0,0,0,0,0,0,0
Tas2r102,0,0,0,0,0,0,0,0,0,0,0,0,0
Tas2r107,0,0,0,0,0,0,0,0,0,0,0,0,0
Tas2r110,0,0,0,0,0,0,0,0,0,0,0,0,0
Tas2r130,0,0,0,0,0,0,0,0,0,0,0,0,0
Ifnk,0,0,0,0,0,0,0,0,0,0,0,0,0
Tas2r134,0,0,0,0,0,0,0,0,0,0,0,0,0
Tas2r135,0,0,0,0,0,0,0,0,0,0,0,0,0
Bckdhb,14,15,18,12,8,29,16,26,10,5,13,17,5
Suz12,106,81,65,119,110,408,93,288,76,120,142,79,44
Rbfa,11,3,10,15,13,47,22,48,5,20,10,23,17
Hdac10,12,7,22,28,27,59,26,37,15,17,18,30,10
Tmem199,23,16,22,13,18,47,14,42,16,18,27,10,21
Fam171a2,0,0,2,1,1,1,0,5,0,0,0,0,0
Cd300lh,0,0,0,0,0,0,0,1,0,1,0,0,0
Cd300lb,3,1,2,1,4,24,5,9,3,1,3,3,1
Lman1l,0,0,0,0,0,1,0,1,0,0,0,0,0
Rtn4rl2,0,1,0,0,1,0,0,0,0,0,0,0,0
Cd300c,1,0,0,1,1,1,0,0,0,1,0,0,1
Sema6d,26,22,21,27,29,122,42,110,35,36,53,33,18
Kcnk12,1,0,6,0,3,15,1,6,1,3,3,1,0
Unc93a,0,0,0,0,0,0,0,0,0,0,0,0,0
Tpte,0,0,0,0,0,0,0,2,1,0,0,0,0
Phf15,283,97,294,273,318,355,125,403,153,239,107,264,20
Mtg1,7,6,4,14,19,28,5,19,5,6,12,4,10
Lrsam1,21,11,25,29,38,118,36,58,32,32,30,30,9
Bpifb6,0,0,0,0,0,0,0,0,0,0,0,0,0
Zfp341,10,1,2,3,1,14,4,19,4,0,1,5,0
Tmem39b,9,1,12,11,11,33,7,21,6,6,8,11,5
Wdtc1,19,15,28,27,29,89,46,76,26,18,20,30,2
Ece1,116,43,82,118,169,93,17,115,41,34,95,104,13
Mast3,72,17,100,129,116,335,122,290,109,93,68,106,21
Zdhhc19,0,0,0,0,0,0,0,0,0,0,0,0,0
Ccdc32,21,17,16,25,24,35,10,37,5,7,20,15,28
Clec4a1,44,29,15,65,33,24,2,17,6,7,10,14,10
BC051628,0,0,0,0,0,0,0,0,0,0,0,0,1
4922501C03Rik,31,48,17,32,30,137,21,97,33,30,37,29,29
Phf16,10,6,2,4,19,30,9,19,13,5,10,9,0
Ssxb5,0,0,0,1,0,0,0,0,0,0,0,0,0
Dot1l,33,14,57,76,141,170,54,128,29,35,27,58,6
Lzts1,1,0,0,1,0,0,0,7,0,0,0,3,1
Gal3st2,0,0,0,0,0,0,0,0,0,0,0,0,0
S100a7a,0,0,0,0,0,0,0,0,0,0,0,0,0
Phkb,107,103,81,116,106,312,76,240,82,64,135,80,87
Rrp12,11,9,29,33,28,57,18,44,8,9,13,17,4
Fez2,193,53,143,171,160,370,127,292,117,117,122,110,98
Zhx2,28,18,31,44,33,48,13,50,15,14,28,26,7
Nexn,1,3,4,5,7,10,1,8,4,5,7,1,2
Mms22l,7,2,0,4,8,18,6,11,6,6,3,2,2
Zcchc5,0,0,0,0,0,0,0,0,0,0,0,0,0
Cdh24,0,0,1,6,0,0,0,2,1,0,0,1,0
Prss43,0,0,0,0,0,0,0,0,0,0,0,0,0
Col8a2,65,85,116,129,109,266,86,236,28,3,127,102,29
Rrm2b,32,40,22,33,43,97,24,81,26,32,49,19,44
Mettl7a2,0,0,0,0,0,0,0,0,0,0,0,0,0
Lrrc47,49,20,46,53,70,139,47,127,47,42,60,36,15
Dand5,6,3,6,1,0,12,4,8,5,6,2,0,4
Rhox4e,0,0,0,0,0,0,0,0,0,0,0,0,0
Pcdha8,5,15,11,8,3,17,6,7,0,0,9,2,2
Krt9,0,0,0,0,0,0,0,0,0,0,0,0,0
Eif4ebp3,20,9,5,19,11,53,10,48,13,18,8,3,3
Oog3,0,0,0,0,0,0,0,0,0,0,0,0,0
Cybasc3,93,33,100,68,92,377,99,251,88,116,98,81,92
Gdpd5,1,1,11,4,9,9,8,9,3,8,3,4,0
Slc6a7,0,0,0,0,0,0,0,0,0,0,0,0,0
Ctif,25,3,11,18,14,65,26,56,15,18,28,30,0
Nat14,0,2,3,2,9,9,7,5,3,0,2,2,0
Tssc1,12,3,8,17,25,39,12,29,10,8,11,12,8
Lyrm4,13,8,16,13,13,29,10,30,5,5,14,10,20
Tmem106c,39,45,65,60,41,94,50,106,32,39,45,43,37
Cyp2d12,0,0,0,0,0,0,0,0,0,0,0,0,0
Fam82a1,9,5,3,13,6,14,11,23,2,2,2,3,5
Ccdc68,0,1,1,2,3,4,0,8,2,0,1,1,1
Serpinb3c,0,0,0,0,0,0,0,0,0,0,0,0,0
BC055324,12,6,7,8,10,30,6,28,10,8,11,9,11
Gpr176,0,0,1,1,1,6,0,3,0,0,1,0,1
Xkr8,17,14,15,7,12,28,16,33,5,10,17,3,5
N4bp2l2,148,116,61,144,184,379,120,296,93,89,149,93,120
Wee2,0,0,0,0,0,0,0,0,0,0,0,0,0
Prmt8,0,0,0,0,0,0,0,0,0,0,0,0,0
Ccdc84,18,7,3,14,8,59,18,28,11,14,16,7,5
Trim56,47,18,25,28,60,63,27,65,21,21,26,35,3
Ccdc155,0,0,0,0,0,1,0,0,0,0,0,0,0
Serpinb3d,0,0,0,0,0,0,0,0,0,0,0,0,0
Pigs,20,22,67,39,38,94,43,87,31,29,32,36,13
Dennd4b,112,33,88,130,136,329,102,295,81,91,55,128,10
Dub1a,0,0,0,0,0,0,0,0,0,0,0,0,0
Ugt1a6b,86,35,71,71,86,245,76,171,65,65,61,63,77
Flrt1,2,0,0,1,0,3,1,4,0,0,1,4,0
Flrt2,37,120,28,53,62,194,76,153,28,12,156,63,49
Map4k5,116,52,67,105,119,287,65,248,77,102,79,92,32
Lmo7,12,10,3,4,7,18,6,24,12,11,26,7,19
Sly,0,0,0,0,0,0,0,0,0,0,0,0,0
Kcnf1,0,0,0,0,1,1,0,0,0,0,0,0,0
Myo5b,55,72,42,72,49,134,55,116,24,1,70,28,16
Pde4c,0,0,0,1,3,0,0,0,0,0,0,0,2
H2-M10.3,0,0,0,0,0,0,0,0,0,0,0,0,0
Zfp652,124,42,60,77,104,235,65,214,62,95,78,75,9
Neil2,0,0,0,2,0,2,2,1,0,0,0,0,0
H2-M10.6,0,0,0,0,0,0,0,0,0,0,0,0,0
Prlhr,0,0,0,0,0,0,0,0,0,0,0,0,0
Chd8,235,97,139,171,201,647,142,469,175,191,195,201,50
Mettl14,23,18,20,17,34,79,34,54,5,26,26,21,29
Synm,64,56,37,62,69,119,15,105,17,12,90,54,11
Cyp4a31,0,0,0,0,0,0,0,0,0,0,0,0,0
Ugt1a10,87,32,71,71,86,245,76,171,64,64,62,63,77
Ugt1a7c,140,54,112,122,134,372,118,263,91,112,93,88,117
Ugt1a5,87,32,71,71,86,245,77,171,65,64,62,68,77
Ugt1a9,87,32,71,71,86,245,76,171,64,64,62,63,77
Sphk2,21,9,50,59,75,118,51,97,35,42,23,43,17
Dhx37,7,5,13,17,14,61,23,52,16,23,12,21,6
Cxcl3,0,1,1,4,0,2,0,1,0,1,0,3,0
Fam115e,0,0,0,0,0,0,0,0,0,0,0,0,0
Vmn1r183,0,0,0,0,0,0,0,0,0,0,0,0,0
Mrgprd,0,0,0,0,0,0,0,0,0,0,0,0,0
Chrm2,0,0,0,0,0,0,0,0,0,0,0,0,0
Mrgprg,0,0,0,0,0,0,0,0,0,0,0,0,0
Rwdd4a,29,18,27,30,32,54,19,44,23,13,22,10,26
Eddm3b,0,0,0,0,0,2,0,0,0,0,0,0,0
Gm5136,0,0,0,0,0,0,0,0,0,0,0,0,0
Chrm5,0,0,1,0,0,0,0,0,0,0,0,0,0
Mrgprb4,0,0,0,0,0,0,0,0,0,0,0,0,0
Mrgprb1,0,0,0,0,0,0,0,0,0,0,0,0,0
Tlr11,0,0,0,0,1,5,0,8,0,0,3,0,0
Tlr13,559,330,368,405,442,1005,287,745,364,534,414,280,409
Mrgpra6,0,0,0,0,0,0,0,0,0,0,0,0,0
Omt2b,0,0,0,0,0,0,0,0,0,0,0,0,0
Tlr12,17,7,36,16,23,68,41,63,24,37,21,23,5
Gfral,0,0,0,0,0,0,0,0,0,0,0,0,0
Churc1,18,25,19,12,30,54,15,65,12,5,27,23,45
Cd200r2,0,0,4,0,0,0,0,0,0,0,0,0,0
Cyp2c54,0,0,0,0,0,0,0,0,0,0,0,0,0
Gm13280,0,0,0,0,0,0,0,0,0,0,0,0,0
Vmn1r178,0,0,0,0,0,0,0,0,0,0,0,0,0
Vmn1r180,0,0,0,0,0,0,0,0,0,0,0,0,0
Gm12597,0,0,0,0,0,0,0,0,0,0,0,0,0
Ifna6,0,0,0,0,0,0,0,0,0,0,0,0,0
Vmn1r177,0,0,0,0,0,0,0,0,0,0,0,0,0
Hist3h2bb-ps,0,0,0,0,0,0,0,0,0,0,0,0,0
Jtb,37,22,20,45,59,105,33,94,31,24,29,25,32
Arl9,1,0,1,0,0,2,0,4,1,0,0,0,2
Gpr152,0,1,0,0,0,0,0,0,0,0,0,0,0
Kcnrg,3,0,0,1,0,3,1,9,4,1,2,2,0
Ifna14,0,0,0,0,0,0,0,0,0,0,0,0,0
H2afy2,0,2,3,1,4,9,2,8,1,0,2,2,2
Olfr773,0,0,0,0,0,0,0,0,0,0,0,0,0
Tas2r104,0,0,0,0,0,0,0,0,0,0,0,0,0
Tas2r106,0,0,0,0,0,0,0,0,0,0,0,0,0
Tas2r109,0,0,0,0,0,0,0,0,0,0,0,0,0
Tas2r113,0,0,0,0,0,0,0,0,2,0,0,0,0
Tas2r114,0,0,0,0,0,0,0,0,0,0,0,0,0
Tas2r115,0,0,0,0,0,0,0,0,0,0,0,0,0
Tas2r117,0,0,0,0,0,0,0,0,0,0,0,0,0
Tas2r118,0,0,0,0,0,0,0,0,0,0,0,0,0
Tas2r120,0,0,0,0,0,0,0,0,0,0,0,0,0
Tas2r121,0,0,0,0,0,0,0,0,0,0,0,0,0
Tas2r123,0,0,0,0,0,0,0,0,0,0,0,0,0
Tas2r124,0,0,0,0,0,0,0,0,0,0,0,0,0
Tas2r125,0,0,0,0,0,0,0,0,0,0,0,0,0
Tas2r126,0,0,0,0,0,0,0,0,0,0,0,0,0
Tas2r129,0,0,0,0,0,0,0,0,0,0,0,0,0
Tas2r131,0,0,0,0,0,0,0,0,0,0,0,0,0
Ano7,3,2,3,2,2,5,1,11,0,2,3,4,0
H2-Ab1,102,39,135,121,120,167,152,239,96,30,40,103,166
Cebpe,0,0,0,0,1,2,0,0,0,0,0,0,0
Olfr1471,0,0,0,0,0,0,0,0,0,0,0,0,0
Olfr741,0,0,0,0,0,0,0,0,0,0,0,0,0
Olfr1061,0,0,0,0,0,0,0,0,0,0,0,0,0
Olfr1084,0,0,0,0,0,0,0,0,0,0,0,0,0
Olfr1349,0,0,0,0,0,0,0,0,0,0,0,0,0
Olfr417,0,0,0,0,0,0,0,0,0,0,0,0,0
Olfr936,0,0,0,0,0,0,0,0,0,0,0,0,0
Olfr1212,0,0,0,0,0,0,0,0,0,0,0,0,0
Olfr955,0,0,0,0,0,0,0,0,0,0,0,0,0
Olfr1036,0,0,0,0,0,0,0,0,0,0,0,0,0
Olfr594,0,0,0,0,0,0,0,0,0,0,0,0,0
Olfr645,0,0,0,0,0,0,0,0,0,0,0,0,0
Olfr845,0,0,0,0,0,0,0,0,0,0,0,0,0
Olfr670,0,0,0,0,0,0,0,0,0,0,0,0,0
Olfr813,0,0,0,0,0,0,0,0,0,0,0,0,0
Olfr1010,0,0,0,0,0,0,0,0,0,0,0,0,0
Olfr1313,0,0,0,0,0,0,0,0,0,0,0,0,0
Olfr1308,0,0,0,0,0,0,0,0,0,0,0,0,0
Olfr1338,0,0,0,0,0,0,0,0,0,0,0,0,0
Olfr325,0,0,0,0,0,0,0,0,0,0,0,0,0
Olfr1102,0,0,0,0,0,0,0,0,0,0,0,0,0
Olfr747,0,0,0,0,0,0,0,0,0,0,0,0,0
Olfr1333,0,0,0,0,0,0,0,0,0,0,0,0,0
Olfr427,0,0,0,0,0,0,0,0,0,0,0,0,0
Olfr814,0,0,0,0,0,0,0,0,0,0,0,0,0
Olfr519,0,0,0,0,0,0,0,0,0,0,0,0,0
BC048355,0,0,2,1,0,0,1,1,0,0,0,0,1
LOC382133,0,0,0,0,0,0,0,0,0,0,0,0,0
Olfr239,0,0,0,0,0,0,0,0,0,0,0,0,0
Tes,92,64,111,119,117,156,57,100,39,38,47,42,47
Ccdc120,0,5,0,0,2,3,0,1,0,0,0,0,0
BC068157,0,1,3,0,1,6,0,2,0,0,0,0,0
Ninl,13,5,7,11,33,65,16,49,9,19,19,22,4
Igsf3,4,5,0,10,4,13,2,7,1,0,4,10,1
Lpcat4,5,2,14,0,4,5,0,3,1,2,3,3,3
Mrps26,9,9,6,5,8,19,11,20,4,7,6,12,13
Clca6,0,0,0,0,0,0,0,0,0,0,0,0,0
Sec24b,140,54,91,102,107,342,95,302,105,98,109,107,26
Dyrk4,30,8,7,12,19,71,11,49,21,24,15,9,5
Wtip,12,3,29,22,21,32,11,35,16,10,19,11,4
Snx25,35,36,21,64,33,139,44,102,23,26,53,31,7
Exoc5,153,91,91,163,142,479,133,347,122,135,154,130,106
Mycbp2,656,235,286,465,482,2046,479,1503,540,560,485,605,101
Ugt3a1,0,0,0,0,0,0,0,0,0,0,0,0,0
AI314976,38,21,21,29,36,87,33,85,29,42,29,17,46
Lmo3,1,1,0,0,0,1,0,2,0,0,0,0,0
Acap3,11,0,10,9,11,39,12,26,8,8,7,12,0
Olfr384,0,0,0,0,0,0,0,0,0,0,0,0,0
Hdac4,13,7,7,13,13,32,9,26,9,13,14,26,1
Olfr1373,0,0,0,0,1,0,0,0,0,0,0,0,0
Tsga10,11,19,12,26,26,57,22,55,20,14,30,18,9
Plac9,0,0,0,0,0,0,0,0,0,0,0,0,0
Olfr320,0,0,0,0,0,0,0,0,0,0,0,0,0
Arl5c,15,8,42,28,17,62,25,41,18,31,10,24,8
Ptpdc1,15,3,10,7,7,46,5,26,7,6,5,6,7
C1ql2,0,0,0,0,0,0,0,0,0,0,0,0,0
Rexo4,37,21,37,37,50,111,34,104,39,37,34,44,35
Olfr358,0,0,0,0,0,0,0,0,0,0,0,0,0
Olfr1283,0,0,0,0,0,0,0,0,0,0,0,0,0
Man1c1,145,36,121,111,112,526,177,446,143,159,124,161,22
Gtf3c1,72,39,62,99,90,281,76,254,73,42,88,104,11
Olfr1320,0,0,0,0,0,0,0,0,0,0,0,0,0
Npc1l1,0,0,0,0,0,3,0,0,1,3,0,0,0
Muc19,0,0,0,0,0,0,0,0,0,0,0,0,0
Cd200r4,2,0,1,5,3,8,1,1,0,1,2,0,1
Zfp870,13,9,13,3,13,28,10,33,9,4,11,13,21
Pglyrp3,0,0,0,0,0,0,0,0,0,0,0,0,0
4930433I11Rik,0,0,0,0,0,0,0,0,0,0,0,0,0
Olfr684,0,0,0,0,0,0,0,0,0,0,0,0,0
Olfr1371,0,0,0,0,0,0,0,0,0,0,0,0,0
Olfr1286,0,0,0,0,0,0,0,0,0,0,0,0,0
Zfp532,92,30,46,51,73,185,61,181,51,59,50,65,22
Fam71f1,0,0,0,0,0,0,0,0,0,0,0,0,0
Ankrd34c,0,0,0,0,0,0,0,0,0,0,0,0,0
Kcnk18,0,0,0,1,0,1,0,2,0,0,0,0,0
Abpe,0,0,0,0,0,0,0,0,0,0,0,0,0
Tmsb15l,7,5,7,0,9,20,8,17,3,10,12,2,6
Ccdc87,0,0,0,4,1,0,0,3,0,0,0,1,0
Ptprh,0,0,0,0,0,0,0,0,0,0,0,1,0
Tdpoz3,0,0,0,0,0,0,0,0,0,0,0,0,0
Tdpoz4,0,0,0,0,0,0,0,0,0,0,0,0,0
Tdpoz5,0,0,0,0,0,0,0,0,0,0,0,0,0
Defb21,0,0,0,0,0,0,0,0,0,0,0,0,0
A930005I04Rik,2,1,0,2,0,5,2,4,1,0,2,3,1
Tigd4,0,0,0,0,0,1,0,0,0,0,0,1,0
Plcxd1,5,4,13,14,20,30,7,18,4,4,9,5,7
Ccdc121,0,0,0,1,0,5,0,4,4,0,0,0,1
4832428D23Rik,0,0,0,0,0,0,0,0,0,0,0,0,0
Cercam,5,1,3,5,0,3,3,10,0,2,3,1,0
Wrb,18,10,12,18,7,58,25,49,15,18,29,18,25
Zranb1,64,38,44,66,74,208,56,138,43,41,65,53,29
BC067068,17,3,11,17,21,17,10,40,6,11,8,16,5
Rpl23a,2,0,1,2,2,1,0,2,2,2,1,0,0
Opa3,17,14,19,38,19,87,23,62,25,15,27,28,11
4930504O13Rik,0,0,0,0,0,0,0,0,0,0,0,0,0
Osbpl1a,74,72,49,66,103,188,47,163,49,42,114,35,55
Agr3,0,0,0,0,0,0,0,0,0,0,0,0,0
Dbx2,0,0,0,0,0,0,0,0,0,0,0,0,0
Mrgprb3,0,0,0,0,0,0,0,0,0,0,0,0,0
Mrgprb5,0,0,0,0,0,0,0,0,0,0,0,0,0
Mrgprb8,0,0,0,0,0,0,0,0,0,0,0,0,0
Mrgprx1,0,0,0,0,0,0,0,0,0,0,0,0,0
Vmn1r59,0,0,0,0,0,0,0,0,0,0,0,0,0
Vmn1r64,0,0,0,0,0,0,0,0,0,0,0,0,0
Vmn1r179,0,0,0,0,0,0,0,0,0,0,0,0,0
Vmn1r181,0,0,0,0,0,0,0,0,0,0,0,0,0
Vmn1r93,0,0,0,0,0,0,0,0,0,0,0,0,0
Vmn1r174,0,0,0,0,0,0,0,0,0,0,0,0,0
Olfr192,0,0,0,0,0,0,0,0,0,0,0,0,0
Olfr199,0,0,0,0,0,0,0,0,0,0,0,0,0
Olfr209,0,0,0,0,0,0,0,0,0,0,0,0,0
Olfr250,0,0,0,0,0,0,0,0,0,0,0,0,0
Olfr251,0,0,0,0,0,0,0,0,0,0,0,0,0
Olfr257,0,0,0,0,0,0,0,0,0,0,0,0,0
Olfr372,0,0,0,0,0,0,0,0,0,0,0,0,0
Olfr592,0,0,0,0,0,0,0,0,0,0,0,0,0
Olfr681,0,0,0,0,0,0,0,0,0,0,0,0,0
Olfr750,0,1,0,0,0,0,0,0,0,0,0,0,0
Olfr776,0,0,0,0,0,0,0,0,0,0,0,0,0
Olfr924,0,0,0,0,0,0,0,0,0,0,0,0,0
Olfr1040,0,0,0,0,0,0,0,0,0,0,0,0,0
Olfr1051,0,0,0,0,0,0,0,0,0,0,0,0,0
Olfr1057,0,0,0,0,0,0,0,0,0,0,0,0,0
Olfr1113,0,0,0,0,0,0,0,0,0,0,0,0,0
Olfr1173,0,0,0,0,0,0,0,0,0,0,0,0,0
Olfr1198,0,0,0,0,0,0,0,0,0,0,0,0,0
Olfr1252,0,0,0,0,0,0,0,0,0,0,0,0,0
Olfr1355,0,0,0,0,0,0,0,0,0,0,0,0,0
Olfr1535,0,0,0,0,0,0,0,0,0,0,0,0,0
Olfr1380,0,0,0,0,0,0,0,0,0,0,0,0,0
Olfr1383,0,0,0,0,0,0,0,0,0,0,0,0,0
Olfr1480,0,0,0,0,0,0,0,0,0,0,0,0,0
Fam5b,1,0,0,1,1,4,0,1,0,0,2,0,0
V1rd18,0,0,0,0,0,0,0,0,0,0,0,0,0
V1rd19,0,0,0,0,0,0,0,0,0,0,0,0,0
Olfr774,0,0,0,0,0,0,0,0,0,0,0,0,0
Olfr553,0,0,0,0,0,0,0,0,0,0,0,0,0
Olfr403,0,0,0,0,0,0,0,0,0,0,0,0,0
Rnf138,43,28,33,44,64,140,30,114,40,46,47,41,36
Ace,386,538,439,576,434,1097,411,1064,172,20,636,337,112
Acsl4,140,112,91,133,139,511,98,320,107,138,153,109,105
Olfr1434,0,0,0,0,0,0,0,0,0,0,0,0,0
Olfr1321,0,0,0,0,0,0,0,0,0,0,0,0,0
Olfr1118,0,0,0,0,0,0,0,0,0,0,0,0,0
Yipf6,79,80,50,67,92,224,71,208,70,48,117,66,79
Fndc3a,255,210,122,158,267,590,165,522,203,188,179,196,86
H2-Q6,13,7,23,17,38,31,11,17,6,6,2,31,3
Dtna,25,55,30,52,28,65,20,84,14,3,68,18,22
Cflar,357,200,159,386,338,824,189,599,227,163,252,224,116
Egfr,9,8,1,5,8,21,4,13,6,0,12,3,0
5031410I06Rik,0,0,0,0,0,0,0,0,0,0,0,0,0
Defa22,0,0,0,0,0,0,0,0,0,0,0,0,0
Hook3,203,135,75,154,141,548,130,415,188,181,225,171,104
Olfr1537-ps1,0,0,0,0,0,0,0,0,0,0,0,0,0
Dlk2,0,0,0,0,0,0,0,0,1,0,0,0,0
Fgf14,0,1,0,0,0,0,0,4,0,0,1,0,3
Acpp,0,0,0,0,0,1,0,0,1,0,3,1,0
Gabpb1,90,41,56,98,97,180,44,132,41,54,36,58,44
Gripap1,72,27,76,74,85,181,60,162,52,43,57,66,35
Zfp318,85,29,36,65,58,217,50,180,65,51,56,59,15
Olfr1082,0,0,0,0,0,0,0,0,0,0,0,0,0
Dedd2,7,0,4,4,5,18,6,10,3,3,1,9,2
Ccnl2,118,78,118,117,168,362,110,249,82,88,89,143,54
Kif1b,178,143,105,209,127,553,142,435,110,67,238,149,48
Olfr179,0,0,0,0,0,0,0,0,0,0,0,0,0
Olfr220,0,0,0,0,0,0,0,0,0,0,0,0,0
Olfr224,0,0,0,0,0,0,0,0,0,0,0,0,0
Olfr1335,0,0,0,0,0,0,0,0,0,0,0,0,0
Pcyt1b,3,4,3,6,9,15,0,11,4,0,14,7,4
Slc35c1,39,9,22,18,13,57,27,65,20,14,17,24,4
Olfr301,0,0,0,0,0,0,0,0,0,0,0,0,0
Gyk,39,30,16,35,42,75,17,47,14,11,30,15,18
Kdelc2,18,20,13,34,23,81,30,66,26,27,41,39,21
Psmf1,24,16,30,29,32,65,26,54,16,25,39,20,12
Ctdspl2,61,61,26,48,38,168,46,144,45,72,68,36,39
Rxfp1,1,0,0,0,2,3,2,4,0,0,2,3,1
Bex4,0,1,0,3,1,11,0,5,0,0,0,0,0
Krt42,0,0,0,0,0,0,0,0,0,0,0,0,0
Cnot6,83,40,30,56,58,149,40,162,72,49,66,64,21
Krt73,0,0,0,0,0,0,0,0,0,0,0,0,0
Krt78,0,0,0,0,0,0,0,0,0,0,0,0,0
5-Sep,6,4,17,7,14,32,2,22,8,5,13,6,0
A530032D15Rik,1,0,0,1,2,0,0,2,0,0,0,0,2
Fam123c,0,0,0,0,0,0,0,0,0,0,0,0,0
Krt72-ps,0,0,0,0,0,0,0,0,0,0,0,0,0
Inca1,0,1,1,7,1,4,5,5,2,2,1,5,2
Krt39,0,0,0,0,0,0,0,0,0,0,0,0,0
Npepl1,35,13,57,40,50,113,49,105,26,15,30,25,15
Snord32a,0,0,0,0,0,0,0,0,0,0,0,1,0
Snord35a,0,0,0,2,1,0,0,1,0,0,0,1,0
Snord35b,1,0,1,0,0,3,1,0,1,0,5,0,1
Tyms-ps,0,0,0,0,0,1,0,0,0,0,0,0,0
Snord33,0,0,3,0,2,0,0,0,0,1,1,0,0
Rmrp,0,0,2,0,2,0,0,3,0,3,0,3,1
Kcnq1ot1,31,43,30,21,17,37,15,67,24,13,20,29,7
G6b,0,0,0,0,0,0,0,0,0,0,0,0,0
Xist,2835,1852,1113,1903,2606,8007,1411,4419,1977,1818,2024,2736,903
Terc,0,0,0,0,0,0,0,0,0,0,0,0,0
Speer6-ps1,0,0,0,0,0,0,0,0,0,0,0,0,0
Speer5-ps1,0,0,0,0,0,0,0,0,0,0,0,0,0
Speer9-ps1,0,0,0,0,0,0,0,0,0,0,2,0,0
Speer8-ps1,0,0,0,0,0,0,0,0,0,0,0,0,0
Speer7-ps1,0,0,0,0,0,0,0,0,0,0,0,0,0
Speer1-ps1,0,0,0,0,0,0,0,0,0,0,0,0,0
H19,2,0,5,1,1,0,0,0,1,0,0,0,0
Rpph1,0,3,0,1,2,0,0,2,0,3,0,0,2
E530001F21Rik,0,0,0,0,0,0,0,0,0,0,0,0,0
Snord15a,0,0,0,0,0,0,0,1,0,0,0,0,0
Snord15b,2,0,2,0,2,2,0,2,1,1,0,4,2
Tug1,201,142,112,132,183,585,129,377,150,126,177,131,108
BC002163,1,2,0,2,1,0,1,1,0,1,0,0,0
Nctc1,0,0,0,0,0,0,0,1,0,0,0,0,0
Snord34,0,0,0,0,0,0,1,1,0,0,0,4,2
Gm5424,0,0,0,0,0,0,0,1,0,0,0,0,0
Gm13363,18,12,10,21,42,64,12,36,15,20,18,29,17
Gm7334,3,3,1,3,2,11,2,5,4,2,6,4,0
Npm3-ps1,0,0,0,0,0,3,0,0,0,0,0,0,0
Dlx6as,0,0,0,0,0,0,0,0,0,0,0,0,0
Gas5,159,108,69,233,282,458,123,363,118,120,134,125,233
Rn4.5s,0,0,0,0,0,0,0,0,0,0,0,0,0
Tsix,153,92,49,107,203,476,91,278,117,110,113,155,58
Nespas,0,0,0,2,0,0,0,0,0,2,0,0,0
Malat1,2980,1385,1232,1135,2190,5632,2076,4812,2116,1901,1866,4256,867
6430411K18Rik,0,0,0,0,0,0,0,0,0,0,0,0,0
8430431K14Rik,0,0,0,0,0,0,0,0,0,1,1,0,0
Snord82,1,1,0,0,0,0,0,0,0,0,0,0,0
Airn,0,0,0,0,0,1,0,1,0,0,3,0,1
Dlx1as,0,0,0,0,0,1,0,0,0,0,0,0,0
Igf2as,0,2,1,1,1,4,2,3,2,0,1,1,0
Psg-ps1,0,0,0,0,0,0,0,0,0,0,0,0,0
Gm4956,0,0,0,1,0,0,0,0,0,0,0,0,0
Olfr75-ps1,0,0,0,0,0,0,0,0,0,0,0,0,0
A130040M12Rik,0,1,0,0,1,0,0,0,0,0,0,1,0
Serpina4-ps1,0,0,0,0,0,0,0,0,0,0,0,0,0
Gm5088,0,0,0,1,0,0,0,1,0,0,0,0,0
Emx2os,0,0,0,0,0,0,0,1,0,0,0,0,0
Peg13,72,32,98,70,91,200,66,185,72,81,114,79,56
Rnu11,0,0,0,0,0,1,1,1,2,0,1,0,0
Dio3os,0,0,0,0,0,0,0,0,0,0,0,0,0
Pax6os1,0,0,0,0,0,0,0,0,0,0,0,0,0
Gm5476,0,0,0,0,0,0,0,0,0,0,0,0,0
Gm5477,0,0,0,0,0,0,0,0,0,0,0,0,0
Dnm3os,0,0,0,0,0,1,0,1,0,0,0,0,0
Vax2os2,0,0,0,0,0,0,0,0,0,0,0,0,0
Gm6042,0,0,0,0,0,0,0,0,0,0,0,0,0
Vax2os1,0,0,0,0,0,0,0,0,0,0,0,0,0
Has2as,0,0,0,0,0,0,0,0,0,0,0,0,0
Gm1821,2,1,0,2,0,5,1,6,0,0,1,1,0
Defa-ps12,0,0,0,0,0,0,0,0,0,0,0,0,0
Defb44-ps,0,0,0,0,0,0,0,0,0,0,0,0,0
Defb48-ps,0,0,0,0,0,0,0,0,0,0,0,0,0
Defa-ps13,0,0,0,0,0,0,0,0,0,0,0,0,0
Gm5643,61,32,40,62,77,137,27,106,31,33,44,25,40
Gm10052,54,27,36,59,69,118,20,82,29,32,38,24,39
Smarca5-ps,1,0,0,0,0,1,0,0,0,0,1,0,0
Gm5801,2,0,0,3,1,2,0,0,0,2,0,0,0
Gm12070,0,0,0,0,0,0,0,0,0,0,0,2,0
Gm5512,8,9,10,13,14,57,11,36,12,8,20,19,12
Snord116,0,0,0,0,0,0,0,0,0,0,0,0,0
Snhg1,59,25,22,114,116,167,34,105,42,64,35,28,70
Snora64,2,3,0,3,1,6,2,3,1,1,0,5,0
Snora65,1,2,0,2,6,9,1,10,3,0,1,1,1
Snora70,8,2,8,6,10,8,3,4,8,1,3,7,5
Snora69,1,0,0,0,0,3,0,0,0,0,0,0,0
Snora68,1,0,0,0,2,4,0,1,0,0,1,0,1
Snora62,0,0,0,0,0,0,0,0,0,0,2,0,0
Snord61,0,0,0,0,0,0,0,0,0,0,0,0,0
Snora74a,0,0,0,0,2,1,0,0,1,0,0,0,0
Gm1943,0,0,0,0,0,0,0,0,0,0,1,0,0
4930515G16Rik,0,0,0,0,0,0,0,0,0,0,0,0,0
Gm9731,0,0,0,0,0,0,0,0,0,0,0,2,0
Snhg10,0,0,1,0,0,2,0,2,0,0,0,1,1
Sprr2j-ps,0,0,0,0,0,0,0,0,0,0,0,0,0
Kis2,0,0,0,0,0,0,0,0,0,0,0,0,0
Pinc,0,0,0,0,0,0,0,0,0,0,0,0,0
Fate1,1,0,0,0,1,0,0,0,0,0,0,0,1
Ceacam-ps1,1,0,0,0,0,0,0,0,0,0,0,0,0
Foxl2os,1,0,0,1,4,12,1,1,2,3,1,2,0
Snhg3,1,2,0,7,2,25,4,12,2,1,12,4,8
Gm11194,0,0,0,0,0,0,0,0,0,0,0,0,0
Gm11202,0,0,0,0,0,0,0,0,1,0,0,0,0
Zxda,8,1,6,4,11,23,10,18,6,4,7,14,4
D030028A08Rik,13,3,8,7,9,18,15,25,12,13,15,11,2
Gm6548,47,34,33,39,65,91,18,71,26,34,30,39,17
BC018473,0,0,0,0,0,0,0,0,0,0,0,0,0
Pvt1,20,5,15,21,26,48,9,25,7,15,19,8,13
Gm7904,0,0,0,0,0,1,0,1,0,0,0,0,0
Gm15772,47,63,51,78,119,158,54,140,61,52,61,44,122
Gm7367,14,7,10,18,18,20,12,15,6,7,9,12,4
2210409E12Rik,0,0,0,0,0,0,0,0,0,0,0,0,0
Neat1,124,210,178,151,171,461,106,335,59,32,188,259,102
Pisd-ps1,198,48,123,140,200,614,200,444,182,137,153,283,55
Pisd-ps3,198,48,123,140,200,614,200,444,182,137,153,283,55
Pisd-ps2,34,5,11,18,34,90,26,79,29,36,18,43,18
H2afy3,0,0,1,2,1,1,0,0,0,2,0,0,0
Zf12,0,0,0,0,0,1,0,0,0,0,0,0,0
Sprr2g,0,0,0,0,0,0,0,0,0,0,0,0,0
Cyp2d13,0,0,0,0,0,0,0,0,0,0,0,0,0
Vmn2r29,3,4,2,2,1,17,0,8,5,4,1,2,2
Gm15698,0,0,0,0,0,0,0,0,0,0,0,0,0
Gpr137b-ps,51,15,15,43,39,173,31,121,59,50,37,50,25
Gm6455,0,0,0,0,0,0,0,0,0,0,0,0,0
1700018B24Rik,0,0,0,0,0,0,0,0,0,0,0,0,0
6330549D23Rik,1,0,0,0,0,0,0,5,1,1,0,1,0
Gm5065,0,0,0,0,0,0,0,0,0,0,0,0,0
Gm5069,3,3,2,8,2,16,1,6,1,4,3,1,2
Gm10319,0,0,0,0,0,0,0,0,0,0,0,0,0
1700073E17Rik,0,0,1,0,0,0,0,0,0,0,1,0,0
D030018L15Rik,0,0,0,0,0,0,0,0,0,0,0,0,0
Gm5766,0,0,0,0,0,0,0,0,0,0,0,0,0
Gm6498,1,0,1,1,1,0,1,4,0,2,0,0,0
Gm6578,0,0,0,1,0,2,0,0,0,0,0,0,0
Gm6787,0,0,0,0,3,0,0,1,0,0,0,0,0
Meg3,3,3,1,2,4,8,1,8,1,0,3,2,1
Rps4y2,0,2,8,5,9,7,6,9,2,2,4,4,4
4933400A11Rik,0,0,0,0,0,0,0,0,0,0,0,0,2
1700013N18Rik,0,0,0,0,0,0,0,2,1,0,0,0,0
1700045I19Rik,0,0,0,1,0,7,0,0,0,0,0,0,0
1700123L14Rik,0,0,0,0,0,0,0,0,0,0,0,0,0
1700049L16Rik,0,0,0,0,0,0,0,0,0,0,0,0,0
Ube2dnl,0,0,0,0,0,0,0,0,0,0,0,0,0
4921511C20Rik,0,0,0,0,0,0,0,0,0,0,0,0,0
Gm5039,0,0,0,0,0,0,0,0,0,0,0,0,0
Gm5334,0,0,0,0,0,0,0,1,0,0,0,0,0
Gm5434,0,0,0,1,0,2,0,0,0,0,0,0,2
Gm5972,0,0,0,0,0,0,0,0,0,0,0,0,0
Gm7337,0,0,0,0,0,0,0,0,0,0,0,0,0
Snora15,1,0,0,0,0,0,0,0,0,0,1,0,0
Miat,0,0,0,0,0,8,0,5,0,0,0,0,1
1700022A21Rik,0,0,0,0,0,0,0,0,0,0,0,0,0
Aldoart2,0,0,0,0,0,0,0,0,0,0,0,0,0
Gm5478,0,0,0,0,0,0,0,0,0,0,0,0,0
Vmn2r-ps11,0,0,0,0,0,0,0,0,0,0,0,0,0
Tubb2a-ps2,0,0,0,0,0,0,0,0,0,0,0,0,0
Gm10653,2,2,7,5,2,4,2,8,3,0,4,5,2
Gm4759,1,1,0,2,1,1,0,1,0,0,1,0,0
Btnl5,0,0,0,0,0,0,0,0,0,0,0,0,0
Gm9079,0,3,0,1,2,3,0,3,1,0,1,1,3
Snord87,1,0,0,0,1,0,0,1,0,0,0,0,0
Snord73a,0,1,2,1,0,7,0,0,0,0,0,0,0
Rnu73b,0,2,0,0,2,1,0,1,0,0,0,0,0
Rnu12,0,0,0,0,0,0,0,0,0,0,0,0,1
Gm8234,0,1,0,1,0,0,0,1,0,1,2,0,0
Rprl1,0,0,0,0,0,0,0,0,0,0,0,0,0
Apoo-ps,0,0,0,0,0,1,0,0,0,0,1,0,0
Rprl2,0,0,0,0,0,0,0,0,0,0,0,0,0
Vmn2r-ps54,0,0,0,0,0,0,0,0,0,0,0,0,0
Gm15421,3,1,0,2,4,4,2,3,2,1,5,0,1
Nphs1as,0,0,0,0,0,0,0,0,0,0,0,0,0
Zfhx2as,6,0,2,1,0,4,3,4,1,0,2,2,0
Snord22,6,5,6,9,9,11,2,8,4,1,0,5,0
H2-K2,22,15,20,46,72,186,33,91,23,36,27,58,16
Gm5523,0,0,0,0,0,2,0,0,0,0,0,1,1
4930448K20Rik,0,0,0,0,0,0,0,0,0,0,0,0,0
BC090627,50,27,35,56,76,187,57,133,40,41,52,65,34
Cdk3-ps,0,0,1,0,2,3,0,3,0,3,0,0,0
Gm12060,0,0,0,0,0,0,0,0,0,0,0,0,0
Rhox3-ps,0,0,0,0,0,0,0,0,0,0,0,0,0
Gm4850,0,0,0,0,0,0,0,0,0,0,0,0,0
Hoxa11as,0,0,0,0,0,0,0,0,0,0,0,0,0
Etohd2,85,52,24,60,110,193,47,131,52,54,47,55,23
Ipw,0,0,0,0,0,0,0,0,0,0,0,0,0
Gm5485,0,0,0,0,0,0,0,0,0,0,0,0,0
Dlx6os1,0,0,0,0,0,4,0,2,0,0,0,0,1
BC064078,4,1,0,1,2,2,0,0,0,0,2,1,1
D7Ertd715e,4,10,3,11,6,5,2,5,3,0,8,3,3
B430010I23Rik,44,16,36,28,38,150,43,118,39,59,47,26,34
1700047M11Rik,0,0,0,0,0,0,0,0,0,0,0,0,1
4933431E20Rik,7,22,4,20,14,46,19,44,11,1,12,6,28
1700003H04Rik,0,0,0,0,0,0,0,0,0,0,0,0,0
AI314831,0,0,0,0,0,0,0,0,0,0,0,0,0
9430008C03Rik,13,9,14,12,15,27,14,26,7,4,3,7,9
A330069E16Rik,0,0,0,0,0,0,0,1,0,0,0,0,0
C920009B18Rik,3,1,0,7,0,11,1,0,0,0,1,5,1
7530420F21Rik,0,0,0,1,3,0,0,0,0,0,0,0,0
5530601H04Rik,21,16,9,15,16,44,18,33,10,23,15,7,12
2900079G21Rik,0,0,0,0,0,0,0,0,0,0,0,0,0
2810442I21Rik,0,0,0,1,1,9,0,0,0,0,0,0,0
2610203C22Rik,20,16,12,16,19,59,17,54,15,10,13,12,17
3830408C21Rik,0,0,0,1,1,3,1,1,0,0,1,3,0
9530082P21Rik,16,13,20,19,26,52,16,36,18,10,25,11,6
1700020I14Rik,22,25,10,17,24,76,22,65,37,44,40,27,36
Gm14047,2,4,1,2,7,12,3,9,5,4,0,5,10
1700086O06Rik,0,1,1,2,3,4,2,3,0,0,4,5,2
1500011K16Rik,4,10,1,1,14,10,8,19,3,2,6,7,22
2310050B05Rik,1,0,0,0,0,0,0,0,0,0,0,0,0
5730422E09Rik,0,0,0,0,2,0,0,2,2,0,1,0,0
C230091D08Rik,37,37,19,33,24,103,39,84,23,20,31,26,28
Mtag2,0,0,0,0,0,0,0,0,0,0,0,0,0
LOC100043315,0,0,0,0,0,0,0,0,0,0,0,0,0
2610203C20Rik,9,18,3,4,5,15,4,8,3,0,7,8,2
1700108F19Rik,0,0,0,0,0,0,0,0,0,0,0,0,0
D130017N08Rik,1,0,2,0,1,3,1,8,2,1,2,2,1
A930003A15Rik,0,0,0,0,0,1,0,0,0,0,0,0,0
2900041M22Rik,0,0,0,0,0,0,0,0,0,0,0,0,0
4930558C23Rik,0,0,0,0,0,0,0,0,0,0,0,0,0
A630089N07Rik,3,3,0,0,3,5,1,3,1,1,3,1,4
C230035I16Rik,1,0,0,1,2,5,0,0,0,0,0,0,3
2810403D21Rik,1,5,2,1,2,9,1,3,1,1,2,2,1
4930511M06Rik,1,8,1,1,8,8,3,8,2,0,7,2,1
A230056P14Rik,12,13,14,24,16,46,19,34,7,6,29,8,11
1700031M16Rik,0,0,0,0,0,0,0,0,0,0,0,0,0
LOC319574,5,0,3,0,0,2,0,2,0,0,1,1,0
1500004A13Rik,5,1,4,1,3,15,3,6,4,2,5,9,1
C030034L19Rik,0,0,0,0,4,6,1,4,3,1,2,2,0
A530013C23Rik,1,1,0,2,1,4,1,1,2,0,1,1,0
4833422C13Rik,3,2,2,5,2,13,3,3,1,0,1,5,3
E030003E18Rik,0,0,0,0,0,0,0,1,0,0,0,0,0
A330040F15Rik,1,2,0,0,0,2,0,2,0,0,0,4,0
2410018L13Rik,0,0,0,0,0,0,0,0,0,0,0,0,0
6720401G13Rik,88,55,84,73,93,288,73,199,72,41,71,114,22
4833418N02Rik,6,0,0,4,2,10,2,3,3,0,0,2,0
C130036L24Rik,0,0,2,1,0,0,0,1,0,0,0,0,0
4632427E13Rik,0,0,0,0,4,2,0,0,0,0,1,0,1
E030011O05Rik,0,1,0,0,2,1,0,1,0,0,1,0,0
4933406K04Rik,0,0,0,0,0,0,0,0,0,0,0,0,0
E130114P18Rik,0,0,0,0,0,1,0,0,0,0,0,0,0
9330175E14Rik,0,0,0,0,0,2,0,0,0,0,0,1,0
6430562O15Rik,4,3,4,4,4,2,5,14,3,4,8,4,4
4930526I15Rik,2,0,10,5,2,6,8,4,2,1,1,2,1
5930412G12Rik,0,0,0,0,0,0,0,0,0,0,0,0,0
AI662270,12,6,21,21,16,21,3,21,7,6,8,5,23
1700030C10Rik,1,2,0,0,0,0,0,0,1,1,0,1,0
2810429I04Rik,2,1,0,2,1,3,2,6,1,1,2,0,2
A730017L22Rik,9,3,3,2,4,16,3,9,6,7,4,7,4
4932415G12Rik,19,7,9,14,14,21,11,17,6,3,6,13,7
9430060I03Rik,0,0,0,0,0,0,0,0,0,0,0,2,0
A830082N09Rik,0,1,0,0,1,4,0,4,0,0,3,3,0
4930417O13Rik,0,0,0,0,0,0,0,0,0,0,0,0,0
BC029722,14,6,22,18,22,36,16,37,10,8,16,18,13
R74862,39,38,56,36,61,103,23,76,25,59,26,22,42
9530026P05Rik,0,1,0,0,1,1,0,3,0,0,0,0,0
2700023E23Rik,0,2,0,0,1,3,0,2,0,1,4,0,1
1700108J01Rik,0,0,0,0,0,0,0,0,0,0,0,0,0
A230057D06Rik,2,0,0,0,0,0,0,0,0,0,1,1,0
4930567H12Rik,0,0,0,0,0,0,0,1,1,0,0,0,0
9230114K14Rik,3,6,5,2,0,7,2,7,2,0,0,0,1
Gm2518,5,1,3,7,2,12,3,6,0,1,1,5,2
9630013A20Rik,0,0,0,0,0,0,0,2,0,0,0,0,0
4933400F21Rik,0,0,0,0,0,1,0,2,0,1,0,0,1
1700066O22Rik,1,1,0,0,0,0,1,0,0,0,0,4,0
E430016F16Rik,0,1,0,0,0,0,0,0,0,0,0,0,1
2810055G20Rik,10,7,6,11,8,23,2,12,6,12,7,15,5
9630028H03Rik,0,0,0,0,0,0,0,0,0,0,0,0,0
4930481A15Rik,8,5,37,15,18,43,16,27,11,9,18,11,8
C130026L21Rik,0,2,0,0,0,0,0,0,0,0,1,0,1
1700009J07Rik,0,1,1,1,1,0,2,0,2,0,0,1,2
5830432E09Rik,9,3,5,4,9,33,6,23,3,9,3,8,7
1700012B15Rik,19,14,18,24,33,70,19,44,10,16,16,7,13
5330434G04Rik,0,0,0,0,0,0,0,2,0,0,0,0,0
9430076C15Rik,0,0,0,0,0,0,0,0,0,0,0,0,0
4933404O12Rik,7,0,0,0,4,8,2,14,1,4,5,4,2
2610035D17Rik,15,8,19,15,8,18,4,27,3,3,17,3,20
F730016J06Rik,0,0,0,0,0,0,0,0,0,0,0,0,0
5031425F14Rik,0,0,0,0,1,0,1,1,0,0,1,0,1
2610028E06Rik,0,0,0,0,0,0,0,0,0,0,0,0,0
C130071C03Rik,0,0,0,0,0,0,0,0,0,0,0,0,0
9530036O11Rik,0,0,0,0,0,0,0,0,0,0,0,0,0
A530053G22Rik,0,0,0,0,0,0,0,0,0,0,0,0,0
A330023F24Rik,5,10,3,4,5,11,2,2,1,4,1,14,1
A930007I19Rik,3,1,0,0,0,2,0,2,0,0,0,0,1
4933406F09Rik,0,0,0,0,0,0,0,0,0,0,0,0,0
4732471J01Rik,7,1,8,7,11,8,3,3,1,6,8,6,1
4930471G03Rik,0,0,0,0,0,0,0,0,0,0,0,0,0
1810014B01Rik,6,0,4,1,5,12,7,8,3,5,6,4,4
1700012D14Rik,0,0,4,0,0,1,0,2,0,0,1,0,0
4930513N10Rik,4,1,0,5,0,5,1,1,2,1,0,3,3
4933432I09Rik,0,0,0,0,0,0,0,0,0,0,0,0,0
2210015D19Rik,3,7,13,7,14,13,14,16,2,5,7,5,6
2810032G03Rik,1,0,1,1,1,3,0,1,0,0,0,0,0
Sox2ot,2,1,0,2,0,11,1,3,0,0,2,0,7
5430402O13Rik,0,2,0,1,0,0,0,0,0,0,0,0,0
C330024D21Rik,0,0,0,0,0,0,0,0,0,0,0,0,0
BC024386,0,0,0,0,0,0,0,0,0,0,0,0,0
4933439C10Rik,14,4,8,6,9,24,11,26,8,3,6,7,6
A330035P11Rik,0,2,2,0,0,2,3,0,1,4,0,0,0
9330111N05Rik,0,0,0,0,0,0,0,0,0,0,0,0,0
4932441J04Rik,0,0,0,1,0,0,0,1,0,0,0,0,0
9330158H04Rik,0,0,0,0,0,0,0,0,0,0,0,0,0
5430405H02Rik,9,9,27,25,20,86,13,47,18,23,14,30,1
D130009I18Rik,0,0,0,0,0,0,0,0,0,0,0,0,0
2410137F16Rik,0,0,0,0,0,0,0,0,0,0,0,0,0
4930442L01Rik,0,0,0,0,0,0,0,0,0,0,0,0,0
Zfp862,43,9,19,35,31,138,44,157,57,49,47,45,10
2810047C21Rik1,0,0,0,0,0,0,0,0,0,0,0,0,0
A330076H08Rik,0,0,0,0,0,0,0,0,0,0,0,0,0
A230072E10Rik,0,0,3,2,0,0,0,1,2,0,0,0,0
C030044B11Rik,13,9,4,11,16,25,5,17,2,4,11,1,8
F730043M19Rik,2,4,0,0,0,1,5,0,0,0,0,0,0
4930483J18Rik,0,0,0,0,0,0,0,0,0,0,0,0,0
E130112N10Rik,0,4,0,0,1,9,0,2,0,0,0,2,0
2900052N01Rik,0,0,0,0,0,0,0,0,0,0,0,0,1
C86187,0,0,0,0,0,1,0,0,0,0,0,0,0
9530059O14Rik,0,0,0,0,0,0,0,0,0,0,0,0,0
2700086A05Rik,0,0,0,0,0,0,0,0,0,0,0,0,0
1700029M20Rik,0,0,0,0,0,0,0,0,0,0,0,0,0
E230029C05Rik,49,24,39,21,51,108,30,108,30,35,20,44,10
4732416N19Rik,7,13,4,12,6,27,2,18,2,0,18,10,7
A930015D03Rik,2,2,2,2,5,6,3,5,1,1,5,2,1
Gm6981,3,0,1,0,0,0,0,0,0,0,1,0,0
Apeg3,10,12,4,22,17,30,10,25,4,0,21,8,18
4930594C11Rik,4,1,8,4,11,11,6,15,7,7,0,6,2
Abca16,0,0,0,0,0,0,0,0,0,0,0,0,0
Snhg6,10,3,6,7,12,16,6,19,3,3,5,4,2
Snhg7,0,1,0,0,2,1,2,2,0,0,1,0,4
2010107H07Rik,1,3,1,4,12,10,3,7,2,0,5,3,17
Btbd19,16,5,10,17,30,44,20,30,13,19,15,19,12
BC006965,0,1,0,0,0,1,1,1,0,0,0,5,0
U05342,65,19,41,67,75,208,53,161,47,46,69,61,15
Gm14057,1,0,0,0,1,5,0,1,2,0,1,1,0
Prmt6,11,5,5,8,13,35,6,23,7,9,13,11,5
Rprl3,0,0,0,0,0,0,0,0,0,0,0,0,0
Sycp1-ps1,0,0,0,0,0,0,0,0,0,0,0,0,0
4930412O13Rik,0,0,0,0,0,0,0,0,0,0,0,1,0
4930426L09Rik,2,0,0,1,1,1,1,2,1,1,0,2,0
E130201H02Rik,0,0,0,0,0,0,0,0,0,0,0,0,0
9130024F11Rik,0,0,0,0,0,3,0,0,0,0,2,0,0
9230116N13Rik,1,0,0,1,3,1,0,2,0,0,0,0,2
2900097C17Rik,117,80,51,81,88,241,78,201,73,47,119,55,37
1700008J07Rik,2,0,9,1,3,3,3,4,4,0,2,3,3
Gm11166,0,0,0,0,0,0,0,0,0,0,0,0,0
Gm11346,0,0,0,0,0,1,0,0,0,0,0,0,0
2610001J05Rik,57,71,29,54,85,145,28,121,58,54,52,38,82
2700099C18Rik,0,2,2,1,5,4,1,3,2,0,1,5,2
Gm8884,0,0,0,0,0,0,0,0,0,0,0,0,0
Gm5126,0,0,0,0,0,0,0,0,0,0,0,0,0
2010001M06Rik,0,0,1,0,1,9,1,1,0,0,3,1,1
3110039M20Rik,0,0,0,1,0,0,0,0,0,0,0,0,0
Gm14379,0,0,0,0,1,1,0,0,0,1,0,0,0
Zfp389,0,0,0,0,0,0,3,0,0,0,0,0,0
Gm10272,0,0,0,0,0,0,0,0,0,0,0,0,0
BC024582,5,1,7,6,10,30,12,28,6,19,7,8,0
C030034I22Rik,2,0,0,1,1,3,0,2,3,1,2,1,0
A930012L18Rik,0,0,0,0,0,0,0,2,0,0,0,0,0
4930488L21Rik,0,0,0,0,0,0,0,0,0,0,1,0,0
Wbscr25,0,0,0,0,0,0,0,0,0,0,0,0,0
1700020N18Rik,0,0,0,0,0,1,0,0,0,0,0,0,0
E330013P04Rik,0,0,0,0,0,0,0,0,0,0,0,0,0
Gm10941,0,0,0,0,0,0,0,0,0,2,1,0,0
Gm5577,0,0,0,0,0,0,0,0,0,0,1,0,0
2810008D09Rik,0,0,0,3,4,6,1,6,4,0,4,2,0
Gm10565,0,0,0,0,0,1,0,5,0,0,0,0,0
AI854703,1,0,0,0,0,0,4,2,0,0,0,0,0
Gm16119,0,0,1,0,1,3,0,4,1,2,1,0,0
A230020J21Rik,1,0,1,2,1,1,5,1,0,1,0,1,0
Pdxk-ps,0,0,0,0,0,1,0,2,0,0,2,0,0
5930416I19Rik,16,7,21,7,23,23,12,34,10,12,11,10,20
A930003O13Rik,0,0,0,0,0,0,0,0,0,0,0,1,0
Ythdf3,252,153,105,220,252,693,190,477,196,212,213,190,130
Gm5468,0,2,1,0,0,2,0,1,0,0,1,0,0
Gm17769,0,0,0,0,1,1,0,4,0,0,0,0,0
Gm3219,2,0,0,4,1,2,3,0,0,1,2,1,0
1700096K18Rik,5,1,0,1,5,6,1,1,2,0,0,1,1
Fbxo34,24,19,29,42,42,76,22,58,17,20,17,36,8
A230072C01Rik,2,0,1,0,6,9,2,6,4,4,6,3,6
AA543186,1,0,0,0,0,4,0,2,1,0,1,0,1
Gm17801,1,1,0,2,3,6,0,1,0,1,1,1,2
Gm8580,0,0,0,0,0,0,0,0,0,0,0,0,0
Senp2,179,84,120,180,239,675,152,511,178,218,147,197,78
Pknox1,56,21,41,68,84,190,56,134,48,54,47,64,29
Tspy-ps,0,0,0,0,0,0,0,0,0,0,0,0,0
Mug-ps1,0,0,0,0,0,0,0,0,0,0,0,0,0
Wdr69,4,14,1,0,3,10,2,10,0,0,5,3,0
Gm4489,0,0,0,0,0,0,0,0,0,0,0,0,0
4932435O22Rik,0,0,0,0,0,1,0,0,0,0,0,0,0
Gm9786,11,9,13,14,26,47,13,55,13,11,14,14,17
Gm8883,0,0,0,0,0,0,0,0,0,0,0,0,0
Gm5166,0,0,0,0,0,0,0,0,0,0,0,0,0
Dctd,3,3,0,1,0,7,2,8,0,5,8,1,2
Deaf1,18,4,13,11,13,52,11,32,14,12,11,15,9
Gm11961,0,0,0,0,0,0,0,0,0,0,0,0,0
Tbrg3,4,4,2,3,1,1,1,1,3,0,1,4,1
Gm16516,5,0,14,3,7,7,0,10,5,0,1,2,0
Gm1141,0,0,0,0,1,0,3,1,3,1,1,0,0
D6Ertd474e,0,0,0,0,0,0,0,0,0,0,0,0,0
A430093F15Rik,1,1,4,1,1,6,0,1,0,0,0,2,1
Pea15b,0,0,0,0,0,0,0,0,0,0,0,0,0
1110006O24Rik,0,0,0,0,0,0,0,2,0,0,0,0,0
Zp4-ps,0,0,0,0,0,0,0,0,0,0,0,0,0
1500011B03Rik,3,0,2,2,3,8,4,14,5,4,11,3,7
1810032O08Rik,4,8,12,10,10,7,4,10,2,5,1,2,4
Gm13749,0,0,0,0,1,0,0,0,0,0,1,0,0
4930470P17Rik,0,0,0,0,0,0,0,0,0,0,0,0,0
2610017I09Rik,0,0,0,0,0,0,0,2,0,0,1,0,0
A030009H04Rik,2,4,3,4,2,13,1,10,4,3,12,4,9
Gm10638,0,0,0,0,0,4,0,2,0,0,0,1,0
2810002D19Rik,9,9,6,7,4,11,10,11,6,10,9,4,7
D730001G18Rik,0,0,0,0,0,0,0,0,0,0,0,0,0
Atp2a2,466,341,342,488,442,1430,398,1276,384,370,622,401,138
D630029K05Rik,0,0,0,0,0,0,0,0,0,0,0,0,2
4930479M11Rik,0,0,0,0,0,0,0,0,0,0,0,0,0
2900005J15Rik,3,0,3,1,0,3,0,0,0,1,1,2,0
Clk1,770,376,349,777,883,2175,604,1611,624,817,628,570,733
Nlrp1c-ps,64,27,14,37,37,171,19,108,36,41,29,64,8
Gm9199,2,0,0,0,1,1,0,2,0,0,1,3,1
1700054K19Rik,0,0,0,0,0,0,0,0,0,0,0,0,0
5730408K05Rik,0,0,0,1,1,0,0,1,0,0,0,0,1
Cts8-ps,0,0,0,0,0,0,0,0,0,0,0,0,0
4930515G01Rik,0,1,0,2,0,1,0,1,0,3,1,0,0
0610040B10Rik,0,1,2,0,1,3,0,1,1,0,0,1,0
1810058I24Rik,8,27,34,45,28,69,16,54,13,6,32,26,27
4930583K01Rik,0,0,0,0,0,0,0,0,0,0,0,0,0
6530411M01Rik,0,0,0,0,0,0,0,0,0,0,0,0,0
1700096J18Rik,0,0,0,0,0,0,0,0,0,0,0,1,3
Vaultrc5,0,0,3,1,0,0,0,2,1,0,0,1,0
A930013F10Rik,6,4,2,7,5,40,5,17,7,9,9,1,3
5031426D15Rik,0,0,0,0,0,0,0,0,0,0,0,0,0
2900092D14Rik,0,0,0,0,0,1,0,2,0,0,0,0,0
BB123696,0,1,0,0,0,0,0,0,0,0,0,0,0
A930005H10Rik,3,0,7,3,5,1,2,0,0,0,2,2,0
0610012G03Rik,7,13,21,13,26,30,10,52,12,4,13,5,19
1700109F18Rik,0,0,0,0,0,0,0,0,0,0,0,0,0
Snhg9,0,0,2,0,0,1,0,0,0,0,0,0,0
2900060B14Rik,2,0,0,1,1,2,2,2,0,1,0,0,0
LOC106740,5,5,3,6,10,12,8,19,3,1,3,2,6
AI414108,0,3,0,5,0,2,1,2,0,0,0,0,0
G630025P09Rik,2,1,0,2,0,1,11,5,0,0,3,3,0
1700120K04Rik,2,0,0,0,0,1,0,1,0,0,1,0,0
Bambi-ps1,2,2,0,0,0,5,0,0,0,0,1,0,1
Msx1as,11,30,11,45,14,109,39,96,9,1,75,28,13
C630043F03Rik,3,7,1,5,3,14,1,19,0,1,5,6,6
2010204K13Rik,0,6,6,4,4,14,4,12,3,3,4,1,28
4930507D05Rik,0,0,0,3,0,0,2,0,0,0,0,0,0
1110020A21Rik,0,0,0,1,0,2,1,3,0,0,0,0,0
1110038B12Rik,12,22,11,27,15,40,16,37,10,12,6,19,17
Trmt61b,5,1,13,2,2,8,6,3,8,0,1,1,2
4931440P22Rik,0,1,0,2,1,0,0,0,0,0,0,0,0
1700052K11Rik,6,6,1,4,2,14,2,9,5,8,2,5,4
Ppp4r1l-ps,7,2,6,4,18,42,4,20,7,1,7,4,2
D930048N14Rik,3,0,3,2,1,4,3,4,3,0,8,4,0
B830017H08Rik,0,0,0,0,0,0,0,0,0,0,1,0,0
9130230L23Rik,1,0,0,0,1,1,0,3,0,0,1,0,0
Zfp783,5,2,0,5,2,9,1,5,2,2,4,3,4
Gm10416,1,3,2,0,0,3,1,0,0,0,6,1,0
2310061J03Rik,0,4,1,3,9,6,1,1,2,0,2,3,0
4930429B21Rik,0,0,0,0,0,1,0,0,0,0,0,0,0
1700020N01Rik,1,1,1,3,1,2,2,4,0,1,1,3,0
4930441O14Rik,2,0,0,0,1,1,0,3,1,0,2,2,5
0610008F07Rik,0,0,0,0,0,0,0,0,0,0,0,0,0
2610204G22Rik,0,0,0,0,0,1,0,0,0,1,1,0,0
5730522E02Rik,0,1,0,0,0,0,0,0,0,0,1,0,0
3110070M22Rik,0,0,0,0,0,0,0,0,0,0,0,0,0
Gm5607,0,0,0,1,1,1,0,0,0,0,0,0,0
Wdr73,18,8,32,18,16,33,23,38,16,14,11,12,14
4930465K10Rik,0,0,0,0,0,0,0,0,0,0,0,3,0
1700001L05Rik,3,1,3,1,12,14,2,8,7,2,0,2,0
1810064F22Rik,0,0,0,0,0,0,0,0,0,0,0,0,0
2810025M15Rik,26,25,19,23,24,84,38,70,23,41,39,19,44
4632415L05Rik,10,19,14,9,8,29,11,53,10,14,23,14,10
4930474M22Rik,0,0,0,0,0,0,0,0,0,0,0,0,0
C030016D13Rik,0,0,0,0,0,1,0,0,0,0,2,0,0
4930433N12Rik,0,0,0,0,0,0,0,0,0,0,0,0,0
Gm9871,0,0,0,0,0,0,0,0,0,0,0,0,0
Gm3414,6,20,4,10,10,48,8,25,16,10,10,23,6
Ppifos,0,0,2,0,0,11,1,14,1,3,3,6,2
Gm4566,0,0,0,0,0,0,0,0,0,0,0,0,0
Gm9767,0,0,0,0,0,0,0,0,0,0,0,0,0
Gm10012,0,0,0,0,0,1,0,0,0,0,0,0,1
Gm8615,0,0,0,2,0,0,0,2,0,1,0,0,0
Gm4926,0,0,0,0,0,0,0,0,0,0,0,0,0
Snora21,0,0,0,1,1,1,2,1,0,0,0,0,0
Ncrna00086,3,4,5,4,5,26,11,21,6,1,8,7,5
Snord72,3,1,0,0,2,2,2,5,0,0,0,2,0
Gm12191,19,18,2,27,52,54,22,48,18,38,16,14,43
1700058G18Rik,0,0,0,0,0,0,0,0,0,0,0,0,0
Myeov2,20,27,15,37,48,57,22,62,27,9,31,18,104
0610039K10Rik,13,9,37,21,37,33,23,47,19,27,11,20,27
2310001K24Rik,0,0,0,0,0,0,0,0,1,0,0,0,0
1600029I14Rik,0,0,0,0,1,2,0,5,2,0,0,0,0
2310068J16Rik,2,1,0,0,1,1,0,0,0,0,0,0,2
0610038B21Rik,0,0,2,0,0,0,0,3,0,0,1,0,0
6330407A03Rik,5,1,4,1,9,18,7,6,2,12,3,4,0
Snord68,0,0,0,0,0,0,0,0,0,0,0,0,0
LOC100302567,0,0,0,0,1,0,0,1,0,3,2,0,0
4932414J04Rik,0,0,0,0,0,0,0,0,0,0,0,0,0
Rian,0,5,0,9,10,11,0,6,0,0,2,7,8
Rmst,1,3,2,6,2,8,2,3,0,0,3,3,4
B130006D01Rik,6,2,4,0,0,0,1,3,3,6,1,5,0
Dleu2,10,9,11,17,17,35,15,37,13,19,10,5,10
Mirg,0,0,0,1,0,0,3,2,0,0,2,0,1
BC037032,2,0,8,1,4,2,5,6,0,0,1,0,1
Fcho1,0,0,0,3,4,2,3,0,0,1,0,1,0
Phxr4,3,0,0,0,1,3,0,2,0,0,0,2,3
Gm8801,0,0,0,0,0,0,0,0,2,0,1,0,0
Prr18,3,2,2,1,1,10,1,14,5,0,2,2,0
Snord43,0,1,0,0,0,1,1,0,0,0,0,0,0
Snord83b,2,0,0,0,0,9,0,7,0,2,0,0,2
Mcpt-ps1,0,0,0,0,0,0,0,0,0,0,0,0,0
2210417A02Rik,0,0,0,0,0,1,0,0,0,0,0,0,0
1700026D11Rik,0,0,0,0,0,0,0,0,0,0,0,0,0
2610306M01Rik,1,1,5,0,2,1,1,5,3,3,2,0,11
1700084E18Rik,0,0,1,0,0,0,0,0,0,0,0,0,0
5330426P16Rik,5,3,3,0,2,11,2,7,3,5,3,7,1
C4bp-ps1,0,0,0,0,0,0,0,0,0,0,0,0,0
Tmem181c-ps,0,0,0,0,0,0,0,0,0,0,0,0,0
Tmem181d-ps,0,0,0,0,0,0,0,0,0,0,0,0,0
Gm6524,1,0,0,0,1,0,0,0,0,0,0,0,0
4930503E24Rik,0,0,0,0,0,1,0,0,0,0,0,0,1
Gm4371,0,2,0,0,0,0,0,1,0,0,0,0,0
AU015836,0,0,0,0,0,1,0,2,0,0,0,0,0
D630032N06Rik,0,0,0,0,0,1,0,0,0,0,0,0,0
Zfp672,27,12,7,23,19,79,24,48,16,27,30,12,12
5830417I10Rik,34,7,18,39,23,85,29,90,43,31,39,18,14
1700018L02Rik,2,1,1,1,1,2,1,1,0,0,1,0,0
AA465934,0,1,0,0,1,0,0,0,0,0,1,0,0
AI450353,2,0,0,0,1,0,1,1,0,0,1,1,1
4930404I05Rik,0,0,1,0,2,3,0,6,2,0,1,0,2
A930004D18Rik,0,0,7,1,0,1,0,2,1,0,1,1,0
Gm17762,0,0,0,0,0,0,0,1,0,0,0,0,0
B230206F22Rik,29,10,14,14,25,50,13,42,27,19,22,15,12
B230319C09Rik,3,0,0,0,1,0,4,3,2,0,1,0,0
4930528A17Rik,1,0,2,3,2,3,1,2,0,3,0,2,2
Gm10190,0,0,0,0,0,2,1,0,0,0,0,0,0
BB031773,0,0,0,0,0,1,1,2,0,0,0,0,0
Taf1d,67,24,12,46,60,121,30,103,31,32,37,31,30
Marcksl1-ps4,0,0,0,0,0,0,0,0,0,0,0,0,0
D630041G03Rik,18,7,0,2,8,2,14,33,5,1,3,6,2
Gm7854,3,0,0,0,0,1,0,0,0,0,0,2,0
D430020J02Rik,0,0,0,4,3,6,2,5,1,0,1,2,0
C130080G10Rik,0,0,0,0,0,0,0,0,0,0,0,0,0
A530058N18Rik,0,0,0,0,0,0,0,0,0,0,0,0,0
Gm2176,0,1,0,0,0,0,0,1,0,0,2,0,2
D7Ertd143e,0,0,0,0,0,0,0,0,0,0,0,0,0
Gm5129,1,0,0,0,0,1,0,0,0,0,0,0,0
5830416P10Rik,0,0,0,1,0,0,5,1,0,0,0,0,0
2610005L07Rik,19,8,9,36,31,73,7,50,21,9,21,34,2
Thap6,16,12,14,16,15,47,12,34,10,20,9,14,4
BC052688,0,0,0,0,0,0,0,0,0,0,0,0,0
2210013O21Rik,9,22,15,28,41,36,16,38,7,10,30,12,28
AF357355,0,0,0,0,0,0,0,0,0,0,0,0,0
AF357359,0,0,0,0,0,0,0,0,0,0,0,0,1
9230102K24Rik,0,0,0,0,0,0,0,0,0,0,0,0,0
Vmn2r-ps60,0,0,0,0,0,0,0,0,0,0,0,0,0
9330020H09Rik,1,3,6,6,6,8,1,6,0,10,0,2,2
F930015N05Rik,0,0,0,0,0,1,0,0,0,0,0,0,0
Snora35,1,0,2,0,2,0,0,1,3,0,0,1,0
Snora75,3,2,4,0,0,6,1,8,3,2,4,2,0
Snora20,0,0,0,0,1,1,0,0,1,0,0,0,0
Gm12238,0,1,0,0,0,0,0,2,2,0,0,0,0
Snora31,5,2,4,2,9,17,2,9,3,3,2,0,5
Gm13315,0,0,1,0,0,2,0,2,0,0,0,1,0
Prr3,19,10,16,27,19,51,15,43,14,22,9,16,2
Snora78,3,0,0,0,0,0,0,0,0,0,0,0,0
Scarna10,0,0,0,0,0,0,0,0,0,0,0,0,0
Scarna3a,0,0,0,0,0,2,0,0,0,0,0,0,0
Scarna6,0,0,0,0,1,1,0,5,2,0,0,0,0
Gm10451,0,2,0,0,0,0,0,1,0,0,0,0,0
Snord19,0,1,2,2,1,4,5,4,0,2,0,0,0
Snord38a,0,0,0,1,1,0,0,0,0,0,0,1,0
Snord45c,0,0,0,2,0,0,0,0,0,1,0,0,0
Snord49b,0,0,0,0,2,0,1,1,0,0,0,0,0
Snord52,1,1,1,0,0,4,0,2,2,0,0,0,0
Snord57,0,0,0,0,0,0,0,3,0,0,0,0,0
Snord64,0,0,0,1,0,0,0,0,0,0,0,0,0
Snord66,0,0,0,0,0,0,0,0,0,0,0,0,0
Snord69,4,1,0,2,1,8,0,2,0,0,0,2,2
Snord71,1,1,1,0,0,0,0,1,1,1,0,2,0
Snord88a,0,0,0,0,0,1,0,0,0,0,0,0,0
Snord88c,0,0,0,0,0,0,0,0,0,0,0,0,0
Snord90,0,0,0,0,0,0,0,0,0,0,0,0,0
Snord93,0,2,0,0,0,0,0,0,0,0,0,0,0
Snord99,4,0,0,0,0,4,2,5,1,3,0,0,2
Scarna2,0,0,0,0,0,0,0,0,0,0,0,0,0
Snord23,0,0,0,0,0,0,0,0,0,0,0,0,0
Snord12,6,2,0,1,1,4,1,8,0,0,2,0,1
Snord65,5,0,0,1,2,2,0,7,0,0,5,2,4
Snord47,3,2,0,3,5,10,0,1,0,0,1,0,2
Scarna3b,0,0,0,0,0,0,0,0,0,0,0,0,0
Scarna8,0,0,0,0,0,0,0,0,0,0,0,0,0
Snora7a,0,0,0,0,0,1,1,0,0,0,0,0,0
Snord110,0,0,0,0,0,0,0,0,0,0,0,0,0
Snord16a,0,0,0,5,0,5,0,4,0,1,1,0,0
Snord37,0,0,0,1,2,1,1,0,3,0,0,1,0
Snord49a,3,3,3,5,6,5,2,8,1,3,0,0,1
Snord53,4,0,0,0,3,0,0,4,1,0,1,1,0
Snord58b,0,0,0,0,0,0,0,1,0,0,0,0,0
Snord67,0,0,0,0,0,0,0,0,0,0,0,0,0
Snord70,0,0,0,0,0,0,0,0,0,1,0,0,0
Snord89,0,0,0,0,0,2,2,0,0,0,0,1,1
Snord92,0,0,0,0,0,0,0,0,0,0,0,0,0
Snora41,1,0,0,0,6,3,0,1,0,0,1,0,0
Snord111,0,0,0,0,0,0,0,0,2,0,0,0,0
Scarna17,0,0,0,0,0,0,0,0,0,0,0,0,0
Snord45b,0,0,0,1,3,0,0,1,0,0,0,0,1
Snord91a,1,0,0,0,0,0,0,0,0,0,1,0,0
Snord96a,1,2,2,0,10,2,1,6,1,0,4,3,2
Snord95,0,0,0,0,0,2,0,0,0,0,0,0,0
Snord85,0,0,0,0,0,0,0,0,0,1,0,0,0
Snord1b,0,0,0,0,0,0,0,0,0,0,0,0,0
Scarna9,0,0,0,0,0,0,0,0,0,0,0,0,0
Snord1c,0,0,0,0,1,0,0,0,0,0,0,0,1
Snord1a,0,0,0,0,4,3,0,0,0,2,0,2,0
Snora17,0,0,0,0,0,0,0,0,0,0,0,0,0
Snora43,0,0,0,0,0,0,0,0,0,0,0,0,0
Snora24,7,5,0,0,9,3,0,4,2,1,1,1,9
Snhg8,14,7,1,14,30,32,5,26,5,8,6,3,32
Snord123,0,0,0,0,0,0,0,0,0,0,0,0,0
Scarna13,0,0,0,0,0,0,0,0,0,0,0,0,0
D030025P21Rik,0,0,0,0,0,1,0,0,0,0,0,0,0
Gm10584,0,0,0,0,0,1,2,1,0,0,0,0,0
Gm10649,0,0,0,0,0,0,0,0,0,0,0,0,0
Gm10825,0,0,0,0,0,0,0,0,0,0,1,0,0
Gm11213,0,0,0,0,0,0,0,0,0,1,0,0,0
Gm11978,0,0,0,0,1,0,0,0,0,0,0,0,0
Gm14005,5,1,1,3,3,3,0,5,1,0,1,4,1
Gm10069,2,0,4,0,0,1,0,3,1,0,0,1,0
5330413P13Rik,0,1,0,0,1,5,0,3,0,0,0,1,0
Mir17hg,14,8,4,10,9,32,1,20,4,5,6,1,9
Otx2os1,2,8,0,5,3,7,2,16,1,0,8,2,5
Snora16a,1,0,1,0,0,4,0,3,3,0,0,0,1
Gsdmcl-ps,0,0,0,0,0,0,3,0,0,1,0,5,0
Stmn1-rs1,0,0,0,0,1,0,0,0,0,0,1,0,0
1500015A07Rik,4,1,0,0,5,3,0,3,0,0,3,0,1
1700003G18Rik,0,0,0,0,0,0,0,0,0,0,0,0,0
1700028J19Rik,1,0,0,1,0,1,0,1,0,0,0,1,0
4933406I18Rik,3,0,0,2,0,5,0,2,0,2,0,1,1
1700018A04Rik,0,0,0,0,0,0,0,0,0,0,1,0,0
2010320M18Rik,1,5,7,3,6,10,4,2,3,1,4,3,11
2810454H06Rik,0,2,0,0,0,1,2,0,0,0,1,0,0
4933407K13Rik,3,4,1,1,2,4,4,5,2,3,2,1,0
4930579K19Rik,0,0,0,0,0,0,0,1,0,0,0,0,2
4930584F24Rik,0,0,0,0,0,0,0,0,0,0,0,0,0
6230400D17Rik,1,0,0,0,0,3,3,1,0,0,0,0,0
E130317F20Rik,1,4,5,10,4,14,1,5,1,1,3,2,2
C530005A16Rik,8,14,12,19,15,35,8,38,16,15,15,13,3
4932416H05Rik,6,1,0,6,0,7,0,1,0,0,0,0,0
A330050B17Rik,0,3,1,0,1,3,3,2,2,2,0,1,2
G530011O06Rik,411,640,141,56,121,646,133,511,145,168,185,169,219
A530088E08Rik,20,13,30,29,33,78,28,77,23,23,14,30,6
6530402F18Rik,4,1,0,9,6,12,6,10,9,5,1,5,0
9430083A17Rik,1,1,0,0,0,3,0,0,0,0,0,0,0
5033406O09Rik,0,0,0,2,0,1,0,0,1,2,1,0,0
Gm11149,0,0,0,0,0,1,0,1,0,0,0,0,1
Snhg12,33,13,22,43,60,110,15,47,15,15,19,14,26
D4Ertd617e,0,1,0,1,5,10,5,6,0,2,2,0,1
Gm10863,1,0,0,0,0,0,0,0,0,0,0,0,0
Gm11968,6,0,4,8,8,8,7,13,3,2,2,4,11
4930524L23Rik,3,1,2,0,1,2,0,3,0,0,1,3,0
B430319G15Rik,0,2,0,1,0,0,2,1,0,0,0,0,1
4930581F22Rik,3,0,2,4,6,20,2,11,4,1,4,3,1
Mirlet7g,0,0,0,0,0,0,0,0,0,0,0,0,0
Mirlet7i,0,0,0,0,0,0,0,0,0,0,0,0,0
Mir1a-1,0,0,0,0,0,0,0,0,0,0,0,0,0
Mir15b,0,0,0,0,0,0,0,0,0,0,0,0,0
Mir23b,0,0,0,0,0,0,0,2,0,0,0,0,0
Mir27b,0,0,0,0,0,0,0,0,0,0,0,0,0
Mir29b-1,0,0,0,0,0,0,0,0,0,0,0,0,0
Mir30a,0,0,0,0,0,0,0,0,0,0,0,0,0
Mir30b,0,0,0,0,0,0,0,0,0,0,0,0,0
Mir99a,0,0,0,0,0,0,0,0,0,0,0,0,0
Mir99b,0,0,0,0,0,0,0,0,0,0,0,0,0
Mir101a,0,0,0,0,0,0,0,0,0,0,0,0,0
Mir124a-3,0,0,0,0,0,0,0,0,0,0,0,0,0
Mir125a,0,0,0,0,0,0,0,0,0,0,0,0,0
Mir125b-2,0,0,0,0,0,0,0,0,0,0,0,0,0
Mir126,0,0,0,0,0,0,0,1,0,0,0,0,0
Mir127,0,0,0,0,0,0,0,0,0,0,0,0,0
Mir128-1,0,0,0,0,0,0,0,0,0,0,0,0,0
Mir130a,0,0,0,0,0,0,0,0,0,0,0,0,0
Mir9-2,0,0,0,0,0,0,0,0,0,0,0,0,0
Mir132,0,0,0,0,0,0,0,0,0,0,0,0,0
Mir133a-1,0,0,0,0,0,0,0,0,0,0,0,0,0
Mir134,0,0,0,0,0,0,0,0,0,0,0,0,0
Mir135a-1,0,0,0,0,0,0,0,0,0,0,0,0,0
Mir136,0,0,0,0,0,0,0,0,0,0,0,0,0
Mir137,0,0,0,0,0,0,0,0,0,0,0,0,0
Mir138-2,0,0,0,0,0,0,0,0,0,0,0,0,0
Mir140,0,0,0,0,0,0,0,0,0,0,0,0,0
Mir141,0,0,0,0,0,0,0,0,0,0,0,0,0
Mir142,0,0,5,0,1,1,0,0,0,0,0,1,0
Mir144,0,0,0,0,0,0,0,0,0,0,0,0,0
Mir145,0,0,0,0,0,0,0,0,0,0,0,0,0
Mir146,0,0,0,0,0,0,0,0,0,0,1,0,0
Mir149,0,0,0,0,0,0,0,0,0,0,0,0,0
Mir150,0,0,0,0,0,0,0,0,0,0,0,0,0
Mir152,0,0,0,0,0,0,0,0,0,0,0,0,0
Mir153,0,0,0,0,0,0,0,0,0,0,0,0,0
Mir154,0,0,0,0,0,0,0,0,0,0,0,0,0
Mir155,0,3,0,0,0,0,0,0,0,0,0,0,0
Mir10b,0,0,0,0,0,0,0,0,0,0,0,0,0
Mir129-1,0,0,0,0,0,0,0,0,0,0,0,0,0
Mir181a-2,0,0,0,0,0,0,0,0,0,0,0,0,0
Mir182,0,0,0,0,0,0,0,0,0,0,0,0,0
Mir184,0,0,0,0,0,0,0,0,0,0,0,0,0
Mir185,0,0,0,0,0,0,0,0,0,0,0,0,0
Mir186,0,0,0,0,1,3,0,0,1,0,0,0,2
Mir187,0,0,0,0,0,0,0,0,0,0,0,0,0
Mir188,0,0,0,0,0,0,0,0,0,0,0,0,0
Mir24-1,0,0,0,0,1,1,0,0,0,0,0,0,0
Mir191,0,0,0,0,1,0,0,0,0,0,0,0,0
Mir193,0,0,0,0,0,0,0,0,0,0,0,0,0
Mir194-1,0,0,0,0,0,0,0,0,0,0,0,0,0
Mir195,0,0,0,0,0,0,0,0,0,0,0,0,0
Mir199a-1,1,0,0,0,1,2,1,1,0,0,0,0,0
Mir200b,0,0,0,0,0,0,0,0,0,0,0,0,0
Mir201,0,0,0,0,0,0,0,0,0,0,0,0,0
Mir202,0,0,0,0,0,0,0,0,0,0,0,0,0
Mir203,0,0,0,0,0,0,0,0,0,0,0,0,0
Mir204,0,0,0,0,0,0,0,0,0,0,0,0,0
Mir205,0,0,0,0,0,0,0,0,0,0,0,0,0
Mir206,0,0,0,0,0,0,0,0,0,0,0,0,0
Mir207,0,0,0,0,0,1,0,1,0,0,0,0,0
Mir122a,0,0,0,0,0,0,0,0,0,0,0,0,0
Mir143,0,0,0,0,0,0,0,0,0,0,0,0,0
Mir30e,0,0,0,0,0,0,0,0,0,0,0,0,0
Mir290,0,0,0,0,0,0,0,0,0,0,0,0,0
Mir291a,0,0,0,0,0,0,0,0,0,0,0,0,0
Mir292,0,0,0,0,0,0,0,0,0,0,0,0,0
Mir293,0,0,0,0,0,0,0,0,0,0,0,0,0
Mir294,0,0,0,0,0,0,0,0,0,0,0,0,0
Mir295,0,0,0,0,0,0,0,0,0,0,0,0,0
Mir296,0,0,0,0,0,0,0,0,0,0,0,0,0
Mir297-1,0,0,0,0,0,0,0,0,0,0,0,0,0
Mir298,0,0,0,0,0,0,0,0,0,0,0,0,0
Mir299,0,0,0,0,0,0,0,0,0,0,0,0,0
Mir300,0,0,0,0,1,0,0,0,0,0,0,0,0
Mir301,0,0,0,0,0,0,0,0,0,0,0,0,0
Mir302a,0,0,0,0,0,2,0,1,1,0,0,0,0
Mir34c,0,0,0,0,0,0,0,0,0,0,0,0,0
Mir34b,0,0,0,0,0,0,0,0,0,0,0,0,0
Mirlet7d,0,0,0,1,1,0,1,0,0,0,0,0,0
Mir106a,0,0,0,0,0,0,0,0,0,0,0,0,0
Mir106b,0,0,0,0,0,0,0,0,0,0,0,0,0
Mir130b,0,0,0,0,0,0,0,0,0,0,0,0,0
Mir19b-2,0,0,0,0,0,0,0,0,0,0,0,0,0
Mir30c-1,0,0,0,0,0,0,0,0,0,0,0,0,0
Mir30c-2,0,0,0,0,0,0,0,0,0,0,0,0,0
Mir30d,0,0,0,0,0,0,0,0,0,0,0,0,0
Mir148a,0,0,0,0,0,0,0,0,0,0,0,0,0
Mir192,0,0,0,0,0,0,0,0,0,0,0,0,0
Mir196a-1,0,0,0,0,0,0,0,0,0,0,0,0,0
Mir196a-2,0,0,0,0,0,0,0,0,0,0,0,0,0
Mir200a,0,0,0,0,0,0,0,0,0,0,0,0,0
Mir208a,0,0,0,0,0,0,0,0,0,0,0,0,0
Mirlet7a-1,0,0,0,0,0,0,0,0,0,0,0,0,0
Mirlet7a-2,0,0,0,0,0,0,0,0,0,0,0,0,0
Mirlet7b,0,0,0,0,0,0,0,0,0,0,0,0,0
Mirlet7c-1,0,0,0,0,0,0,0,0,0,0,0,0,0
Mirlet7c-2,0,0,0,0,0,0,0,1,0,0,0,0,0
Mirlet7e,0,0,0,0,0,0,0,0,0,0,0,0,0
Mirlet7f-1,0,0,0,0,1,0,0,0,0,0,0,0,0
Mirlet7f-2,0,0,0,0,0,0,0,0,0,0,0,0,0
Mir15a,0,0,0,0,0,0,1,0,0,0,0,0,0
Mir16-1,0,0,0,0,0,0,0,0,0,0,0,0,0
Mir16-2,0,0,0,0,0,0,0,0,0,0,0,0,0
Mir20a,0,0,0,1,1,1,0,0,0,0,0,1,0
Mir21,0,1,0,0,0,1,0,2,0,0,0,0,0
Mir22,0,1,0,3,6,3,2,2,0,4,1,1,0
Mir23a,0,3,1,0,1,0,0,3,2,3,0,4,0
Mir24-2,1,0,0,1,0,2,0,0,2,0,1,3,0
Mir26a-1,0,0,0,0,0,0,0,0,0,0,0,0,0
Mir26b,0,0,0,0,0,0,0,0,0,0,0,0,0
Mir29a,0,0,0,0,0,0,0,0,0,0,0,0,0
Mir29c,0,0,0,0,2,0,0,0,0,0,0,3,0
Mir27a,1,0,2,1,2,1,0,3,0,0,1,4,1
Mir92-2,0,0,0,0,0,0,0,0,0,0,0,0,0
Mir93,0,0,0,0,0,0,0,0,0,0,0,0,0
Mir96,0,0,0,0,0,0,0,0,0,0,0,0,0
Mir34a,0,0,0,0,0,0,0,0,0,0,0,0,0
Mir129-2,0,0,0,0,0,0,0,0,0,0,0,0,0
Mir98,0,0,0,0,0,0,0,0,0,0,0,1,0
Mir103-1,0,0,0,0,0,0,0,0,0,0,0,0,0
Mir103-2,0,0,0,0,0,0,0,0,0,0,0,0,0
Mir322,0,0,0,0,0,0,0,0,0,0,0,0,0
Mir323,0,0,0,0,0,0,0,0,0,0,0,0,0
Mir324,1,0,0,0,0,2,0,1,0,0,2,1,0
Mir326,0,0,0,0,0,0,0,0,0,0,0,0,0
Mir328,0,0,0,1,0,0,0,0,0,0,0,0,1
Mir329,0,0,0,0,0,0,0,0,0,0,0,0,0
Mir330,0,0,0,0,0,0,0,0,0,0,0,0,0
Mir331,0,0,0,0,0,0,0,0,0,0,0,0,0
Mir337,0,0,0,0,0,0,0,0,0,0,0,0,0
Mir148b,0,0,0,0,0,0,0,0,0,0,0,0,0
Mir338,0,0,0,0,0,0,0,0,0,0,0,0,0
Mir339,0,0,0,0,0,0,0,0,0,0,0,0,0
Mir340,0,0,0,0,0,0,0,0,0,0,0,0,0
Mir341,0,0,0,0,0,0,0,0,0,0,0,0,0
Mir344,0,0,0,0,0,0,0,0,0,0,0,0,0
Mir345,0,0,0,0,0,0,0,0,0,0,0,0,0
Mir346,0,0,0,0,0,0,0,0,0,0,0,0,0
Mir350,0,0,0,0,0,0,0,0,0,0,0,0,0
Mir351,0,0,0,0,0,0,0,0,0,0,0,0,0
Mir135b,0,0,0,0,0,0,0,0,0,0,0,0,0
Mir101b,0,0,0,0,0,0,0,0,0,0,0,0,0
Mir1a-2,0,0,0,0,0,0,0,0,0,0,0,0,0
Mir107,0,0,0,0,0,0,0,0,0,0,0,0,0
Mir10a,0,0,0,0,0,0,0,0,0,0,0,0,0
Mir19a,0,0,0,0,0,0,0,0,0,0,0,0,0
Mir25,0,0,0,1,0,1,1,0,0,0,0,0,0
Mir100,0,0,0,0,0,0,0,0,0,0,0,0,0
Mir139,0,0,0,0,0,0,0,0,0,0,0,0,0
Mir200c,0,0,0,0,0,0,0,0,0,0,0,0,0
Mir210,0,0,0,0,0,0,0,0,0,0,0,0,0
Mir212,0,0,0,0,0,0,1,0,0,0,0,0,0
Mir181a-1,0,0,0,0,0,0,0,0,0,0,0,0,2
Mir214,0,0,0,0,0,0,0,0,0,0,0,0,0
Mir216a,0,0,0,0,0,0,0,0,0,0,0,0,0
Mir218-1,0,0,0,0,0,0,0,0,0,0,0,0,0
Mir218-2,0,0,0,0,0,0,0,0,0,0,0,0,0
Mir219-1,0,0,0,0,0,0,0,0,0,0,0,0,0
Mir223,0,0,0,0,1,0,0,0,2,0,0,0,0
Mir320,0,0,0,0,0,0,0,0,0,0,0,0,0
Mir26a-2,0,0,0,0,0,0,0,0,0,0,0,0,0
Mir211,0,0,0,0,0,0,0,0,0,0,0,0,0
Mir221,0,0,0,0,0,0,0,0,0,0,0,0,0
Mir222,0,0,0,0,0,0,0,0,0,0,0,0,0
Mir224,0,0,0,0,0,0,0,0,0,0,0,0,0
Mir29b-2,1,0,0,0,0,0,0,0,0,0,0,0,0
Mir199a-2,0,0,0,0,0,0,0,0,0,0,0,0,0
Mir199b,0,0,0,0,0,0,0,0,0,0,0,0,0
Mir135a-2,0,0,0,0,0,0,0,0,0,0,0,0,0
Mir124a-1,0,0,0,0,0,0,0,0,0,0,0,0,0
Mir124a-2,0,0,0,0,0,0,0,0,0,0,0,0,0
Mir19b-1,0,0,0,0,0,1,0,1,0,0,0,0,0
Mir92-1,0,0,0,0,0,1,0,0,0,0,0,0,0
Mir9-1,0,0,0,0,0,0,0,0,0,0,0,0,0
Mir9-3,0,0,0,0,0,0,0,0,0,0,0,0,0
Mir138-1,0,0,0,0,0,0,0,0,0,0,0,0,0
Mir181b-1,0,0,0,0,0,0,0,0,0,0,0,0,0
Mir181c,0,0,0,0,0,0,0,0,0,0,0,0,0
Mir125b-1,0,0,0,0,0,0,0,0,0,0,0,0,0
Mir128-2,0,0,0,0,0,0,0,0,0,0,0,0,0
Mir7-1,0,1,7,1,4,5,4,5,5,3,5,1,0
Mir7-2,0,0,0,0,0,0,0,0,0,0,0,0,0
Mir7b,0,0,0,0,0,0,0,0,0,0,0,0,0
Mir217,0,0,0,0,0,0,0,0,0,0,0,0,0
Mir194-2,0,0,0,0,0,0,0,0,0,0,0,0,0
Mir219-2,0,0,0,0,0,1,0,0,0,0,0,0,0
Mir362,0,0,0,0,0,0,0,0,0,0,0,0,0
Mir363,0,0,0,0,0,0,0,0,0,0,0,0,0
Mir365-1,0,0,0,0,0,0,0,0,0,0,0,0,0
Mir375,0,0,0,0,0,0,0,0,0,0,0,0,0
Mir376a,0,0,0,0,0,1,0,0,0,0,0,0,0
Mir377,0,0,0,0,0,0,0,0,0,0,0,0,0
Mir379,0,0,0,0,0,0,0,0,0,0,0,0,0
Mir380,0,0,0,0,0,0,0,0,0,0,0,0,0
Mir381,0,0,0,0,0,0,0,0,0,0,0,0,0
Mir382,0,0,0,0,0,0,0,0,0,0,0,0,0
Mir383,0,0,0,0,0,0,0,0,0,0,0,0,0
Mir335,0,0,0,0,0,0,0,0,0,0,0,0,0
Mir133a-2,0,0,0,0,0,0,0,0,0,0,0,0,0
Mir133b,0,0,0,0,0,0,0,0,0,0,0,0,0
Mir181b-2,0,0,1,0,0,0,0,0,0,0,0,0,0
Mir215,0,0,0,0,0,0,0,0,0,0,0,0,0
Mir384,0,0,0,0,0,0,0,0,0,0,0,0,0
Mir196b,0,0,0,0,0,0,0,0,0,0,0,0,0
Mir409,0,0,0,0,0,0,0,0,0,0,0,0,0
Mir410,0,0,0,0,0,0,0,0,0,0,0,0,0
Mir376b,0,0,0,0,0,0,0,0,0,0,0,0,0
Mir411,0,0,0,0,0,0,0,0,0,0,0,0,0
Mir412,0,0,0,0,0,0,0,0,0,0,0,0,0
Mir370,0,0,0,0,0,0,0,0,0,0,0,0,0
Mir425,0,0,0,1,0,0,0,0,0,0,0,1,0
Mir431,0,0,0,0,0,0,0,0,0,0,0,0,0
Mir433,0,0,0,0,0,0,0,0,0,0,0,0,0
Mir434,0,0,0,0,0,0,0,0,0,0,0,0,0
Mir448,0,0,0,0,0,0,0,0,0,0,0,0,0
Mir429,0,0,0,0,0,0,0,0,0,0,0,0,0
Mir365-2,1,0,0,0,0,0,0,0,0,0,0,0,0
Mir449a,0,0,0,0,0,0,0,0,0,0,0,0,0
Mir450-1,0,0,0,0,0,0,0,0,0,0,0,0,0
Mir451,0,0,0,0,0,0,0,0,0,0,0,0,0
Mir452,0,0,0,0,0,0,0,0,0,0,0,0,0
Mir463,0,0,0,0,0,0,0,0,0,0,0,0,0
Mir465,0,0,0,0,0,0,0,0,0,0,0,0,0
Mir468,0,0,0,0,0,0,0,0,0,0,0,0,0
Mir470,0,0,0,0,0,0,0,0,0,0,0,0,0
Mir471,0,0,0,0,0,0,0,0,0,0,0,0,0
Mir532,0,0,0,0,0,0,0,0,0,0,0,0,0
Mir489,0,0,0,0,0,0,0,0,0,0,0,0,0
Mir483,0,0,0,0,0,0,0,0,0,0,0,0,0
Mir484,0,0,0,0,2,0,0,0,0,0,0,0,0
Mir485,0,0,0,0,0,0,0,0,0,0,0,0,0
Mir486,0,0,0,0,0,0,0,0,0,0,0,0,0
Mir546,11,1,3,5,3,22,6,22,7,8,14,4,1
Mir540,0,0,0,0,0,0,0,0,0,0,0,0,0
Mir543,0,0,0,0,0,0,0,0,0,0,0,0,0
Mir539,0,0,0,0,1,0,0,0,0,0,0,0,0
Mir541,0,0,0,0,0,0,0,0,0,0,0,0,0
Mir542,0,0,0,0,0,0,0,0,0,0,0,0,0
Mir547,0,0,0,0,0,0,0,0,0,0,0,0,0
Mir367,1,0,0,0,0,0,0,0,0,0,0,0,0
Mir494,0,0,0,0,0,0,0,0,0,0,0,0,0
Mir376c,0,0,0,0,0,0,0,0,0,0,0,0,0
Mir487b,0,0,0,0,0,0,0,0,0,0,0,0,0
Mir369,0,0,0,0,0,0,0,0,0,0,0,0,0
Mir20b,0,0,0,0,0,0,0,0,0,0,0,0,0
Mir450-2,0,0,0,0,0,0,0,0,0,0,0,0,0
Mir503,0,0,0,0,1,0,0,0,0,0,0,0,0
Mir291b,0,0,0,0,0,0,0,0,0,0,0,0,0
Mir302b,0,0,0,0,0,0,0,0,0,0,0,0,0
Mir302c,0,0,0,0,0,0,0,0,0,0,0,0,0
Mir302d,1,0,0,0,0,2,0,0,0,0,0,0,0
Mir301b,0,0,0,0,0,0,0,0,0,0,0,0,0
Mir675,0,0,1,0,0,0,0,0,0,0,0,0,0
Mir744,0,0,0,0,0,0,0,0,0,0,0,0,0
Mir374,0,0,0,0,0,0,0,1,0,0,0,1,0
Mir216b,0,0,0,0,0,0,0,0,0,0,0,0,0
Mir592,0,0,0,0,0,0,0,0,0,0,0,0,0
Mir758,0,0,0,0,0,0,0,0,0,0,0,0,0
Mir551b,0,0,0,0,0,0,0,0,0,0,0,0,0
Mir671,1,0,0,0,0,3,0,2,0,0,0,1,0
Mir668,0,0,0,0,0,0,0,0,0,0,0,0,0
Mir665,0,0,0,0,0,0,0,0,0,0,0,0,0
Mir667,0,0,0,0,0,0,0,0,0,0,0,0,0
Mir770,0,0,0,0,0,0,0,0,0,0,0,0,0
Mir762,0,0,0,0,0,0,0,0,0,0,0,0,0
Mir802,0,0,0,0,0,0,0,0,0,0,0,0,0
Mir672,0,0,0,0,0,0,0,1,0,0,0,0,0
Mir670,0,0,0,0,0,2,0,0,0,0,0,0,0
Mir761,1,0,0,1,0,6,2,2,2,3,1,0,0
Mir764,0,3,0,0,0,0,0,0,0,0,0,0,0
Mir763,0,0,0,0,0,0,0,0,0,0,0,0,0
Mir666,0,0,0,0,0,0,0,0,0,0,0,0,0
Mir759,0,0,0,0,0,0,0,0,0,0,0,0,0
Mir496,0,0,0,0,0,0,0,0,0,0,0,0,0
Mir673,0,0,0,0,0,0,0,0,0,0,0,0,0
Mir760,0,0,0,0,0,1,0,0,0,0,0,0,0
Mir674,0,0,0,0,2,0,0,0,1,0,0,0,0
Mir488,0,0,0,0,0,0,0,0,0,0,0,0,0
Mir677,1,0,0,0,2,3,1,0,0,0,0,1,0
Mir678,4,1,0,3,10,5,1,11,2,3,4,5,4
Mir497,0,0,0,0,0,0,0,0,0,0,0,0,0
Mir679,0,0,0,0,0,0,0,0,0,0,0,0,0
Mir495,0,0,0,0,0,0,0,0,0,0,0,0,0
Mir680-1,0,0,0,0,0,0,0,0,0,0,0,0,0
Mir680-2,0,0,0,0,0,0,0,0,0,0,0,0,0
Mir680-3,0,0,0,0,0,0,0,0,0,0,0,0,0
Mir681,0,0,0,0,0,0,0,0,0,0,0,0,0
Mir682,1,2,5,1,12,5,2,4,1,2,3,1,6
Mir449c,0,0,0,0,0,0,0,0,0,0,0,0,0
Mir683-1,0,0,0,0,0,0,0,0,0,0,0,0,0
Mir684-1,0,0,0,0,0,0,0,0,0,0,0,0,0
Mir684-2,0,0,0,0,0,0,0,0,0,0,0,0,0
Mir686,1,9,12,9,14,11,5,20,7,5,3,4,13
Mir719,4,4,8,14,7,29,9,30,6,11,8,6,4
Mir687,0,1,0,0,0,0,0,1,0,0,0,0,0
Mir688,0,0,0,0,0,0,0,0,0,0,0,0,0
Mir690,0,0,0,0,0,0,0,0,0,0,0,0,0
Mir691,0,0,0,0,0,0,0,0,0,0,0,0,0
Mir692-1,0,0,0,0,1,0,0,0,0,0,0,0,0
Mir693,0,0,0,0,0,0,0,0,0,0,0,0,0
Mir694,0,0,0,0,0,0,0,0,0,0,0,0,0
Mir146b,0,0,0,0,0,0,0,0,0,0,0,0,0
Mir669b,0,0,0,0,0,0,0,0,0,0,0,0,0
Mir669a-2,0,0,0,0,0,0,0,0,0,0,0,0,0
Mir669a-3,0,0,0,0,0,0,0,0,0,0,0,0,0
Mir467b,0,0,0,0,0,0,0,0,0,0,0,0,0
Mir669c,0,0,0,0,0,0,0,0,0,0,0,0,0
Mir297b,0,0,0,0,0,0,0,0,0,0,0,0,0
Mir695,0,0,0,0,0,0,0,0,0,0,0,0,0
Mir720,0,0,0,0,0,0,0,0,0,0,0,0,0
Mir455,0,0,0,0,0,0,0,0,0,0,0,0,0
Mir491,0,0,0,0,0,0,0,0,0,0,0,0,0
Mir697,2,0,0,0,0,1,0,0,0,0,0,0,0
Mir698,1,0,0,0,0,1,0,2,0,0,3,0,0
Mir700,0,0,1,0,0,0,0,4,2,1,0,0,0
Mir701,0,0,0,0,0,0,0,0,0,0,0,0,0
Mir702,7,5,11,11,19,19,9,32,10,7,4,11,6
Mir703,17,7,13,23,12,28,9,25,12,11,19,5,13
Mir704,6,7,7,3,1,9,5,17,7,8,11,7,27
Mir705,3,0,0,4,2,8,3,5,3,3,2,0,0
Mir706,0,0,0,0,0,0,0,0,0,0,0,0,0
Mir707,0,0,0,0,1,0,0,1,0,0,1,0,0
Mir708,0,0,0,0,0,0,0,0,0,0,0,0,0
Mir709,0,0,0,0,0,0,0,0,0,0,0,0,0
Mir710,0,0,0,0,0,0,0,0,0,0,0,0,0
Mir711,0,0,0,0,0,0,0,0,0,0,0,0,0
Mir713,0,0,0,0,0,0,0,0,0,0,0,0,0
Mir500,0,0,0,0,0,0,0,0,0,0,0,0,0
Mir501,0,0,0,0,0,0,0,0,0,0,0,0,0
Mir717,0,0,0,0,0,0,0,0,0,0,0,0,0
Mir450b,0,0,0,0,0,0,0,0,0,0,0,0,0
Mir505,0,0,0,0,0,0,0,0,0,0,0,0,0
Mir721,0,0,1,0,0,0,0,0,0,0,0,0,0
Mir490,0,0,0,0,0,0,0,0,0,0,0,0,0
Mir676,0,0,0,0,0,0,0,0,0,0,0,0,0
Mir615,0,0,0,0,0,0,0,0,0,0,0,0,0
Mir804,0,0,0,0,0,0,0,0,0,0,0,0,0
Mir741,0,0,0,0,0,0,0,0,0,0,0,0,0
Mir742,0,0,0,0,0,0,0,0,0,0,0,0,0
Mir743,0,0,0,0,0,0,0,0,0,0,0,0,0
Mir181d,0,0,0,0,0,0,0,0,0,0,0,0,0
Mir743b,0,0,0,0,0,0,0,0,0,0,0,0,0
Mir871,0,0,0,0,0,0,0,0,0,0,0,0,0
Mir879,0,0,0,0,0,0,0,0,0,0,0,0,0
Mir880,0,0,0,0,0,0,0,0,0,0,0,0,0
Mir881,0,0,0,0,0,0,0,0,0,0,0,0,0
Mir882,0,0,0,0,0,0,0,0,0,0,0,0,0
Mir883a,0,0,0,0,0,0,0,0,0,0,0,0,0
Mir883b,0,0,0,0,0,0,0,0,0,0,0,0,0
Mir190b,0,0,0,0,0,0,0,0,0,0,0,0,0
Mir874,0,0,0,1,0,0,0,0,0,0,0,0,0
Mir876,0,0,0,0,0,0,0,0,0,0,0,0,0
Mir105,0,0,0,0,0,0,0,0,0,0,0,0,0
Mir147,10,5,6,5,4,0,0,1,0,0,0,1,0
Mir18b,0,0,0,0,0,0,0,0,0,0,0,0,0
Mir193b,0,0,0,0,0,0,0,0,0,0,0,0,0
Mir297a-3,0,0,0,0,0,0,0,0,0,0,0,0,0
Mir297c,0,0,0,0,0,0,0,0,0,0,0,0,0
Mir344-2,0,0,0,0,0,0,0,0,0,0,0,0,0
Mir421,0,0,0,0,0,0,0,0,0,0,0,1,0
Mir453,0,0,0,0,0,0,0,0,0,0,0,0,0
Mir465b-1,0,0,0,0,0,0,0,0,0,0,0,0,0
Mir465b-2,0,0,0,0,0,0,0,0,0,0,0,0,0
Mir465c-1,0,0,0,0,0,0,0,0,0,0,0,0,0
Mir465c-2,0,0,0,0,0,0,0,0,0,0,0,0,0
Mir466g,0,0,0,0,0,0,0,0,0,0,0,0,0
Mir467d,0,0,0,0,0,0,0,0,0,0,0,0,0
Mir493,0,0,0,0,0,0,0,0,0,0,0,0,0
Mir509,0,0,0,0,0,0,0,0,0,0,0,0,0
Mir568,1,0,0,2,1,1,2,0,0,1,1,0,0
Mir574,0,0,0,0,0,0,0,0,0,0,0,0,0
Mir654,0,0,0,0,0,0,0,0,0,0,0,0,0
Mir92b,0,0,0,0,0,0,0,0,0,0,0,0,0
Mir449b,0,0,0,0,0,0,0,0,0,0,0,0,0
Mir878,0,0,0,0,0,0,0,0,0,0,0,0,0
Mir872,0,0,0,0,0,0,0,0,0,0,0,0,0
Mir873,0,0,0,0,0,0,0,0,0,0,0,0,0
Mir875,0,0,0,1,0,0,0,0,0,0,0,0,0
Mir208b,0,0,0,0,0,0,0,0,0,0,0,0,0
Mir877,1,0,0,0,0,0,0,0,0,0,0,0,0
Mir598,0,0,0,0,0,0,0,0,0,0,0,0,0
Mir653,0,0,0,0,0,0,0,0,0,0,0,0,0
Mir582,0,0,0,0,0,0,0,0,0,0,0,0,0
Mir683-2,0,0,0,0,0,0,0,0,0,0,0,0,0
1700034H15Rik,4,0,3,1,0,5,3,2,0,0,0,0,1
Gm15760,2,1,3,0,4,10,3,10,2,2,0,2,0
AW011738,4,1,0,2,5,6,5,6,5,0,2,2,0
D930016D06Rik,34,25,17,24,35,98,11,56,22,14,20,24,8
Gm4532,0,0,0,0,0,0,0,0,0,0,0,0,0
D730005E14Rik,25,8,22,17,22,13,2,10,3,7,3,7,0
A130049A11Rik,54,25,37,34,30,82,31,84,32,35,33,21,28
BC025920,4,1,2,2,0,1,0,2,0,2,0,1,3
AA387883,0,0,0,0,0,0,0,0,0,0,0,0,0
Gm3833,0,0,0,1,0,1,0,0,0,0,0,0,2
Gm4598,0,0,0,0,0,0,1,0,0,0,3,3,0
2810410L24Rik,0,0,0,0,0,0,0,3,0,0,0,0,0
Gm14207,0,0,0,0,0,1,0,3,0,0,1,1,0
Gm6402,0,1,0,3,4,4,2,6,2,0,0,0,3
4930539J05Rik,0,2,0,2,0,0,0,1,2,0,1,0,0
E330033B04Rik,1,0,2,0,1,3,0,1,0,0,2,4,0
A930011G23Rik,0,0,0,0,0,0,0,0,0,2,0,0,0
4930412C18Rik,0,5,1,2,0,9,0,0,1,0,5,1,3
1110002L01Rik,12,14,14,12,7,27,8,32,17,7,15,8,12
B330016D10Rik,0,0,2,2,1,0,0,1,0,3,0,1,2
9930014A18Rik,0,5,8,2,2,29,6,17,1,2,7,3,0
A630066F11Rik,0,0,2,3,1,0,6,3,1,0,0,0,0
A630072M18Rik,1,4,4,3,6,16,3,9,1,2,13,3,0
4831440E17Rik,2,1,0,1,1,2,0,2,0,0,0,0,4
D430050G20,0,0,0,0,0,0,0,0,0,0,0,0,0
Snord4a,0,0,0,0,3,1,0,4,0,0,0,0,0
Snord104,2,0,0,1,1,3,1,2,0,0,1,0,0
Snord55,0,0,0,0,0,0,0,0,0,0,0,0,0
C230004F18Rik,3,9,0,1,2,4,2,5,0,0,4,3,1
Vmn1r-ps79,0,0,0,0,0,0,0,0,0,0,0,0,0
6820431F20Rik,18,7,7,11,8,37,7,7,10,9,15,10,3
Gm16386,1,0,0,0,0,2,1,3,0,0,0,0,2
2210403K04Rik,21,12,18,46,58,76,18,70,8,17,22,33,6
3110099E03Rik,0,0,0,0,0,0,0,0,0,0,0,0,0
Mir183,0,0,0,0,0,0,0,0,0,0,0,0,0
3930402G23Rik,1,2,3,1,1,2,0,0,0,0,0,0,2
5430417L22Rik,10,9,26,16,13,43,15,35,8,10,21,13,4
F630028O10Rik,0,1,1,5,8,1,0,2,2,0,2,0,3
Gm8979,0,0,0,0,0,0,0,0,0,0,0,0,0
Gm8989,0,0,0,0,0,0,0,0,0,0,0,0,0
9130206I24Rik,0,0,3,0,1,0,0,0,0,0,0,0,0
Gm3434,0,0,0,0,0,0,0,0,0,0,0,0,0
Gm3428,0,0,0,0,0,0,0,0,0,0,0,0,0
1700086L19Rik,0,0,0,0,0,0,0,2,0,0,0,0,0
2410006H16Rik,45,10,28,67,98,106,34,92,28,36,29,18,55
Mir423,0,0,0,0,0,0,0,1,0,0,0,0,0
Mir499,0,0,0,0,0,0,0,0,0,0,0,0,0
Mir718,0,0,0,0,0,0,0,0,0,0,0,0,0
Mir343,1,0,0,0,0,1,0,1,1,0,0,2,0
Snord17,4,5,1,8,13,12,4,2,13,9,1,6,1
Smok4a,0,0,0,0,0,0,0,0,0,0,0,0,0
Nkx2-2as,0,0,0,0,0,0,0,0,0,0,0,0,0
Gm13034,0,0,0,0,0,1,0,0,0,0,0,0,0
3110021A11Rik,0,0,0,0,0,0,0,0,0,0,0,0,0
Ankrd10,58,37,45,59,75,194,57,136,55,65,73,74,44
Snora26,0,0,0,0,0,1,0,0,0,0,0,0,0
Rmi1,13,17,30,40,27,96,44,66,22,38,21,29,31
Gm3020,0,0,0,0,0,0,0,0,0,0,0,0,0
Klk1b7-ps,0,0,0,0,0,0,0,0,0,0,0,0,0
Gm8348,0,0,0,0,0,0,0,0,0,0,0,0,0
4933409K07Rik,0,0,0,0,0,0,0,0,0,0,0,0,0
Atf5,7,1,4,10,11,10,2,8,5,3,6,5,5
Zfp57,2,3,2,4,4,22,1,6,3,0,5,10,0
Gm833,0,0,0,0,0,0,0,0,0,0,0,0,0
AI427809,0,0,3,1,0,2,0,0,1,0,0,0,1
Gm6994,0,0,0,0,0,0,0,0,0,0,0,0,0
Gm17821,0,0,0,0,0,0,0,0,0,0,0,0,0
D830046C22Rik,0,2,0,1,1,1,0,1,0,0,1,0,0
Lrch4-sap25,142,43,180,156,253,553,247,485,164,165,129,219,51
Snora28,4,3,3,3,8,17,1,7,6,5,2,9,4
4930403L05Rik,0,0,0,0,0,0,0,0,0,0,0,0,0
Gm839,0,0,0,0,0,0,0,0,0,0,0,0,0
4933427E11Rik,0,0,2,0,0,0,0,0,0,0,0,0,0
2700046G09Rik,8,2,7,3,1,5,2,9,0,3,3,3,1
1700001G17Rik,0,0,0,0,0,0,0,0,1,0,0,0,0
2010016I18Rik,0,0,0,0,0,2,0,0,0,0,0,0,0
Gm4792,0,0,0,0,0,0,0,0,0,0,0,0,0
1700111N16Rik,0,0,0,0,0,0,0,0,0,0,0,0,0
B430212C06Rik,0,0,1,1,0,0,0,1,0,2,0,0,0
3000002C10Rik,2,0,3,6,0,4,1,1,1,2,2,1,0
1700069L16Rik,0,0,0,0,0,0,0,0,0,0,0,0,0
BC030870,0,0,0,0,0,0,0,0,0,0,0,0,0
BC020402,0,2,0,0,0,2,0,3,0,1,2,0,3
BC039771,0,0,0,0,0,0,0,2,0,2,0,0,0
BC031361,5,0,1,5,2,18,3,10,4,0,2,3,2
9330151L19Rik,6,0,2,6,5,12,4,15,3,6,5,6,2
D330050I16Rik,0,0,2,0,0,1,0,1,0,0,1,0,0
Gm13375,1,0,2,0,1,7,2,1,1,2,3,1,0
E030024N20Rik,7,2,5,2,4,10,1,9,5,5,3,4,4
A230073K19Rik,35,25,22,19,28,71,24,72,23,22,43,27,4
Bmp1,14,6,16,18,30,64,11,56,23,13,25,30,3
Gm14492,2,0,0,3,3,5,0,1,1,1,0,1,1
9530091C08Rik,0,0,0,0,0,0,0,0,0,0,1,1,0
Gm5627,0,0,0,0,0,0,0,0,0,0,0,0,0
Slc22a13b,0,0,0,0,0,0,0,0,0,0,0,0,0
AA388235,0,0,0,0,0,2,0,0,2,2,1,1,0
4930592I03Rik,0,0,0,0,2,0,0,2,0,3,0,2,0
BC065397,7,6,1,6,7,11,0,14,2,1,0,2,4
Gm5089,4,4,6,2,2,10,0,9,0,0,0,0,4
Gm12216,0,0,0,0,0,0,0,0,0,0,1,0,0
Snora23,0,1,0,1,0,0,1,1,2,1,1,1,1
B930059L03Rik,2,1,3,0,2,3,1,2,2,0,0,0,0
5430416O09Rik,1,0,2,1,0,2,1,8,3,4,5,0,2
Gm3002,23,6,9,9,15,42,5,11,7,7,6,9,7
Gm9159,0,0,0,0,0,0,2,1,1,0,1,0,0
Gm2694,0,0,0,0,0,0,0,0,0,0,0,0,0
Krt74,0,0,0,0,0,0,0,0,0,0,0,0,0
4931428L18Rik,0,0,0,0,0,0,0,0,0,0,0,0,0
2810405F15Rik,0,0,0,0,0,0,0,0,0,0,0,0,0
1700025C18Rik,0,0,0,0,1,0,0,0,0,0,0,0,0
Serpina3h,1,1,1,0,5,0,0,0,0,0,0,4,0
Klra13-ps,1,1,0,1,1,2,0,2,0,0,1,1,1
Gm4013,0,2,0,2,2,0,3,1,0,0,0,0,6
9130209A04Rik,0,0,0,0,0,0,0,0,0,0,0,0,0
Gm5095,0,0,0,0,0,0,0,0,0,0,0,0,0
Gm10536,1,0,1,0,0,0,0,0,0,0,0,0,0
Gm4710,0,0,0,0,0,0,0,0,0,0,0,0,0
Gm6225,0,3,0,1,0,0,4,0,0,0,0,0,0
Gm10512,0,0,0,0,0,0,0,0,0,0,0,0,0
LOC668917,1,0,0,1,0,1,0,0,0,0,0,4,4
Gm9999,0,2,0,0,0,0,0,0,0,1,0,0,0
Gm10494,0,0,0,0,0,0,0,0,0,0,0,0,0
4930429F11Rik,0,0,0,0,0,0,0,0,0,0,0,0,0
Gm11468,0,0,0,0,0,0,0,0,0,0,0,0,0
AU019990,1,2,0,0,0,3,0,0,0,0,3,1,0
Gm10857,0,0,0,0,0,0,0,0,0,0,0,0,0
Gm10768,1,0,0,0,0,0,0,0,0,0,0,0,0
Gm13939,0,0,0,0,2,1,0,0,0,0,0,0,0
2810433D01Rik,2,5,7,4,2,3,0,0,0,0,2,0,4
Gm10823,0,0,0,0,0,0,0,0,0,0,0,0,0
Gm10789,0,0,0,0,0,4,0,0,0,0,0,0,0
Gm10474,0,0,0,0,0,0,0,0,0,0,0,0,0
Gm6938,0,0,0,0,1,0,0,0,0,0,0,0,0
U90926,0,0,0,0,0,0,1,0,0,0,0,0,0
Gm10046,0,2,0,0,0,0,0,0,0,0,0,0,0
4933403O03Rik,0,0,0,0,0,0,0,0,0,0,0,0,0
Gm17830,0,0,0,0,0,0,0,0,0,0,0,0,0
2610100L16Rik,0,0,0,0,0,0,0,0,0,0,0,0,0
Gm10466,0,0,0,0,0,0,0,0,0,0,0,0,0
4931406H21Rik,1,0,0,0,0,1,5,6,0,3,0,7,0
Gm10818,0,0,0,0,0,1,1,0,0,0,0,0,0
Gm13629,0,0,0,0,0,0,0,0,0,0,0,0,0
D830015G02Rik,0,0,1,0,1,5,2,0,0,0,0,0,0
AI504432,22,9,17,23,45,67,12,30,19,21,15,15,11
Gm8773,0,0,0,0,0,0,0,0,0,0,0,0,0
Gm7271,0,0,0,0,0,0,0,0,0,0,0,0,0
C030023E24Rik,2,2,4,4,0,2,3,4,0,0,2,9,2
E530011L22Rik,6,0,7,4,7,31,2,10,5,1,7,8,1
Gm9962,0,0,0,0,0,0,0,0,0,0,0,0,0
Gm14164,0,0,0,0,0,0,0,0,0,0,0,0,0
Gm3893,0,0,0,0,0,0,0,0,0,0,0,0,0
Olfr1077-ps1,0,0,0,0,0,0,0,0,0,0,0,0,0
Gm11110,0,0,2,1,0,3,0,2,2,0,1,0,0
Gm9961,2,0,0,0,0,0,0,0,0,0,0,0,0
1500017E21Rik,2,3,1,3,6,9,2,5,2,2,3,3,0
Gm10510,0,0,0,0,0,0,0,1,0,0,0,0,0
Gm6194,0,0,0,0,0,1,0,0,0,0,0,0,0
Gm6793,16,9,0,5,9,22,4,20,10,6,8,9,7
2310015A10Rik,16,14,5,16,12,37,20,28,18,6,26,6,8
Cyp2d37-ps,0,0,0,0,0,0,0,0,0,0,0,0,0
2410017I17Rik,0,0,0,0,0,0,0,0,0,0,0,0,0
Gm16039,16,18,8,20,18,62,13,46,9,12,15,16,27
Tmem181b-ps,56,22,33,13,35,136,35,86,47,24,42,48,30
1600029O15Rik,0,0,2,1,0,0,0,0,0,0,0,0,0
Gm11517,1,1,0,0,1,3,0,1,1,0,2,1,0
Gm11529,0,0,0,0,0,0,0,0,0,0,0,0,0
Gm16523,0,2,0,0,0,1,0,0,0,0,0,0,0
Gm7444,0,0,0,0,0,0,0,0,0,0,0,0,0
B230206H07Rik,6,5,6,12,11,10,9,23,5,4,5,4,4
Gm12603,0,0,0,0,0,0,0,0,0,0,0,0,0
Olfr1300-ps1,0,0,0,0,0,0,0,0,0,0,0,0,0
Gm10845,0,0,0,0,0,0,0,0,0,0,0,0,0
Gm10516,1,3,0,5,5,8,1,5,1,0,8,6,0
Gm10754,0,0,0,0,0,0,0,0,0,0,0,0,0
Gm10421,0,0,0,0,0,0,0,0,0,0,0,0,0
Gm12298,0,0,0,0,0,0,0,0,0,0,0,0,0
F630042J09Rik,0,0,0,0,0,0,0,0,0,0,1,0,3
Gm10389,0,2,0,2,4,3,0,8,1,0,0,3,0
Gm10636,0,0,0,0,0,0,0,0,0,0,0,0,0
Gm16287,0,0,0,0,0,0,0,0,0,0,0,0,0
Gm14812,0,0,0,0,0,0,0,0,0,0,0,0,0
Gm10790,118,46,65,96,116,326,85,163,91,87,86,80,110
Gm15348,2,2,0,1,1,0,0,0,0,0,1,0,2
Gm10684,5,4,0,4,0,0,0,2,0,0,1,0,0
D030047H15Rik,0,0,0,0,0,1,0,2,0,0,0,2,1
Gm11190,0,0,0,0,0,0,0,0,0,0,0,0,0
Gm10248,0,0,0,0,0,0,0,0,0,0,0,0,0
Gm12359,9,2,5,2,5,35,12,18,11,8,12,17,2
Gm10125,0,0,0,0,1,0,0,2,0,0,1,0,0
1700048O20Rik,0,5,0,1,1,2,0,2,0,0,2,3,0
D330041H03Rik,11,7,12,15,9,56,10,52,18,23,23,18,2
Gm10400,0,0,1,0,0,0,0,0,0,0,0,0,0
A630010A05Rik,0,0,0,0,0,0,0,0,0,0,0,0,0
F830002L21Rik,0,0,0,0,0,0,0,0,0,0,0,0,0
AY512915,2,2,0,6,2,1,0,0,0,0,1,0,0
9230115E21Rik,0,0,0,0,0,0,0,0,2,0,2,0,0
2900002K06Rik,2,1,0,0,1,2,2,0,0,0,1,1,0
Gm1995,0,0,0,0,0,0,0,0,0,0,0,0,0
Gpx2-ps1,0,0,0,0,0,0,0,0,0,0,0,0,0
Gm16897,51,20,68,51,50,91,37,90,25,29,50,38,26
BB019430,0,0,0,0,0,0,0,0,0,0,0,0,0
AI507597,1,0,1,0,1,0,0,2,0,0,0,1,0
E130304I02Rik,0,0,0,0,0,0,0,0,0,0,0,0,0
9430041J12Rik,0,0,3,0,0,0,0,4,0,2,0,0,1
9430021M05Rik,0,0,0,0,0,0,0,0,0,0,0,0,0
Gm7104,0,0,0,0,0,0,0,0,0,0,0,0,0
1810062O18Rik,4,1,1,2,9,15,1,15,1,0,2,4,2
4930512B01Rik,13,4,3,9,10,21,5,17,6,7,8,13,0
Nutf2-ps1,1,0,2,1,1,5,0,5,1,4,0,0,1
Gm12839,0,0,0,0,0,0,0,0,0,0,0,0,0
Usp-ps,0,0,0,0,0,0,0,0,0,0,0,0,0
Gm8221,0,1,0,1,1,0,0,0,0,0,0,0,0
Gm15645,0,0,0,0,0,0,0,0,0,0,0,0,0
4933401B06Rik,0,0,0,0,0,0,0,0,0,0,0,0,0
Adh6-ps1,0,0,0,0,0,0,0,0,0,0,0,0,0
Gm11426,0,0,0,0,0,0,0,0,0,0,0,0,0
Spn-ps,0,0,0,0,0,0,0,0,0,0,0,0,0
Gm10280,0,0,0,0,0,0,0,0,0,0,0,0,0
Cyp4f41-ps,0,1,0,1,0,0,0,0,0,0,0,0,0
Fam120b,90,66,63,71,100,274,65,227,75,91,84,68,55
AY512931,0,0,0,0,0,0,0,0,0,0,0,0,0
Hmgb1-rs17,2,0,0,0,0,0,0,0,0,0,0,0,0
Gm8096,0,0,0,0,0,0,0,0,0,0,0,0,0
Gm6300,0,0,0,0,0,0,0,0,0,0,0,0,0
4933417G07Rik,0,0,0,0,0,0,0,0,0,4,0,0,0
4930529C04Rik,0,0,0,0,0,0,0,0,0,0,0,0,0
Gm5712,0,0,0,0,0,0,0,0,0,0,0,0,0
Gm13498,0,0,0,0,0,1,1,1,0,0,0,0,0
5730416F02Rik,0,0,0,0,0,0,0,0,0,0,0,1,0
Gm7134,0,0,0,0,0,0,0,0,0,0,0,0,0
4930503H13Rik,0,0,0,0,0,0,0,0,0,0,0,0,0
Gm6682,1,0,2,0,3,0,0,0,0,0,1,2,0
5033404E19Rik,0,0,0,0,0,0,0,0,0,0,0,0,0
4930519F09Rik,0,0,0,0,0,1,1,1,0,0,0,0,0
Gm5779,1,0,0,0,0,0,0,0,0,0,1,0,0
Gm5176,0,0,0,0,0,2,0,0,1,0,0,0,0
Gm4971,0,0,0,0,0,0,0,0,0,0,0,0,0
1700028B04Rik,0,0,0,0,0,0,0,0,0,0,0,0,0
4921533I20Rik,0,0,0,0,0,0,0,0,0,0,0,0,0
1700084J12Rik,0,0,0,0,0,0,0,0,0,0,0,0,0
A930017M01Rik,0,3,0,1,0,0,0,0,1,0,1,0,0
Gm12633,0,0,0,0,0,0,0,0,0,0,0,0,0
Gm12669,8,18,6,26,19,44,14,30,6,4,21,11,26
Gm13238,0,0,0,0,0,0,0,0,0,0,0,0,0
1700001J11Rik,0,0,0,0,0,0,0,0,0,0,0,0,0
Cyp2c53-ps,0,0,0,0,0,0,0,0,0,0,0,0,0
Pldi,2,0,0,0,0,0,0,0,0,0,0,0,0
Gm12830,0,0,0,0,0,0,0,0,0,0,0,0,0
1700128F08Rik,0,0,0,0,0,0,0,0,0,0,0,0,0
Gm6623,0,0,0,0,0,1,0,0,0,0,1,0,0
Olfr947-ps1,0,0,0,0,0,0,0,0,0,0,0,0,0
Olfr856-ps1,0,2,0,0,0,2,0,0,0,0,0,0,0
Gm6607,1,0,0,0,0,0,0,0,0,0,0,0,0
5031434O11Rik,1,0,3,0,1,7,1,0,0,0,1,0,0
D5Ertd605e,5,3,2,7,5,11,4,7,2,4,3,0,1
1810010D01Rik,0,0,0,0,0,1,0,0,0,0,0,1,0
AA619741,0,0,0,0,0,0,0,0,0,0,0,0,0
AA474331,0,4,1,4,0,8,1,6,0,4,1,5,0
BC021767,6,0,1,0,3,9,1,2,0,1,2,3,0
Gm5177,0,0,0,0,0,0,0,0,0,0,0,0,0
4632428C04Rik,2,1,2,2,7,8,2,4,3,0,1,4,0
A630075F10Rik,0,0,0,0,0,0,0,0,0,0,0,0,0
Gm8709,0,0,0,0,0,0,0,0,0,0,0,0,0
9130019P16Rik,26,8,19,19,18,59,23,56,12,34,15,9,11
1700049E15Rik,0,0,0,0,0,0,0,0,0,0,0,0,0
Gm4349,0,0,0,0,0,0,0,2,0,0,0,0,0
Olfr29-ps1,0,0,0,0,0,0,0,0,0,0,0,0,0
Rps19-ps3,0,0,0,0,1,0,1,5,0,0,0,2,0
E330012B07Rik,0,0,0,0,0,0,0,0,0,0,0,0,0
4933436C20Rik,0,0,0,2,2,3,3,2,1,0,1,0,1
Gm3230,2,1,0,0,4,3,6,0,3,6,2,3,0
Gm6642,0,0,0,0,0,0,0,0,0,0,0,0,0
Fut4-ps1,0,0,0,0,0,0,0,0,0,0,0,0,0
Mageb16-ps1,0,0,0,0,0,0,0,0,0,0,0,0,0
Vmn2r-ps129,0,0,0,0,0,0,0,0,0,0,0,0,0
Kif4-ps,0,0,0,0,0,0,0,0,0,0,0,0,0
Trim30e-ps1,0,0,0,0,0,0,0,0,0,0,0,0,0
Gm7550,0,0,0,0,0,0,0,0,0,0,0,0,0
V1rg10,0,0,0,0,0,0,0,0,0,0,0,0,0
Gm4541,0,0,0,0,0,0,0,0,0,0,0,0,0
Zscan4a,0,0,0,0,0,0,0,0,0,0,0,0,0
Ces2d-ps,0,0,0,0,0,0,0,0,0,0,0,0,0
5730577I03Rik,2,3,4,0,1,2,2,3,2,3,0,0,1
1700023I07Rik,0,0,0,0,0,0,0,0,0,0,0,0,0
E330020D12Rik,5,3,3,3,1,9,3,4,4,0,3,3,4
AA545190,0,0,0,0,0,0,0,0,0,0,0,0,0
Snord116l1,0,0,0,0,0,0,0,0,0,0,0,0,0
Snord116l2,0,0,0,0,0,0,0,0,0,0,0,0,0
2810001G20Rik,6,2,0,2,3,8,2,2,1,0,3,0,2
4921531C22Rik,5,0,0,3,2,8,5,5,2,0,3,2,1
4933429O19Rik,7,11,8,4,6,6,5,12,2,0,5,7,7
1700041C23Rik,0,0,0,0,0,0,0,0,0,0,0,0,0
1700044K03Rik,0,0,0,0,0,0,0,0,0,0,0,0,0
1700052I22Rik,0,0,0,1,0,0,0,0,0,0,0,0,0
1700109G14Rik,0,0,0,0,0,0,0,0,0,0,0,0,0
6030408B16Rik,1,0,0,0,0,0,0,0,0,0,0,0,0
5430416N02Rik,5,2,1,5,6,9,3,11,2,4,3,6,13
Snora5c,1,0,4,0,0,3,0,0,0,0,0,0,0
Snora47,0,0,0,2,0,0,0,0,0,0,0,0,0
Snora36b,0,0,0,0,0,0,0,0,0,0,0,0,0
Snora30,0,1,0,0,0,0,0,0,0,0,0,3,1
Snora61,1,0,3,5,2,6,2,0,0,1,1,0,3
Snora19,0,0,0,0,0,0,0,0,0,0,0,0,0
Snora81,9,6,3,5,5,12,3,17,4,2,4,5,4
Snora52,1,0,4,0,1,1,0,1,0,1,1,1,2
Snora44,0,0,0,0,3,2,0,0,0,0,0,0,0
Snora34,0,0,2,2,1,0,0,0,0,0,0,0,0
Snora2b,0,0,0,0,0,1,0,1,0,0,0,1,1
Etd,0,0,0,0,0,0,0,0,0,0,0,0,1
Zfp414,7,1,12,7,11,17,15,14,5,5,7,9,4
Olfr1372-ps1,1,0,0,0,1,0,0,1,1,0,1,0,0
Mir467a-1,0,0,0,0,0,0,0,0,0,0,0,0,0
Mir1224,0,0,0,0,0,0,0,0,0,0,0,0,0
Mir669a-1,0,0,0,0,0,0,0,0,0,0,0,0,0
Mir669k,0,0,0,0,0,0,0,0,0,0,0,0,0
Mir669g,0,0,0,0,0,0,0,0,0,0,0,0,0
Mir466i,0,1,0,1,0,1,0,2,0,2,0,0,0
Mir1b,0,0,0,0,0,0,0,0,0,1,0,0,0
Mir1186,0,0,0,0,0,0,0,0,0,0,0,0,0
Mir1187,0,0,0,0,0,0,0,0,0,0,0,0,0
Mir669j,0,0,0,0,0,0,0,0,0,0,0,0,0
Mir669i,0,0,0,0,0,0,0,0,0,0,0,0,0
Mir669h,0,0,0,0,0,0,0,0,0,0,0,0,0
Mir1188,0,0,0,0,0,0,0,0,0,0,0,0,0
Mir467f,0,0,0,0,0,0,0,0,0,0,0,0,0
Mir1190,0,0,0,0,0,0,0,0,0,0,0,0,0
Mir1192,1,0,0,0,1,1,0,0,0,0,0,0,1
Mir1193,0,0,0,0,0,0,0,0,0,0,0,0,0
Mir669e,0,0,0,0,0,0,0,0,0,0,0,0,0
Mir1196,0,0,0,0,0,0,0,0,0,0,0,0,0
Mir1197,0,0,0,0,0,0,0,0,0,0,0,0,0
Mir1199,0,0,0,0,0,0,0,0,0,0,0,0,0
Mir1902,4,10,4,6,13,18,6,13,7,7,3,14,3
Mir1897,0,0,0,0,0,0,0,0,0,0,0,0,0
Mir1905,0,0,0,0,0,0,0,0,0,1,0,0,0
Mir1895,0,0,0,0,0,0,0,0,0,0,0,0,0
Mir1903,4,2,4,1,3,13,3,11,4,1,5,1,0
Mir1899,0,0,0,0,0,0,0,0,0,0,0,0,0
Mir1900,0,0,0,0,0,0,0,0,0,0,0,0,0
Mir1892,14,9,11,2,12,35,23,32,9,14,15,11,15
Mir1906-1,0,0,0,0,0,0,0,2,0,0,0,2,0
Mir1896,22,6,7,10,5,26,4,18,7,4,16,11,4
Mir1904,0,0,0,0,0,0,0,0,0,0,0,0,0
Mir1898,1,2,0,0,0,2,0,1,0,2,0,1,0
Mir1907,0,0,0,0,0,0,0,0,0,0,0,0,0
Mir1894,0,0,0,2,1,1,0,0,0,2,0,3,0
Mir1893,0,0,0,0,0,1,0,0,0,0,0,0,0
Mir1901,0,1,1,2,6,2,4,4,1,1,0,3,2
Mir1929,0,0,0,0,0,2,0,0,0,0,0,0,0
Mir1930,0,0,0,0,0,0,0,0,0,0,0,0,0
Mir1931,0,0,0,0,0,0,0,0,0,0,0,0,0
Mir1932,0,0,0,0,0,0,0,0,0,0,0,0,0
Mir1933,0,0,0,0,0,0,0,0,0,0,0,0,0
Mir1934,0,0,0,0,0,0,0,0,0,0,0,0,0
Mir1936,0,0,0,0,0,0,0,0,0,0,0,0,0
Mir1938,0,0,0,0,0,0,0,0,0,0,0,0,0
Mir1940,0,0,0,0,0,0,0,0,0,0,0,0,0
Mir1941,0,0,0,0,0,0,0,0,0,0,0,0,0
Mir1942,0,0,0,0,0,0,0,0,0,0,0,0,0
Mir1943,0,0,0,0,0,4,1,0,0,0,0,0,0
Mir1945,0,0,0,0,1,0,0,0,1,0,0,0,0
Mir1306,0,1,2,0,0,0,0,1,0,2,1,0,2
Mir1946a,0,0,0,0,0,1,0,0,0,0,0,0,0
Mir1947,0,0,0,0,2,0,0,1,0,0,0,2,0
Mir1948,0,0,0,0,0,0,0,0,0,0,0,0,0
Mir1949,0,0,0,0,0,0,0,0,0,0,0,0,0
Mir669m-1,0,0,0,0,0,0,0,0,0,0,0,0,0
Mir669m-2,0,0,0,0,0,0,0,0,0,0,0,0,0
Mir1951,0,0,0,0,0,0,0,0,0,0,0,0,0
Mir1952,0,0,0,0,0,0,0,0,0,0,0,0,0
Mir1953,0,0,0,0,0,0,0,0,0,0,0,0,0
Mir1955,0,0,0,0,0,0,0,0,0,0,0,0,0
Mir1956,0,0,0,0,0,0,0,0,0,0,0,0,0
Mir1960,0,0,0,0,0,0,1,0,1,0,0,0,0
Mir1961,0,0,0,0,0,0,0,0,0,0,0,0,0
Mir1962,0,0,0,0,0,0,0,0,0,0,0,0,0
Mir1963,0,0,0,0,0,0,0,0,0,0,0,0,0
Mir1964,0,0,0,0,0,0,0,0,0,0,0,0,0
Mir1965,0,0,0,0,0,0,0,0,0,0,0,0,0
Mir1966,1,1,0,3,0,3,1,3,0,0,5,0,0
Mir1967,0,0,0,0,0,0,0,0,0,0,0,0,0
Mir1968,0,0,0,0,0,0,0,0,0,0,0,0,0
Mir1969,0,0,0,0,0,0,0,0,0,0,0,0,0
Mir1971,0,0,0,0,0,0,0,0,0,0,0,0,0
Mir1983,0,0,0,0,0,0,0,0,0,0,0,0,0
Mir1839,0,0,0,0,0,0,0,0,0,0,0,0,0
Mir1981,0,0,0,0,0,2,0,0,0,0,0,0,0
Mir1982,1,1,2,3,4,6,0,7,0,0,0,3,1
Mir2136,0,0,0,0,0,0,0,0,0,0,0,0,0
Mir2137,0,0,0,0,0,0,0,0,0,0,0,0,0
Mir432,0,0,0,0,0,0,0,0,0,0,0,0,0
Mir599,0,0,0,0,0,0,0,0,0,0,0,0,0
Mir767,0,0,0,0,0,0,0,0,0,0,0,0,0
Mir664,0,0,0,0,0,0,0,0,0,0,0,0,0
Gm5084,0,0,0,0,0,0,0,0,0,0,0,0,0
Gm14403,8,3,2,3,5,4,1,11,4,4,8,4,11
Gm4814,0,1,0,1,0,3,3,3,0,0,0,0,1
E230016K23Rik,1,0,0,0,0,0,0,0,0,0,2,0,0
A730020M07Rik,0,0,0,0,1,1,0,0,0,0,0,0,0
A730018C14Rik,0,0,0,0,0,0,0,0,0,0,0,0,0
Gm16197,4,3,4,2,6,16,8,22,4,1,6,5,5
Gm13253,2,1,0,0,5,2,0,0,0,1,1,1,0
1700001K23Rik,0,0,2,0,0,0,0,1,0,0,0,0,0
1700028M03Rik,0,0,0,0,1,0,0,1,0,0,0,0,0
1700121N20Rik,0,0,0,0,0,0,0,0,0,0,0,0,0
2810049E08Rik,0,0,0,0,0,0,0,0,0,0,0,0,0
4930520P13Rik,0,0,0,0,0,0,0,0,0,0,0,0,0
6030440G07Rik,0,0,0,0,0,0,0,0,0,0,0,0,0
4933421O10Rik,20,11,3,5,7,65,11,35,10,9,12,12,2
1700060C20Rik,0,0,0,0,0,0,0,0,0,0,0,0,0
Gm3086,0,0,0,0,0,4,2,0,2,0,2,7,0
Srsf3,258,163,150,320,388,826,209,664,199,217,233,211,245
Srsf9,57,25,68,61,65,174,60,160,61,55,57,68,38
Efcab8,0,0,0,0,0,0,0,0,0,0,0,0,0
Zim3,0,0,0,3,0,5,0,0,0,0,0,0,0
Gm6525,0,1,0,0,0,0,0,0,0,0,0,0,0
Gm8579,0,0,0,0,0,0,0,0,0,0,0,0,0
Alg13,16,3,1,10,17,37,7,24,8,10,6,13,5
Gm9696,0,0,0,0,0,0,0,0,0,0,0,0,0
Gm9855,4,0,7,5,7,13,6,10,3,4,9,7,6
Mir1247,0,0,0,0,0,0,0,0,0,0,0,0,0
Mir1264,0,0,0,0,0,2,2,0,0,0,0,0,0
Mir1249,0,0,0,0,0,1,0,0,0,0,0,0,0
Mir1843,0,0,0,0,0,0,0,0,0,0,0,0,0
Mir3475,0,0,0,0,0,0,0,0,0,0,0,0,0
Mir344d-3,0,0,0,0,0,0,0,0,0,0,0,0,0
Mir1298,0,0,0,0,0,0,0,0,0,0,0,0,0
Mir3059,0,0,0,0,0,0,0,0,0,0,0,0,0
Mir3058,2,3,0,0,0,2,1,4,0,0,0,0,0
Mir3099,0,0,0,0,0,0,0,0,0,0,0,0,0
Mir3106,0,0,0,0,0,0,0,0,0,0,0,0,0
Mir344d-1,0,0,0,0,0,0,0,0,0,0,0,0,0
Mir344d-2,0,0,0,0,0,0,0,0,0,0,0,0,0
Mir2861,0,0,0,0,0,0,0,0,0,0,0,0,0
Mir3057,1,0,3,0,1,1,0,1,2,4,0,2,0
Mir1251,0,0,0,0,0,0,0,0,0,0,0,0,0
Mir3060,0,0,0,0,0,6,0,0,0,0,0,0,0
Mir3061,0,0,0,4,1,0,0,0,0,0,0,0,0
Mir3062,0,0,0,0,1,0,1,4,0,0,1,0,0
Mir3064,50,28,24,21,26,122,33,104,42,27,44,42,29
Mir3065,0,0,0,0,0,0,0,0,0,0,0,0,0
Mir3066,0,0,0,0,0,0,0,0,0,0,0,0,0
Mir3067,0,0,0,0,0,0,0,0,0,0,0,0,0
Mir3068,0,0,0,0,0,1,0,0,0,0,0,0,0
Mir3070a,0,0,0,0,0,0,0,0,0,0,0,0,0
Mir3070b,0,0,0,0,0,0,0,0,0,0,0,0,0
Mir3071,0,0,0,0,0,0,0,0,0,0,0,0,0
Mir3072,0,0,0,0,0,0,0,0,0,0,0,0,0
Mir3073,0,0,0,0,0,0,0,0,0,0,0,0,0
Mir3074-1,0,0,0,0,1,1,0,0,0,0,0,0,0
Mir3075,0,0,0,0,1,0,0,0,0,0,0,0,0
Mir3077,0,0,0,0,0,0,0,0,0,0,0,0,0
Mir3078,0,0,0,0,0,0,0,0,0,0,0,0,0
Mir3081,0,0,0,0,0,0,0,0,0,0,0,0,0
Mir3083,0,0,0,0,0,0,0,0,0,0,0,0,0
Mir3085,0,0,0,0,0,0,0,0,0,0,0,0,0
Mir3086,0,0,0,0,0,0,0,0,0,0,0,0,0
Mir4660,0,0,0,0,0,0,0,0,0,0,0,0,0
Mir467a-2,0,0,0,0,0,0,0,0,0,0,0,0,0
Mir669a-4,0,0,0,0,0,0,0,0,0,0,0,0,0
Mir669a-5,0,0,0,0,0,0,0,0,0,0,0,0,0
Mir467a-3,0,0,0,0,0,0,0,0,0,0,0,0,0
Mir669a-6,0,0,0,0,0,0,0,0,0,0,0,0,0
Mir467a-4,0,0,0,0,0,0,0,0,0,0,0,0,0
Mir669a-7,0,0,0,0,0,0,0,0,0,0,0,0,0
Mir467a-5,0,0,0,0,0,0,0,0,0,0,0,0,0
Mir669p-1,0,0,0,0,0,0,0,0,0,0,0,0,0
Mir467a-6,0,0,0,0,0,0,0,0,0,0,0,0,0
Mir669a-8,0,0,0,0,0,0,0,0,0,0,0,0,0
Mir669a-9,0,0,0,0,0,0,0,0,0,0,0,0,0
Mir467a-7,0,0,0,0,0,0,0,0,0,0,0,0,0
Mir669p-2,0,0,0,0,0,0,0,0,0,0,0,0,0
Mir467a-8,0,0,0,0,0,0,0,0,0,0,0,0,0
Mir669a-10,0,0,0,0,0,0,0,0,0,0,0,0,0
Mir467a-9,0,0,0,0,0,0,0,0,0,0,0,0,0
Mir669a-11,0,0,0,0,0,0,0,0,0,0,0,0,0
Mir467a-10,0,0,0,0,0,0,0,0,0,0,0,0,0
Mir669a-12,0,0,0,0,0,0,0,0,0,0,0,0,0
Mir3087,0,0,0,0,0,0,0,0,0,0,0,0,0
Mir3088,0,0,0,0,0,0,0,0,0,0,0,0,0
Mir3089,0,0,0,0,0,0,0,0,0,0,0,0,0
Mir3091,0,0,0,0,1,0,0,1,0,0,0,0,0
Mir3092,0,0,0,0,0,0,0,3,0,0,0,0,0
Mir3093,0,0,0,0,0,0,0,0,0,0,0,0,0
Mir3094,0,0,0,1,1,1,1,1,0,0,0,2,0
Mir3095,0,0,0,0,0,0,0,0,0,0,0,0,0
Mir3096,0,0,0,0,0,0,0,0,0,0,0,0,0
Mir3097,0,0,0,0,0,0,0,0,0,0,0,0,0
Mir3100,0,0,0,0,0,0,0,0,0,0,0,0,0
Mir3101,3,0,4,1,1,5,2,6,0,0,2,1,0
Mir344e,0,0,0,0,0,0,0,0,0,0,0,0,0
Mir344b,0,0,0,0,0,0,0,0,0,0,0,0,0
Mir344c,0,0,0,0,0,0,0,0,0,0,0,0,0
Mir344g,0,0,0,0,0,0,0,0,0,0,0,0,0
Mir344f,0,0,0,0,0,0,0,0,0,0,0,0,0
Mir3102,0,0,0,0,0,0,0,0,0,0,0,0,0
Mir3103,1,1,3,5,1,6,2,4,1,2,2,0,0
Mir3107,0,0,0,0,0,0,0,0,0,0,0,0,0
Mir3074-2,0,0,0,1,0,1,0,0,2,0,1,0,0
Mir3108,0,0,0,0,1,1,0,0,0,0,0,1,0
Mir3109,0,0,0,0,0,0,0,0,0,0,0,0,0
Mir3110,0,0,0,0,0,0,0,0,0,0,0,0,0
Mir374c,0,0,0,0,0,0,0,1,0,0,0,1,0
Mir3112,0,0,0,0,0,1,0,2,1,0,0,0,0
Mir1912,0,0,0,0,0,0,0,0,0,0,0,0,0
Mir3471-1,0,0,0,0,0,0,0,0,0,0,0,0,0
Mir1186b,0,0,0,0,0,0,0,0,0,0,0,0,0
Mir3473,0,0,0,0,0,0,0,0,0,0,0,0,0
Mir3474,0,0,0,0,0,2,1,3,0,0,1,0,0
Mir1906-2,0,0,0,0,0,0,0,2,0,0,0,2,0
1810026B05Rik,108,48,52,120,133,316,68,235,93,117,97,88,82
Gm7056,0,0,0,0,0,0,0,0,0,0,0,0,0
B930003M22Rik,0,0,3,1,0,3,0,6,0,1,1,2,0
Rdh18-ps,0,0,0,0,0,0,0,0,0,0,0,0,0
Pafah1b1,389,245,234,456,477,1166,313,951,340,310,381,296,187
Gm16861,2,1,17,7,14,16,7,13,12,7,5,7,22
5330439B14Rik,0,0,0,0,0,0,0,0,0,0,0,0,0
Snora33,0,0,1,2,4,1,1,1,0,0,0,4,0
Snord100,2,0,0,4,8,5,0,8,2,0,3,3,10
Snord42a,0,0,1,0,0,0,0,1,0,0,1,0,0
Snord42b,0,0,0,0,1,0,0,0,0,0,1,0,0
Gm4776,0,0,0,0,0,0,0,0,0,0,0,0,0
4933407L21Rik,0,0,0,0,0,3,0,3,0,0,0,0,0
2700046A07Rik,0,0,0,0,0,0,0,0,0,0,1,0,0
1500009C09Rik,0,0,0,1,3,9,1,4,0,0,1,1,0
Atp6v0c-ps2,15,28,40,23,56,59,18,49,11,8,12,34,21
Ankrd11,189,63,138,208,184,599,150,451,153,140,146,220,14
1110054M08Rik,1,2,1,2,6,4,2,4,2,0,1,3,0
1190002F15Rik,0,0,0,0,0,1,0,0,0,0,0,3,1
1300002E11Rik,10,11,5,4,5,17,1,13,4,3,2,7,13
1600010M07Rik,8,2,2,4,6,8,8,16,6,2,2,3,5
1600020E01Rik,9,6,3,4,16,38,6,17,13,6,11,5,13
2410004I01Rik,0,0,0,0,0,0,0,0,0,0,0,0,0
2610507I01Rik,14,16,9,9,14,66,18,49,11,15,14,16,6
Gm6644,3,4,2,7,5,11,10,6,6,1,0,2,5
Gm19589,0,0,0,0,0,0,0,0,0,0,0,0,0
BB014433,0,0,0,0,0,0,0,0,0,0,0,0,0
B230314j19,0,0,0,0,0,1,0,0,0,0,0,2,0
Gm5105,0,0,0,0,0,0,0,0,0,1,0,0,0
Gm15179,0,0,0,0,0,0,0,0,0,0,0,0,0
E030025P04Rik,0,0,0,0,0,0,0,0,0,0,0,0,0
Gm1631,0,0,0,0,0,0,0,0,0,0,0,0,0
Gm16894,0,2,0,0,0,0,0,0,0,0,0,0,0
Gm15217,0,0,0,0,0,0,0,0,0,0,0,0,0
9330159M07Rik,1,1,3,1,1,6,4,4,2,0,7,2,0
Gm19461,0,2,0,1,0,9,0,2,2,0,3,2,0
Gm16880,1,2,0,2,2,0,0,3,0,0,2,0,0
Gm16548,107,69,107,74,192,13,6,10,4,0,5,76,3
Gm16701,0,0,0,0,0,0,0,0,0,0,0,0,0
Gm20268,0,0,0,0,0,0,0,0,0,0,0,0,0
BC055402,0,0,0,0,0,0,0,0,0,0,0,0,0
Gm2762,0,0,0,0,0,0,0,0,0,0,0,0,0
B230216N24Rik,0,0,0,0,0,0,0,2,0,0,0,0,0
2310043L19Rik,0,0,0,0,0,0,0,0,0,0,0,0,0
0610009B14Rik,0,0,0,0,0,0,0,0,0,0,0,0,0
Hmga2-ps1,42,25,35,46,62,265,66,161,61,66,80,64,44
2310015D24Rik,0,0,0,0,0,0,0,0,0,0,0,0,0
D030040B21Rik,0,0,0,0,0,1,0,0,0,0,0,0,0
4930558J18Rik,0,0,0,0,0,0,0,0,0,0,0,0,0
4921513I03Rik,0,0,0,0,0,0,0,0,0,0,0,0,0
1700027A15Rik,0,0,0,0,0,0,0,0,0,0,0,0,0
4931429P17Rik,0,0,0,0,0,0,0,0,0,0,0,0,0
4933413J09Rik,1,3,3,0,3,3,0,2,0,1,0,4,0
9630028B13Rik,0,0,0,0,0,0,0,0,0,0,0,1,0
9330162B11Rik,0,0,0,0,0,0,1,0,0,0,0,0,0
B230209K01Rik,0,0,0,0,0,0,0,0,0,0,0,0,0
2810408I11Rik,0,1,0,0,0,0,0,3,0,0,0,0,0
5530401A14Rik,0,0,0,0,0,0,0,0,0,0,0,0,0
C730036E19Rik,0,0,0,0,0,0,0,0,0,0,0,0,0
Gm17751,0,0,0,0,0,0,0,0,0,0,0,0,0
Gm17745,0,0,0,0,2,0,0,1,0,0,0,0,0
Gm19395,1,0,0,0,0,4,1,0,0,0,0,1,1
Gm16998,2,0,1,4,1,2,2,5,0,3,1,3,0
Gm15915,0,0,0,0,0,0,0,0,0,0,0,0,0
Gm18409,0,0,0,0,0,0,0,0,0,0,0,0,0
Gm20110,0,0,0,0,0,0,0,0,0,0,0,0,0
Gm20125,0,0,0,0,0,0,0,0,0,0,0,0,0
Gm20139,0,0,0,0,0,0,0,0,0,0,0,0,0
Gm15910,0,1,0,0,1,4,1,1,2,0,2,1,0
4930486F22Rik,0,0,0,0,0,0,0,0,0,0,0,0,0
4933412E12Rik,11,7,12,8,17,22,6,17,3,9,5,4,5
B230208H11Rik,0,0,0,0,0,2,2,1,0,0,0,0,0
1700061I17Rik,0,0,0,0,0,0,0,0,0,0,0,0,0
4930562F07Rik,7,3,9,2,10,8,2,5,2,2,10,3,3
Gm15663,0,0,0,0,0,1,0,1,1,0,4,2,1
4930444F02Rik,0,0,0,0,0,0,0,0,0,0,0,0,0
Gm6150,0,0,0,0,0,0,0,0,0,0,0,0,0
E130307A14Rik,8,6,11,5,10,18,7,18,3,5,10,7,2
2210417K05Rik,0,0,0,2,0,4,0,0,0,0,2,0,0
1700023F02Rik,0,0,0,0,0,0,0,0,0,0,0,0,0
C730027H18Rik,0,0,0,0,0,0,0,0,0,0,0,0,0
2310015B20Rik,0,0,0,1,2,0,0,2,0,0,1,0,1
1700028I16Rik,0,0,0,0,0,0,0,0,0,0,0,0,0
Gm10033,6,4,2,1,4,10,2,9,1,4,5,10,3
Gm10440,0,1,0,0,0,1,0,1,0,0,0,0,0
D130020L05Rik,3,0,0,2,1,9,4,12,2,1,1,2,3
4930546C10Rik,0,0,0,0,0,0,0,0,0,0,0,0,0
Vmn2r-ps159,0,0,0,0,0,0,0,0,0,0,0,0,0
4930579G18Rik,21,7,3,20,17,93,23,37,17,10,18,37,0
2310065F04Rik,0,0,0,0,0,0,0,0,0,0,0,0,0
1500016L03Rik,0,0,0,0,0,0,0,0,0,0,1,0,0
C030037D09Rik,3,1,0,2,0,1,0,5,0,0,1,0,0
1700110I01Rik,0,0,0,0,0,0,0,0,0,0,0,0,0
5830428M24Rik,0,1,0,0,0,0,0,0,1,0,0,0,0
Rplp2-ps1,3,2,0,1,3,9,2,5,3,0,2,0,3
Zfp133-ps,0,0,0,0,0,0,0,0,0,0,0,0,0
Snhg4,2,2,1,0,1,2,0,4,1,0,1,0,3
1700001G11Rik,1,0,0,1,0,0,0,1,0,1,1,0,0
Gm2447,0,0,0,0,0,0,0,0,0,0,0,0,0
Raver1-fdx1l,23,15,31,32,34,67,29,63,24,22,25,34,12
Six3os1,4,14,5,10,1,17,4,12,1,0,9,9,0
Bc1,0,0,0,0,0,0,0,0,0,0,0,0,0
Gm6654,0,0,0,1,0,5,0,3,2,0,0,0,2
AI506816,1,3,0,4,1,9,2,5,0,2,3,1,0
A730098P11Rik,0,2,0,0,6,0,3,2,2,0,2,0,0
Gm11696,9,5,4,6,18,29,4,14,2,6,9,10,6
Olfr230-ps1,0,0,0,0,0,0,0,0,0,0,0,0,0
Gm14327,0,0,0,0,0,0,0,0,0,0,0,0,0
BB283400,0,0,0,0,0,0,0,0,0,0,0,0,0
0610009L18Rik,0,3,2,3,7,4,1,1,0,0,0,2,0
1700085B03Rik,0,0,0,0,0,0,0,0,0,0,0,0,0
4930474N09Rik,0,0,0,0,0,0,0,0,0,0,0,0,0
1810007D17Rik,0,0,0,0,0,0,0,0,0,0,0,0,0
1810018F18Rik,0,0,0,0,0,0,0,0,0,0,0,0,0
1700008K24Rik,0,0,0,0,0,0,0,0,0,0,0,0,0
1700016P04Rik,0,0,0,0,0,0,0,0,0,0,0,0,0
2410004N09Rik,3,1,11,1,5,12,1,8,1,1,2,2,4
1810044D09Rik,0,0,0,2,2,2,1,0,0,0,0,0,0
2610020C07Rik,41,37,29,35,51,140,24,86,36,51,57,30,18
2210019I11Rik,0,0,0,0,0,0,0,0,0,0,0,0,0
5730405O15Rik,1,1,0,2,0,2,1,1,2,0,0,0,0
4921530L18Rik,0,0,0,0,4,0,0,1,0,1,0,0,2
5730457N03Rik,0,0,0,0,0,0,0,0,0,0,0,0,0
0610005C13Rik,0,1,0,0,0,0,0,0,0,0,1,1,0
1600025M17Rik,0,0,0,0,0,0,0,0,0,0,0,0,0
4931403G20Rik,3,3,7,7,5,15,2,14,1,4,4,1,0
2610206C17Rik,0,0,0,0,0,2,0,5,0,0,0,0,0
1700042G15Rik,0,0,0,0,0,0,0,0,0,0,0,0,0
1700061F12Rik,0,0,0,0,0,0,0,0,0,0,0,0,0
1700125H03Rik,0,0,0,0,0,0,0,0,0,0,0,2,0
4930425K10Rik,0,0,0,0,0,0,0,0,0,0,0,0,0
4930423M02Rik,0,0,0,0,0,0,0,0,0,0,0,0,0
C430049B03Rik,2,3,1,3,9,15,2,17,3,3,2,0,2
LOC100616095,6,7,3,6,7,7,3,8,0,0,3,11,7
LOC100041014,0,0,0,0,0,0,0,0,0,0,0,0,0
LOC100041033,0,0,0,0,0,0,0,0,0,0,0,0,0
LOC100041346,0,0,0,0,0,0,0,0,0,0,0,0,0
Gm3143,0,0,0,0,0,0,0,0,0,0,0,0,0
AV039307,17,11,1,5,16,41,4,20,15,9,15,13,7
Gm14718,0,0,0,0,0,0,0,0,0,0,0,0,0
Fam187b,0,2,0,0,3,1,0,5,0,0,5,2,0
Mir3960,0,0,0,0,0,0,0,0,0,0,0,0,0
Mir3096b,0,2,0,0,0,0,0,0,0,0,0,0,0
Mir1843b,0,0,0,0,0,2,0,0,0,0,0,0,0
Mir378b,0,0,0,1,0,1,0,2,0,0,0,2,0
Mir101c,0,0,0,0,0,0,0,0,0,0,0,0,0
Mir3966,0,0,0,0,0,0,0,0,0,0,0,0,0
Mir3967,0,0,0,0,0,0,0,0,0,0,0,0,0
Mir3968,0,0,0,0,0,0,0,0,0,0,0,0,0
Mir3969,0,0,0,0,0,0,0,0,0,0,0,0,0
Mir28b,0,0,0,0,1,0,0,1,0,0,0,0,0
Mir3971,0,0,0,0,0,0,0,0,0,0,0,0,0
Mir5046,1,0,0,0,0,0,2,2,0,0,0,2,0
Mir5098,0,0,0,0,0,0,0,0,0,0,0,0,0
Mir5100,0,0,0,0,0,0,0,0,0,0,0,0,0
Mir5103,0,0,0,0,1,1,0,0,0,0,0,0,0
Mir5104,0,0,0,0,0,0,0,0,0,0,0,0,0
Mir5106,0,0,0,1,0,0,0,0,0,0,0,0,0
Mir3473c,0,1,0,0,1,0,1,0,0,0,0,3,0
Mir5107,38,7,61,55,48,133,55,99,27,10,23,35,28
Mir5108,0,0,0,0,0,0,0,0,0,0,0,0,0
Mir5109,0,0,0,0,0,0,0,0,0,0,0,0,0
Mir5112,0,0,0,0,0,0,0,0,0,0,0,0,0
Mir5114,7,11,6,10,11,36,14,15,9,1,19,9,7
Mir5116,2,0,1,8,0,9,2,5,0,0,5,0,1
Mir5117,1,1,0,4,4,4,0,5,3,1,0,2,4
Mir5119,0,0,0,0,0,0,0,1,0,0,0,0,0
Mir5121,4,1,6,13,16,5,5,7,2,4,3,2,6
Mir5122,0,0,0,1,0,0,2,0,0,0,0,0,0
Mir3473d,0,0,0,0,0,0,0,0,0,0,0,0,0
Mir5123,1,2,0,0,0,0,2,1,0,2,1,1,0
Mir3572,0,0,0,0,0,0,0,0,0,0,0,0,0
Mir5126,0,0,0,0,0,0,0,0,0,0,0,0,0
Mir5127,0,0,0,0,0,0,0,0,0,0,0,0,0
Mir5128,0,0,0,0,0,0,0,0,0,0,0,0,0
Mir5129,0,0,1,5,1,14,3,5,4,1,2,3,0
Mir5130,0,0,0,0,0,0,0,0,0,0,0,0,0
Mir5132,0,0,0,0,0,2,0,0,0,0,0,0,0
Mir5133,0,0,0,0,0,0,0,0,0,0,0,0,0
Mir5134,0,0,0,0,0,1,0,0,0,0,0,0,0
Mir5135,0,0,0,0,0,0,0,0,0,0,0,0,0
Mir5136,0,0,0,0,0,0,0,0,0,0,0,0,0
1700019G24Rik,0,0,0,0,0,0,0,1,0,0,0,0,0
Gm14405,0,0,0,0,0,0,0,0,0,0,0,0,0
2210408F21Rik,3,5,0,3,4,6,1,6,1,0,5,1,2
1700023L04Rik,0,0,0,0,0,1,0,2,0,0,0,0,3
2310001H17Rik,1,1,0,1,4,6,0,6,0,0,1,4,1
2900056M20Rik,16,10,13,18,16,48,9,34,7,9,22,8,30
A730046J19Rik,0,0,0,0,0,0,0,0,0,0,0,0,0
9530051G07Rik,0,0,0,0,0,4,0,1,0,0,0,0,0
9330179D12Rik,0,3,2,1,1,7,0,0,0,0,0,0,0
4732490B19Rik,0,0,1,0,0,0,0,0,0,0,0,0,0
B230378P21Rik,15,1,14,8,18,31,22,28,21,16,7,8,23
E230016M11Rik,1,0,3,1,6,5,1,4,1,0,0,0,2
A730090H04Rik,0,0,0,0,0,0,0,0,0,0,0,0,0
Gm12295,0,0,0,0,0,0,0,0,0,0,0,0,0
3632454L22Rik,0,0,0,0,0,0,0,0,0,0,0,0,0
LOC432562,0,0,0,0,0,0,0,0,0,0,0,0,0
LOC434825,0,0,0,0,0,0,0,0,0,0,0,0,0
Gm11627,1,1,0,0,1,0,0,0,0,0,1,0,0
A730020E08Rik,0,0,0,0,0,1,1,0,0,0,1,0,0
4933424G06Rik,0,0,0,0,0,0,0,0,0,0,0,0,0
6430706D22Rik,146,39,64,80,82,395,118,314,112,121,99,124,61
2310040G24Rik,2,1,2,2,3,14,6,5,3,6,2,1,5
4930414N06Rik,3,2,2,2,3,23,3,15,1,1,1,4,4
Gm12130,0,0,0,0,0,0,0,0,0,0,0,0,0
Gm19434,0,0,0,0,0,0,0,0,0,0,0,0,0
Gm19757,0,0,0,0,0,0,0,0,0,1,0,0,0
4931408D14Rik,0,0,0,0,0,1,0,0,0,0,0,1,0
Gm13845,5,0,0,0,0,0,0,0,1,0,0,0,0
Gm20362,0,0,0,0,0,0,0,0,0,0,0,0,0
LOC433374,0,0,0,0,0,1,0,1,0,0,0,0,0
Gm5833,0,0,0,0,0,0,0,0,0,0,0,0,0
Gm2061,0,0,0,0,0,0,0,0,0,0,0,0,0
6720468P15Rik,0,0,0,0,0,0,0,0,0,0,0,0,1
Apol7d,0,0,0,0,0,0,0,0,0,0,0,0,0
2310069G16Rik,1,0,0,0,0,1,0,0,0,0,1,0,0
1700025B11Rik,0,0,0,0,0,0,0,0,0,0,0,0,0
AI854517,0,0,0,0,0,3,0,1,0,0,0,0,0
1700065I16Rik,0,0,0,0,0,0,0,0,0,0,0,0,0
B230217O12Rik,0,0,2,0,1,4,1,1,0,1,1,2,0
A730082K24Rik,0,0,0,0,0,0,0,0,0,0,0,0,0
2500004C02Rik,4,0,1,1,5,9,6,9,3,0,2,2,0
Gm19424,0,0,0,0,0,0,0,0,0,0,0,0,0
1300015D01Rik,0,0,0,0,0,0,0,0,0,0,0,0,0
4930500J02Rik,0,0,0,0,0,0,0,0,0,0,0,0,0
A730056A06Rik,0,0,0,0,0,0,0,0,0,0,0,0,0
1700017J07Rik,1,0,0,0,1,0,0,0,0,0,0,0,1
E130018N17Rik,1,0,0,0,0,2,0,0,0,0,0,0,0
4833419F23Rik,8,7,3,3,12,10,1,5,5,2,0,3,7
A230077H06Rik,0,0,0,0,0,0,0,0,0,0,0,0,0
AI646519,0,0,0,0,0,0,0,0,0,0,0,0,0
E130215H24Rik,3,0,1,2,2,10,2,4,2,0,1,4,2
A930006I01Rik,0,0,0,0,0,0,0,0,0,0,0,0,0
A230108P19Rik,0,1,0,0,0,1,0,0,0,0,0,0,0
D330023K18Rik,3,2,2,1,0,4,0,4,2,0,0,4,7
D330050G23Rik,0,0,0,4,0,0,1,0,0,0,0,0,0
Gm16982,5,6,15,6,9,20,7,9,6,1,2,7,3
9430076G02Rik,0,0,0,0,0,0,0,0,0,0,0,0,0
Gm19897,12,10,37,26,30,42,31,39,10,14,19,19,13
Gm16157,0,0,0,0,0,0,0,0,0,0,0,0,0
A330093E20Rik,0,0,0,0,0,0,0,3,0,0,0,0,0
Gm15880,5,4,1,6,2,10,0,6,5,3,3,4,1
1810019D21Rik,0,0,0,0,3,0,1,3,0,0,1,0,1
A430075N02,0,1,0,0,0,0,0,0,0,0,0,0,0
4930473A02Rik,62,32,31,59,50,169,44,132,46,44,68,30,11
Gm19466,0,0,0,0,2,2,1,0,0,1,1,0,0
D030024E09Rik,0,0,0,0,0,0,0,0,0,0,0,0,0
Gm5475,0,0,0,0,1,1,1,0,0,0,0,0,0
5430421F17Rik,0,0,0,0,0,0,0,0,0,0,0,0,0
E030013I19Rik,0,0,0,0,1,0,0,0,0,0,0,0,1
C630020P19Rik,3,8,3,10,5,12,6,16,1,0,8,7,4
1700029I01Rik,29,18,13,23,20,77,34,59,21,30,13,14,20
BB557941,0,0,0,0,0,0,0,0,0,0,0,0,1
Gm19276,0,0,0,0,0,0,0,0,0,0,0,0,0
Gm14204,0,0,0,0,0,2,0,0,0,0,0,0,0
Gm19277,0,0,0,0,0,0,0,0,0,0,0,0,0
Gm13483,0,0,0,0,0,2,2,0,0,0,0,0,0
9430091E24Rik,8,1,3,17,13,13,8,18,7,8,12,8,2
Gm13544,0,0,0,0,0,0,0,0,0,0,0,0,0
LOC100642166,0,0,2,0,0,0,0,0,0,0,0,0,0
Gm16796,0,0,0,0,0,0,0,0,0,0,0,0,0
Gm13944,0,0,0,0,0,0,0,0,0,0,0,0,0
Gm13293,5,4,2,1,6,15,6,5,3,2,2,5,0
Gm13752,0,0,0,0,0,0,0,0,0,0,0,0,0
Gm14023,196,170,230,468,544,1267,233,713,190,328,142,242,132
Gm14169,0,6,0,1,0,2,0,1,0,0,1,0,1
2510003D18Rik,0,0,0,0,0,0,0,0,0,0,0,0,0
A230028O05Rik,0,0,0,2,0,2,0,0,0,0,0,2,0
B130034C11Rik,0,0,0,3,0,0,0,0,0,0,0,0,1
Gm16793,1,4,0,1,1,15,1,5,0,0,1,1,0
2310009A05Rik,2,2,6,6,10,10,6,9,4,1,7,12,18
5730403I07Rik,0,0,0,0,0,0,0,0,0,0,0,0,0
G730013B05Rik,0,0,0,0,0,0,0,0,0,0,0,0,0
4930564K09Rik,0,0,0,0,0,0,0,0,0,0,0,0,0
4930520O04Rik,0,0,1,0,0,0,0,1,0,0,0,0,0
C430002E04Rik,0,3,0,1,2,2,0,1,0,0,0,0,0
AI115009,0,0,0,0,0,0,0,0,0,0,0,0,0
AI606473,0,0,0,0,0,0,0,0,0,0,0,0,0
Gm2837,0,0,0,0,0,0,0,0,0,0,0,0,0
Gm10785,6,13,8,7,9,14,3,12,6,3,6,8,11
A730090N16Rik,0,0,0,0,0,1,0,0,0,0,0,0,0
A230001M10Rik,0,0,0,0,0,0,0,0,0,0,0,0,0
1700063D05Rik,0,0,0,0,0,0,0,0,0,0,0,0,0
D430036J16Rik,0,0,0,0,0,1,0,2,0,0,0,0,0
4930570G19Rik,0,0,0,0,0,2,0,1,0,0,0,0,0
C920006O11Rik,0,0,0,5,8,0,3,5,1,1,4,3,1
Gm19522,3,5,0,2,2,17,1,11,1,0,7,3,2
Gm15417,2,1,0,1,0,5,1,3,2,1,4,0,7
Gm6260,0,0,0,0,0,0,0,0,0,0,0,0,0
Gm16845,5,0,2,1,3,2,3,3,1,1,1,0,0
Gm7977,0,0,0,0,0,1,0,0,0,0,1,0,0
Gm15441,760,315,542,561,673,2247,598,1944,612,679,663,654,538
Gm5925,0,0,0,0,0,0,0,0,0,0,0,0,0
Gm11549,0,0,0,0,0,0,0,1,0,0,0,0,0
Gm15471,3,1,1,6,1,6,1,11,5,5,3,3,2
5033403H07Rik,0,0,0,0,0,0,0,0,0,0,0,0,0
Gm12504,1,5,1,0,0,1,0,3,1,3,0,3,0
LOC433944,0,0,0,0,0,0,0,0,0,0,0,0,0
1810021B22Rik,3,0,0,1,1,4,3,3,2,0,2,1,3
2310034G01Rik,0,0,0,0,2,0,0,2,1,0,0,0,0
Gm6568,0,0,0,0,0,0,0,3,0,0,0,0,1
Gm15401,2,0,0,0,0,0,0,1,0,0,0,0,0
2610037D02Rik,0,0,0,0,0,0,0,0,0,0,0,0,0
Gm3925,0,0,0,1,0,0,0,0,0,0,0,0,0
Gm9899,0,0,0,0,1,0,0,0,0,0,0,0,0
Gm19619,0,0,0,0,0,0,0,0,0,0,0,0,0
Gm15408,0,0,0,0,0,0,0,1,0,0,0,0,0
Gm15787,3,2,4,3,2,20,2,7,7,4,6,0,2
Gm15708,1,1,7,4,5,7,1,18,7,2,1,5,0
AU022754,0,0,0,0,0,1,0,0,0,0,0,0,0
E130218I03Rik,6,9,10,5,11,15,5,5,0,4,4,6,1
A730085A09Rik,0,0,0,0,0,0,0,1,0,0,0,0,0
3110045C21Rik,4,2,0,0,0,7,2,3,0,0,1,0,8
1810006J02Rik,2,0,0,0,0,0,0,0,1,0,0,3,2
Alms1-ps2,0,0,0,1,0,0,0,0,0,0,0,0,0
Gm16023,4,8,3,1,3,5,3,9,1,1,5,7,0
AV051173,0,0,2,1,3,1,3,2,1,1,2,1,1
Gm13003,0,0,0,0,0,0,0,0,0,0,0,0,0
Gm12709,0,0,0,1,1,0,0,0,0,0,0,2,0
1700017G19Rik,0,0,0,0,0,0,0,0,0,0,0,0,0
C920021L13Rik,14,7,12,23,14,56,17,47,17,10,18,16,33
1700047G03Rik,0,0,0,0,0,0,0,0,0,0,0,0,0
Gm10007,0,0,0,0,0,0,0,0,0,0,0,0,0
Gm20356,0,0,0,0,0,0,0,0,0,0,0,0,0
4930523O13Rik,0,0,0,0,0,0,0,0,0,0,0,0,0
A430035B10Rik,1,1,0,0,0,2,0,5,3,0,1,0,1
Gm17757,1,4,3,0,5,2,0,1,0,1,0,0,0
4933417E11Rik,0,0,0,0,0,0,0,0,0,0,0,0,0
4933436E23Rik,0,0,0,0,0,0,0,0,0,0,0,0,0
Gm18853,1,4,3,0,5,2,0,1,0,1,0,0,0
4930529K09Rik,0,0,0,0,0,0,0,0,0,0,0,0,0
C230079O03,0,0,0,0,0,1,0,0,0,0,0,0,0
1700016L21Rik,0,0,0,0,0,0,0,0,0,0,0,0,0
Gm19784,0,0,0,0,0,0,0,0,0,0,0,0,0
1700034P13Rik,0,2,2,6,11,15,4,10,3,1,6,3,4
9230112J17Rik,1,0,0,0,1,3,0,1,1,0,1,0,2
1700066B17Rik,0,0,0,0,0,0,0,0,0,0,0,0,0
5830418P13Rik,0,0,0,0,0,0,0,0,0,0,0,0,0
1700063A18Rik,0,0,0,0,0,0,0,0,0,0,0,0,0
1700065J18Rik,0,0,0,0,0,0,0,2,0,0,0,0,0
5031425E22Rik,5,7,15,6,9,43,8,14,5,5,16,9,5
BC033916,0,0,0,0,0,0,1,0,0,0,0,0,0
1700067G17Rik,0,0,0,0,0,0,0,0,0,0,0,0,0
1700112H15Rik,0,0,0,0,0,0,0,0,0,0,0,0,0
4930440C22Rik,0,0,0,0,0,0,0,0,0,0,0,0,0
D16Ertd519e,0,0,0,0,0,0,0,0,0,0,0,0,0
4930448I06Rik,0,0,0,0,0,0,0,0,0,0,0,0,0
4930565N06Rik,5,0,0,2,1,26,2,16,6,1,5,7,1
4930503O07Rik,0,0,0,0,0,0,0,0,0,0,0,0,0
4930533P14Rik,0,0,0,0,0,0,0,0,0,0,0,0,0
4930598F16Rik,0,0,0,0,0,0,0,0,0,0,0,0,0
4930568G15Rik,0,0,0,0,0,0,0,0,0,0,0,0,0
1600019K03Rik,0,0,0,0,0,0,0,0,0,0,0,0,0
C030007H22Rik,0,0,0,0,0,0,0,0,0,0,0,0,0
9530026F06Rik,0,0,0,0,0,0,0,0,0,0,0,0,0
1600002D24Rik,0,0,0,0,0,0,0,0,0,0,0,0,0
1810053B23Rik,0,0,0,0,0,0,0,0,0,0,0,0,0
6720483E21Rik,0,0,0,0,0,0,0,0,0,0,0,0,0
2410088K16Rik,0,0,0,0,0,0,0,0,0,0,0,0,0
1700029J03Rik,0,0,0,0,0,0,0,0,0,0,0,0,0
4930404A05Rik,0,0,0,0,0,0,0,0,0,0,0,0,0
1500002O10Rik,0,0,0,0,2,0,0,0,0,0,0,3,0
1700019E08Rik,0,0,0,0,0,0,0,0,0,0,0,0,0
4933416E03Rik,0,0,0,0,0,0,0,0,0,0,0,0,0
9130015L21Rik,0,0,0,0,0,0,0,0,0,0,0,0,0
1700080N15Rik,0,0,0,0,0,0,0,0,0,0,0,0,0
4930441J16Rik,0,0,0,0,0,0,0,0,0,0,0,0,0
4933406D12Rik,0,0,0,0,0,0,0,0,0,0,0,0,0
8430437L04Rik,0,0,0,0,0,0,0,0,0,0,0,0,0
4930443O20Rik,0,0,0,0,0,1,1,2,0,0,0,0,0
4930405A21Rik,0,0,0,0,0,1,0,0,0,0,0,1,0
4930556C24Rik,0,0,0,0,0,0,0,0,0,0,0,0,0
1700003L19Rik,0,0,0,0,0,0,0,0,0,0,0,0,0
1700024P03Rik,0,1,0,0,0,0,0,0,0,0,0,0,0
1700028P15Rik,0,0,0,0,0,0,0,0,0,0,0,0,0
5330411J11Rik,0,0,0,0,0,0,0,0,0,0,0,0,0
9230102O04Rik,1,0,0,0,0,0,0,0,0,0,0,1,0
1700010K23Rik,0,3,0,3,4,14,0,8,1,0,3,0,0
4930547E08Rik,2,0,0,0,0,0,0,0,0,0,0,0,0
4930528P14Rik,0,0,0,0,0,0,0,0,0,0,0,0,0
4930545L23Rik,0,0,0,0,0,0,0,0,0,0,0,0,0
Gm4262,0,0,0,0,0,0,0,1,0,0,0,0,0
4933425H06Rik,0,0,0,0,0,0,0,0,0,0,0,0,0
2310069B03Rik,1,0,2,0,0,0,0,0,0,0,0,0,0
4932412D23Rik,0,0,0,0,0,0,0,0,0,0,0,0,0
1700025N23Rik,5,1,1,1,5,7,2,4,2,1,0,3,0
6430548G04,0,0,0,0,0,0,0,0,0,0,0,0,0
1700049E22Rik,0,0,0,0,0,0,0,0,0,0,0,0,1
1700065J11Rik,0,0,0,0,0,0,0,0,0,0,0,0,0
1700069P05Rik,0,0,0,0,0,0,0,0,0,0,0,0,0
Gm9926,0,0,0,0,0,0,0,0,0,0,0,0,0
Gm13807,1,3,2,7,5,16,3,11,3,0,7,2,4
Gm10714,1,0,0,0,0,7,0,1,0,0,0,0,2
1700029B22Rik,0,0,0,0,0,0,0,0,0,0,0,0,0
Gm10804,1,0,0,1,1,0,0,0,3,0,0,4,0
Gm10548,0,1,0,0,1,6,0,1,1,2,1,2,0
1700119H24Rik,0,0,0,0,0,0,0,0,0,0,0,0,0
4930529L06Rik,0,0,0,0,0,0,0,0,0,0,0,0,0
1700007F19Rik,0,0,0,1,0,0,0,1,0,0,0,0,0
2410007B07Rik,0,0,0,0,0,0,0,0,0,0,0,0,0
4933401H06Rik,1,0,0,0,0,0,0,0,0,0,0,3,0
5430434I15Rik,0,0,0,0,0,0,0,0,0,0,0,0,0
1700036G14Rik,0,0,0,0,0,0,0,0,0,0,0,0,0
4930406D18Rik,1,0,0,0,0,0,0,0,0,1,0,0,0
4930433B08Rik,0,0,0,0,0,0,0,0,0,0,0,0,0
4930425O10Rik,0,0,0,0,0,0,0,1,0,0,0,0,0
4930509J09Rik,0,0,0,0,0,0,0,0,0,0,0,0,0
1700125G22Rik,0,1,0,0,0,0,0,0,0,0,0,0,0
A930001A20Rik,0,0,0,0,0,0,0,0,0,0,0,0,0
A830019L24Rik,0,0,0,0,0,0,0,0,0,0,0,0,0
9830132P13,0,0,0,0,0,0,0,0,0,0,0,0,0
9330178D15Rik,0,0,0,0,0,0,0,0,0,0,0,0,0
1700007P06Rik,0,0,0,0,0,0,0,0,0,0,0,0,0
LOC622124,0,0,0,0,0,0,0,0,0,0,0,0,0
Gm6634,0,0,0,0,0,0,0,0,0,0,0,0,0
LOC626082,0,0,0,0,0,0,0,0,0,0,0,0,0
4933439K11Rik,0,1,2,0,2,5,0,2,0,0,2,0,0
LOC626410,0,0,0,0,0,0,0,0,0,0,0,0,0
Gm12522,0,1,0,1,1,2,0,0,0,0,0,0,1
4931420L22Rik,0,0,0,0,0,0,0,0,0,0,0,0,0
2810442N19Rik,0,0,0,0,0,1,0,0,2,0,0,0,0
Gm10560,3,0,0,0,2,3,2,1,0,0,2,2,0
4930547E14Rik,0,0,0,0,0,0,0,0,0,0,0,0,0
4930542C21Rik,0,0,0,0,0,0,0,0,0,0,0,0,0
4930542D17Rik,0,0,0,0,0,0,0,0,0,0,0,0,0
4930553E22Rik,0,0,0,0,0,0,0,0,0,0,0,0,0
1700022E09Rik,0,0,0,0,0,0,0,0,0,0,0,0,0
4930478L05Rik,0,0,0,2,0,1,1,2,0,1,0,0,0
4930455F16Rik,0,0,0,0,0,0,0,0,0,0,0,0,0
1700041M19Rik,0,0,0,0,0,0,0,0,0,0,0,0,0
1810007I06Rik,0,0,0,0,0,0,0,0,0,0,0,0,0
4930578N18Rik,0,0,0,0,0,0,0,0,0,0,0,0,0
4930567J20Rik,0,0,0,0,0,0,0,0,0,0,0,0,0
1700123M08Rik,1,0,0,0,0,1,0,3,1,1,1,2,0
1700025F24Rik,0,0,0,0,0,0,0,0,0,0,0,0,0
1700010J16Rik,0,0,0,0,0,0,0,0,0,0,0,0,0
1700094J05Rik,4,0,8,4,3,10,1,12,2,0,3,4,0
1700027J07Rik,0,0,0,0,0,0,0,0,0,0,0,0,0
1700010I02Rik,0,0,0,0,0,0,0,0,0,0,0,0,0
2410057H14Rik,0,0,0,0,0,0,0,0,0,0,0,0,1
6330410L21Rik,0,2,0,0,0,0,0,0,0,0,0,0,0
E330009D11,0,0,0,0,0,0,0,0,0,0,0,0,0
1700030L20Rik,0,0,0,0,0,0,0,0,0,0,0,0,0
4931419H13Rik,0,0,0,0,0,0,0,0,0,0,0,0,0
1700027H10Rik,0,0,0,0,0,0,0,0,0,0,0,0,0
4930419G24Rik,0,0,0,0,0,0,0,0,0,0,0,0,0
4930455H04Rik,5,4,6,1,3,7,1,6,3,0,13,4,2
4930539M17Rik,0,0,0,0,0,0,0,0,0,0,0,0,0
4930539N22Rik,0,0,0,0,0,0,0,0,0,0,0,0,0
4930539C22Rik,0,0,0,0,0,0,0,0,0,0,0,0,0
4930487H11Rik,1,2,0,0,1,2,0,0,0,0,0,0,0
4930521E06Rik,0,0,0,0,0,0,0,0,0,0,1,0,0
2310030A07Rik,0,0,0,0,0,0,0,1,0,0,0,0,0
4930590L20Rik,0,0,1,0,0,0,0,0,0,0,0,0,0
D530049I02Rik,0,0,0,0,0,0,0,0,0,0,0,0,0
4931402G19Rik,8,5,7,8,9,37,10,24,10,6,4,6,3
2010009K17Rik,1,0,0,0,0,0,0,0,0,0,0,0,0
1700040N02Rik,0,0,0,0,0,0,0,1,0,0,0,0,0
4930517E11Rik,0,0,0,0,0,0,0,0,0,0,0,0,0
4930583P06Rik,0,0,0,0,0,0,0,0,0,0,0,0,0
4930471I20Rik,1,2,3,6,1,2,1,3,0,0,2,0,0
4930533B01Rik,0,0,0,0,0,2,0,0,0,0,0,0,0
8030442B05Rik,5,0,4,5,8,14,4,8,4,3,5,1,1
A130077B15Rik,9,7,1,5,7,25,4,33,11,11,4,4,4
C330008G21Rik,0,0,0,0,0,0,0,0,0,0,0,0,0
9030204H09Rik,0,0,0,0,0,0,0,0,0,0,0,0,0
A930019D19Rik,0,1,0,0,0,0,0,0,0,1,0,0,0
4930573O16Rik,0,0,0,0,0,0,0,0,0,0,0,0,0
D930015M05Rik,0,1,1,0,1,2,0,1,1,0,0,0,1
A430092G05Rik,0,1,0,2,0,3,0,2,0,0,0,0,0
LOC329427,0,3,1,3,1,1,0,1,0,0,4,1,2
D030045P18Rik,0,0,0,0,0,0,0,0,0,0,0,0,0
9430032N09Rik,2,7,4,1,3,8,0,5,0,0,9,0,2
9230105E05Rik,0,0,0,0,0,0,0,0,0,0,0,0,0
4930488B22Rik,0,0,0,0,0,0,0,0,0,0,0,0,0
Gm17066,177,59,90,114,120,186,44,148,53,45,54,90,23
4930452N14Rik,0,0,0,0,0,0,0,0,0,0,0,0,0
LOC626049,0,0,0,0,1,0,0,0,0,0,1,0,0
4930412B13Rik,0,0,0,0,0,0,0,1,0,0,0,0,0
4930515L03Rik,0,0,0,0,0,0,0,0,0,0,0,0,0
4930555B11Rik,0,0,0,0,0,0,0,0,0,0,0,0,0
2310005A03Rik,0,0,0,0,0,0,0,0,0,0,0,0,0
9430019J16Rik,0,0,0,0,0,0,0,0,0,0,0,0,0
A730015I17,0,0,0,0,0,0,0,0,0,0,0,0,0
Gm14015,0,0,0,0,0,0,0,0,0,0,0,0,0
4930565A17,0,0,0,0,0,0,0,0,0,0,0,0,0
Gm13490,0,0,0,0,0,0,0,0,0,0,0,0,0
0610043K17Rik,0,0,0,0,0,1,0,0,0,1,0,0,0
1810035I16Rik,0,0,0,0,0,0,0,0,0,0,0,0,0
Mipep,30,32,38,40,28,67,26,47,21,6,38,18,32
2210414B05Rik,0,0,0,2,0,0,0,0,0,0,0,0,0
4933428C19Rik,0,0,0,0,0,0,0,0,0,0,0,0,0
8430436N08Rik,0,0,0,0,0,0,0,0,0,0,0,0,0
A330049N07Rik,0,0,0,0,0,1,0,0,0,0,0,0,0
1700003M07Rik,0,1,0,1,0,2,0,0,0,1,0,0,0
1700045H11Rik,0,0,0,0,0,0,0,0,0,0,0,0,0
1700125G02Rik,0,0,0,0,0,0,0,0,0,0,0,0,0
2410114N07Rik,0,0,0,0,0,0,0,0,0,0,0,0,0
Gm872,2,4,0,1,0,10,1,5,0,0,3,7,1
4930515B02Rik,0,0,0,0,0,0,0,0,0,0,0,0,0
4930556G01Rik,0,0,0,0,0,0,0,0,0,0,0,0,0
4930548K13Rik,0,0,0,0,0,0,0,0,0,0,0,0,0
D830005E20Rik,0,0,0,0,0,0,0,0,0,0,0,0,0
C330046G13Rik,0,0,0,0,0,0,0,0,0,0,1,0,0
Gm5860,0,0,0,0,0,0,0,0,0,0,0,0,0
LOC100504703,0,2,0,1,1,5,1,5,0,0,1,1,3
4930552N02Rik,0,0,0,0,0,0,0,0,0,0,0,0,0
4930509K18Rik,0,0,0,0,0,0,0,0,0,0,0,0,0
8030443G20Rik,0,0,0,0,0,0,0,0,0,0,0,0,0
4930522O17Rik,0,0,0,0,0,0,0,0,0,0,0,0,0
2900093L17Rik,5,23,2,9,4,13,4,21,4,0,10,0,12
A630077J23Rik,0,1,0,0,0,0,0,0,1,0,0,0,0
C630028M04Rik,0,0,0,0,0,0,0,0,0,0,0,0,0
Gm12530,0,0,0,0,0,0,0,0,0,0,0,0,0
BC039966,0,0,0,0,0,0,0,0,0,0,0,0,0
LOC545691,0,0,0,0,0,0,0,0,0,0,0,0,0
LOC622167,0,0,0,0,0,0,0,0,0,0,0,0,0
Gm12505,0,0,0,0,0,0,0,0,0,0,0,0,0
1700095B10Rik,6,2,5,5,5,19,5,8,7,5,4,12,0
2310034O05Rik,0,1,0,2,0,2,0,1,2,0,0,3,0
LOC100503496,120,73,85,181,148,603,150,398,131,142,154,160,84
1700027F09Rik,0,0,0,0,0,0,0,0,0,0,0,0,0
4933402J10Rik,0,0,0,0,0,0,0,0,0,0,0,0,0
4933426D04Rik,0,0,0,0,0,1,0,0,0,0,1,0,0
4933438B17Rik,0,0,0,0,0,0,0,0,0,0,0,0,0
8430423G03Rik,0,0,0,0,0,0,0,0,0,0,0,0,0
1700025M24Rik,0,0,0,0,0,0,0,0,0,0,0,0,0
Gm6329,0,0,0,0,0,0,0,0,0,0,0,0,0
1700047L14Rik,0,0,0,0,0,0,0,0,0,0,0,0,0
Gm10664,0,0,0,0,0,0,0,0,0,0,0,0,0
1700081H04Rik,0,0,0,0,0,0,0,0,0,0,0,0,0
4930413E15Rik,0,0,0,0,0,0,0,0,0,0,0,0,0
1700126H18Rik,0,0,0,0,0,1,0,0,0,0,0,0,1
4930448I18Rik,0,0,0,0,0,0,0,0,0,0,0,0,0
Gm10637,0,0,0,0,0,0,0,0,0,0,0,0,0
AW046200,0,1,6,2,2,13,2,4,1,0,2,1,1
4930429D17Rik,0,0,0,0,0,0,0,0,0,0,0,0,0
4930448H16Rik,0,0,0,0,0,0,0,0,0,0,0,0,0
4930500L23Rik,0,0,0,0,0,0,0,0,0,0,0,0,0
6030466F02Rik,0,0,0,0,0,0,0,0,0,0,0,0,0
4930557J02Rik,0,0,0,0,0,0,0,0,0,3,0,0,0
4930563F08Rik,0,0,0,0,0,0,0,0,0,0,0,0,0
B930025P03Rik,0,3,0,0,0,0,0,0,0,0,0,0,0
B930018H19,0,0,0,0,0,0,0,0,0,0,0,0,0
1110046J04Rik,0,0,1,4,0,0,0,3,1,0,0,0,2
E130102H24Rik,7,1,2,7,4,9,0,4,6,1,3,1,2
A930011O12Rik,0,0,0,0,0,0,0,1,0,0,0,0,0
1110036E04Rik,0,0,0,0,0,0,0,0,0,0,0,0,2
2310014F07Rik,14,8,11,8,12,0,1,0,2,1,1,8,0
4933422A05Rik,0,0,0,0,0,0,0,0,0,0,0,0,0
4933432G23Rik,0,0,0,0,0,0,0,0,0,0,0,0,0
C130083M11Rik,2,1,0,1,2,4,5,3,1,0,4,1,1
4933433G15Rik,0,2,1,0,0,4,1,2,4,3,2,1,2
1700003G13Rik,0,0,0,0,0,0,0,0,0,0,0,0,0
Snhg5,34,23,18,59,64,110,26,55,26,28,23,19,34
3110039I08Rik,0,0,0,0,0,0,0,0,0,0,0,0,0
1700055C04Rik,0,0,0,0,0,0,0,0,0,0,0,0,0
1700072B07Rik,0,0,0,0,0,0,0,0,0,0,0,0,0
1700110K17Rik,1,7,0,4,2,9,4,9,1,0,3,4,2
4930430J02Rik,0,0,0,0,0,0,0,1,0,0,0,0,0
4930428G15Rik,0,0,0,0,0,0,0,0,0,0,0,0,0
4933407I05Rik,0,0,0,0,0,0,0,0,0,0,0,0,0
4833428L15Rik,0,0,0,0,0,0,0,0,0,0,0,0,0
4930429F24Rik,0,0,0,1,0,2,0,0,0,0,2,1,0
4930524O08Rik,0,0,0,0,0,0,0,0,0,0,0,0,0
4930461G14Rik,0,0,0,0,0,0,1,0,0,0,0,0,0
4930502A04Rik,0,0,0,0,0,0,0,0,0,0,0,0,0
4930525D18Rik,0,0,0,0,0,0,0,0,0,0,0,0,0
4930554C24Rik,0,0,0,0,0,0,0,0,0,0,0,0,0
4930596M17Rik,0,0,0,0,0,1,0,0,0,0,0,0,0
1700027I24Rik,0,0,0,0,0,0,0,0,0,0,0,0,0
1700020M21Rik,0,0,0,0,0,0,0,0,0,0,0,0,0
2600006L11Rik,0,0,0,0,0,0,0,0,0,0,0,0,0
7630403G23Rik,0,0,0,0,0,0,0,0,0,0,0,0,0
B230312C02Rik,0,0,0,0,0,1,0,0,1,0,0,0,0
4930540M03Rik,0,0,0,0,0,0,0,0,0,0,0,0,0
4930442J19Rik,0,0,0,0,0,0,0,0,0,0,0,0,0
Gm6639,0,0,0,0,0,0,0,0,0,0,0,0,0
LOC622070,2,1,0,0,1,1,0,1,0,0,0,2,0
LOC624759,0,0,0,0,0,0,0,0,0,0,0,0,0
Gm10745,0,0,0,0,0,0,0,0,0,0,0,0,0
4930565D16Rik,0,0,0,0,0,0,0,0,0,0,0,0,0
4930593C16Rik,0,0,0,0,0,0,0,0,0,0,0,0,0
4930546K05Rik,0,0,0,0,0,0,0,0,0,0,0,0,0
4930568E12Rik,0,0,0,0,0,0,0,0,0,0,0,0,0
1700034K08Rik,0,0,0,0,0,0,0,0,0,0,0,0,0
0610040F04Rik,1,0,1,4,6,1,2,2,0,0,0,1,0
1700095B22Rik,0,0,0,0,0,0,0,0,0,0,0,0,0
AU023762,0,0,0,0,0,0,0,0,0,0,0,0,0
4930511E03Rik,0,0,0,0,0,0,0,0,0,0,0,0,0
4930519F24Rik,0,0,0,0,0,0,0,0,0,0,0,0,0
4932413F04Rik,0,0,0,0,0,0,0,0,0,0,0,1,0
B230323A14Rik,0,0,0,0,0,0,0,0,0,0,0,0,0
9430037G07Rik,0,0,2,2,0,1,0,1,0,0,1,2,0
Gm5122,0,0,0,0,0,2,0,0,0,0,0,0,0
4930480G23Rik,0,0,0,0,0,0,0,0,0,0,0,0,0
A730043L09,0,0,0,0,0,0,0,0,0,0,0,0,0
4933400C23,0,0,0,0,0,0,0,0,0,0,0,0,0
LOC626904,0,0,0,0,0,0,0,0,0,0,0,0,0
1700057H15Rik,0,0,0,0,0,0,0,0,0,0,0,0,0
2210039B01Rik,0,0,0,0,0,0,0,0,0,0,0,0,0
4933406C10Rik,0,2,2,0,0,1,1,0,0,0,0,0,0
Gm5441,0,0,0,0,0,0,0,0,0,0,0,0,0
Gm6213,0,0,0,0,0,0,0,0,0,0,0,0,0
Gm6268,0,0,0,0,0,0,0,0,0,0,0,0,0
Gm6367,0,0,0,0,0,0,0,0,0,0,0,0,0
Gm6936,0,0,0,0,0,0,0,0,0,0,0,0,0
Gm16497,0,0,0,0,0,0,0,0,0,0,0,0,0
Gm20257,3,4,0,1,1,5,1,2,0,0,0,0,0
Gm20300,9,33,19,15,14,36,10,29,14,9,31,3,16
Gm15987,1,3,0,3,1,2,0,0,0,0,0,1,0
Gdap10,18,9,5,5,11,23,7,17,6,13,8,14,6
2700038G22Rik,0,5,3,1,2,5,2,4,1,2,4,3,1
1700101O22Rik,0,0,0,0,0,0,0,0,0,0,0,0,0
2610035F20Rik,0,0,0,2,2,0,1,7,1,0,1,0,0
2810011L19Rik,1,0,0,0,0,2,1,0,0,0,1,0,0
Gm19990,0,0,0,0,0,0,0,0,0,0,0,0,0
Gm20063,0,0,0,0,0,0,0,0,0,0,0,0,0
9130015A21Rik,0,0,0,0,1,0,0,0,0,0,0,0,0
Gm20187,0,0,0,0,0,0,0,0,0,0,0,0,0
2610307P16Rik,0,0,1,2,1,3,0,6,1,0,0,2,2
3110056K07Rik,3,6,0,8,7,18,8,21,3,2,4,7,7
Gm20337,0,0,0,0,0,1,0,0,0,0,0,2,0
4930431P03Rik,0,0,0,0,0,0,0,0,0,0,0,0,0
4930452G13Rik,0,0,0,0,0,3,0,0,0,0,0,0,0
4921525O09Rik,0,0,0,0,1,0,0,0,0,0,1,0,3
Gm11351,0,0,0,0,0,0,0,0,0,0,0,0,0
4930556M19Rik,4,3,4,1,1,5,1,5,0,0,3,0,6
Gm20324,0,0,0,0,0,0,1,0,0,1,1,0,0
Gm16576,8,0,1,8,8,11,3,12,1,3,4,7,1
4930592A05Rik,20,27,11,33,24,33,11,39,7,9,19,24,32
Gm19782,0,0,0,0,0,0,0,0,0,0,0,0,0
A330102I10Rik,0,0,0,0,0,0,0,1,0,0,0,0,0
Gm19510,1,0,0,3,4,13,0,1,0,1,2,2,0
Gm3716,2,0,0,2,4,5,6,1,1,1,3,0,2
3300005D01Rik,0,0,0,0,0,0,0,2,0,1,0,0,0
E030019B13Rik,0,0,0,6,0,3,0,1,0,0,1,0,0
AI197445,0,0,0,0,0,1,0,0,0,0,0,0,3
Gm2721,0,0,0,0,0,0,0,0,0,0,0,0,0
AW495222,0,4,0,5,1,5,1,2,0,0,1,0,1
A330076C08Rik,0,0,0,0,0,0,0,0,0,0,0,0,0
Gm16677,0,0,0,0,0,0,0,0,0,0,0,0,0
Gm19303,0,0,0,0,0,0,0,0,0,0,0,0,0
Gm9920,0,0,2,0,0,2,1,1,0,0,3,1,0
Gm19689,1,2,0,1,1,1,0,5,0,1,0,3,4
Gm20098,0,0,0,0,0,0,0,0,0,0,0,0,0
Gm2115,1,6,0,2,1,8,0,4,0,1,2,0,2
Gm11762,0,0,0,0,0,0,0,0,0,0,0,0,0
Gm12159,0,0,0,0,0,0,0,0,0,0,0,0,0
Gm11985,0,0,0,0,0,0,0,0,0,0,0,0,0
Gm2027,1,2,0,0,0,0,0,2,1,0,0,1,0
Gm18756,1,0,0,0,0,0,1,2,1,1,0,1,1
1110028F11Rik,0,1,0,0,0,0,1,0,0,0,0,0,0
1700012I11Rik,0,0,0,0,0,0,0,0,0,0,0,0,0
6330415B21Rik,0,0,0,0,0,0,0,0,0,0,0,0,0
AA536875,0,0,0,0,0,0,0,0,0,0,0,0,0
BC051226,0,1,1,1,1,2,0,2,0,0,0,0,3
4921525B02Rik,0,0,0,1,0,3,0,3,0,0,1,0,0
4922502N22Rik,0,0,0,0,0,0,0,0,0,0,0,0,0
LOC433047,0,0,0,0,0,0,0,0,0,0,0,0,0
9330175M20Rik,0,0,0,0,0,0,0,0,0,0,0,0,0
E130008D07Rik,0,0,0,0,0,0,0,0,0,0,0,0,0
G630093K05Rik,6,8,1,3,2,6,2,5,1,0,7,4,3
Gm7008,1,0,0,0,0,0,0,0,0,0,0,0,0
4933411G06Rik,0,0,0,0,0,0,0,0,0,0,0,0,0
4933427I22Rik,0,0,0,0,0,0,0,0,0,0,0,0,0
A830009L08Rik,1,0,0,0,0,0,0,0,1,0,1,1,0
A330048O09Rik,5,4,2,10,9,18,12,20,1,0,9,9,14
4933431G14Rik,0,1,0,1,0,5,0,1,0,1,4,3,0
Slc2a4rg-ps,5,2,15,2,3,11,5,16,3,1,5,12,3
4930593A02Rik,0,0,0,0,0,1,0,0,0,0,0,0,0
4930447N08Rik,1,7,2,1,2,6,1,5,0,0,0,3,0
2010310C07Rik,0,0,0,1,0,1,0,1,0,0,0,0,0
Gm10336,98,20,24,38,37,197,49,170,46,76,61,43,19
1700012D01Rik,1,1,2,3,0,5,2,0,1,3,0,3,2
2610316D01Rik,0,0,0,0,0,0,0,3,0,0,1,0,0
F730035M05Rik,0,0,0,0,0,0,0,0,0,0,0,0,0
2700081L22Rik,0,3,0,0,1,2,0,0,0,0,1,2,0
2810468N07Rik,3,0,4,3,2,9,1,2,3,3,2,0,2
2900055J20Rik,0,0,0,0,0,0,0,0,0,0,0,0,0
1700042O10Rik,0,0,0,0,0,0,0,0,0,0,0,0,0
Gm8633,0,0,0,0,0,0,0,0,0,0,0,0,0
4932702P03Rik,2,1,0,4,3,4,1,6,1,1,1,1,2
4931431B13Rik,0,0,0,0,1,0,0,2,0,0,1,0,0
1700123O12Rik,0,0,0,0,0,0,0,0,0,0,0,0,0
4930430F21Rik,0,0,0,0,0,0,0,0,0,0,0,0,0
4833417C18Rik,0,3,0,1,0,1,0,3,2,1,2,0,0
E330017L17Rik,0,0,0,0,0,1,0,0,0,0,1,0,0
4930525G20Rik,1,1,0,0,0,1,2,3,0,0,3,0,0
A830082K12Rik,0,1,0,0,0,2,1,0,0,0,0,2,0
Mira,0,0,0,0,0,0,0,0,0,0,0,0,0
AI847159,0,0,0,0,0,0,0,0,0,0,1,0,0
2010003O02Rik,1,4,3,8,3,17,2,8,3,1,1,5,10
Gm15545,1,1,3,1,3,7,0,5,1,0,0,4,2
Gm16336,0,0,0,0,1,0,0,1,0,0,0,0,0
2810013P06Rik,9,15,11,11,11,35,2,22,4,5,10,9,3
1700011J10Rik,2,2,1,5,7,9,7,9,4,3,2,3,2
1700101I11Rik,2,1,1,4,5,10,3,9,4,0,2,1,2
2400009B08Rik,0,1,0,0,0,0,0,1,0,0,0,0,1
1110015O18Rik,0,0,0,0,0,0,0,0,0,0,0,0,0
1700013G23Rik,2,0,0,0,1,1,0,2,0,0,2,0,2
5430437J10Rik,0,0,0,0,1,1,0,0,0,0,0,0,0
8430429K09Rik,3,2,8,2,0,7,1,4,0,2,6,2,6
LOC432958,0,0,0,0,0,0,0,0,0,0,0,0,0
BC048602,0,0,0,0,0,0,0,0,0,0,0,0,0
B230214G05,0,0,0,0,0,0,0,0,0,0,0,0,0
Gm10433,0,0,0,0,0,1,0,0,0,0,0,1,0
Gm15941,0,0,0,0,0,0,0,0,0,0,0,0,0
Gm16551,0,0,0,0,0,0,0,0,0,0,0,0,0
Gm5083,0,0,0,0,0,0,0,3,0,0,0,0,0
1700097N02Rik,0,0,0,0,0,0,0,0,0,0,0,0,0
1700064M15Rik,0,0,0,0,3,0,0,2,0,0,0,0,0
2610019E17Rik,0,1,0,0,1,3,5,3,0,0,1,0,4
4732491K20Rik,0,2,3,4,7,12,2,9,2,3,2,0,1
D630013N20Rik,0,0,0,0,0,0,0,0,0,0,0,0,0
D630045M09Rik,0,0,0,2,0,5,2,0,0,0,1,1,0
Gm4285,3,0,1,1,3,11,2,2,1,1,2,3,1
2810029C07Rik,0,0,0,5,0,9,1,8,0,1,1,5,0
1700074H08Rik,0,0,0,0,0,0,0,0,0,0,0,0,0
4932411L15,0,0,0,0,0,0,0,0,0,0,0,0,0
2900009J06Rik,0,0,0,1,0,0,0,0,0,0,0,0,1
2900076A07Rik,3,2,1,0,3,10,1,3,3,3,1,1,7
1700048M11Rik,3,0,0,0,0,0,0,0,0,0,1,2,0
1810008I18Rik,0,0,0,0,0,0,0,0,0,0,0,0,0
1700102H20Rik,2,0,0,0,0,1,1,1,0,0,0,0,0
1700030N03Rik,0,0,0,0,0,0,0,0,0,0,0,0,0
AU040972,0,0,0,0,0,0,1,0,0,1,0,2,0
4931403E22Rik,4,12,6,10,7,19,6,22,9,2,7,12,4
4933429K18Rik,0,0,0,0,0,0,0,2,0,0,0,0,0
2700089I24Rik,0,0,0,0,0,0,0,0,0,0,0,0,0
A430088P11Rik,0,0,0,0,0,0,0,0,0,0,0,0,0
6030407O03Rik,0,1,0,0,0,0,0,0,0,0,0,0,0
A430071A18Rik,7,0,9,9,12,11,7,9,0,6,4,14,1
9830166K06Rik,0,1,0,0,0,0,0,1,0,0,0,0,0
1700039E22Rik,0,0,0,0,0,0,0,0,0,0,0,0,0
4930524O05Rik,0,0,0,0,0,0,0,0,0,0,0,0,0
4930526L06Rik,0,0,0,0,0,1,0,1,0,0,2,0,0
4930552P12Rik,0,0,5,0,0,3,0,1,2,0,0,0,0
4930449E18Rik,0,0,0,0,0,0,0,0,0,0,0,0,0
1700054A03Rik,0,0,0,0,0,0,0,0,0,0,0,0,0
Gm14635,0,0,0,0,0,0,0,0,0,0,0,0,0
Gm19557,4,4,1,2,1,3,1,3,1,1,3,2,0
Gm14827,0,0,0,0,0,0,0,2,0,0,0,0,0
Gm19705,1,2,0,0,1,3,0,4,0,0,0,1,4
A330009N23Rik,0,0,0,3,1,2,0,7,0,2,0,1,1
A330032B11Rik,0,0,0,2,0,0,0,1,0,0,0,0,0
D930032P07Rik,0,0,0,0,0,0,0,0,0,0,0,0,0
Gm6307,0,0,0,0,0,0,0,0,0,0,0,0,0
E330023G01,0,0,0,0,0,0,0,0,0,0,0,0,0
Gm1715,0,0,0,0,0,0,0,0,0,0,0,0,0
B930092H01Rik,0,0,0,0,0,0,0,2,0,0,0,0,0
Gm13582,0,0,0,0,0,0,0,0,0,0,1,4,0
Gm10635,0,0,0,0,0,0,0,0,0,0,0,0,0
2310039L15Rik,0,0,0,0,0,0,0,0,0,0,0,0,0
5730420D15Rik,0,0,0,0,0,0,0,2,0,0,0,0,0
Gm13539,0,0,0,0,0,0,0,0,0,0,0,0,0
5730435O14Rik,0,0,4,0,1,1,1,1,0,0,0,0,0
4933411E08Rik,0,0,0,0,0,0,0,0,0,0,0,0,0
E030044B06Rik,0,0,0,0,0,0,0,0,0,0,0,0,0
4933440J02Rik,0,0,0,0,0,0,0,0,0,0,0,0,0
1700030O20Rik,0,0,0,0,0,0,0,0,0,0,0,0,0
Gm11648,10,0,3,3,2,9,1,5,3,2,2,4,2
2610016A17Rik,0,0,0,0,0,0,0,0,0,0,0,0,0
1700064J06Rik,0,0,0,0,0,0,0,0,0,0,0,0,0
4930401C15Rik,0,0,0,0,0,0,0,0,0,0,0,0,0
4930405J17Rik,0,0,0,0,0,0,0,0,0,0,0,0,0
4930455C13Rik,2,0,6,7,15,20,8,22,6,6,8,4,6
4930467K11Rik,0,0,0,0,0,0,0,0,0,0,0,0,0
4930483K19Rik,1,1,1,1,2,6,0,1,3,0,1,4,1
C130060C02Rik,0,0,0,0,0,0,0,0,0,0,0,0,0
4930473O22Rik,0,0,0,0,0,0,0,0,0,0,0,0,0
4930545H06Rik,0,0,0,0,0,0,0,0,0,0,0,0,0
4930556N09Rik,0,0,0,0,0,0,0,0,0,0,0,0,0
4930564G21Rik,0,0,0,0,0,0,0,0,0,0,0,0,0
2210409D07Rik,0,0,0,0,0,0,0,0,0,0,0,0,0
4921531P14Rik,0,0,0,0,0,0,0,0,0,0,0,0,0
Gm6602,0,0,0,0,0,0,0,0,0,0,0,0,0
1700024F13Rik,0,0,0,1,0,3,0,2,0,0,0,0,0
4930518P08Rik,0,0,0,0,0,0,0,0,0,0,0,0,0
2900057B20Rik,0,0,0,0,0,0,0,0,0,0,0,0,0
1700091E21Rik,0,0,0,0,0,0,0,0,0,0,0,0,0
A630012P03Rik,0,0,0,0,0,0,0,0,0,0,0,0,0
1700120E14Rik,0,0,0,0,0,0,0,0,0,0,0,0,0
4930568K20Rik,0,0,0,0,0,0,0,0,0,0,0,0,0
4930572K03Rik,0,0,0,0,0,0,0,0,0,0,0,0,0
4933424G05Rik,0,0,0,0,0,0,1,0,0,0,0,2,0
8430422H06Rik,0,0,0,0,0,0,0,0,0,0,0,0,0
4930545E07Rik,0,0,0,0,0,0,0,0,0,0,0,0,0
4930549G23Rik,12,7,4,16,14,19,9,22,8,5,16,4,10
1700028D13Rik,0,0,0,0,0,0,0,0,0,0,0,0,0
4930563E18Rik,0,0,0,0,0,0,0,0,0,0,1,0,0
1700034I23Rik,0,0,0,0,0,1,0,0,0,0,0,0,0
4930455D15Rik,0,0,0,0,0,0,0,0,0,0,0,0,0
1700063O14Rik,0,0,0,0,0,0,0,0,0,0,0,0,0
5830416I19Rik,0,0,0,0,0,0,0,0,0,0,0,0,0
1700065O20Rik,0,0,0,0,0,0,0,0,0,0,0,0,0
2210420H20Rik,0,0,0,0,0,0,0,0,0,0,0,0,0
D730045A05Rik,0,1,0,1,3,0,0,0,2,0,0,0,2
4930578E11Rik,0,0,0,0,0,0,0,0,0,0,0,0,0
Gm10731,0,0,0,0,0,0,0,0,0,0,0,0,0
2010010A06Rik,0,0,0,0,0,0,0,1,0,0,0,0,0
4930527G23Rik,0,0,0,0,0,0,0,0,0,0,0,0,0
1700034G24Rik,0,0,0,0,0,0,0,0,0,0,0,0,0
4930474G06Rik,0,0,0,0,0,0,0,0,0,0,0,0,0
D830029L11,0,0,0,0,1,0,0,0,0,0,0,0,0
9330117O12,0,0,0,0,0,0,0,0,0,0,1,0,0
G630071F17,0,0,0,0,1,0,0,0,0,0,0,0,0
E330013P06,0,0,0,0,1,0,0,0,0,0,1,1,0
A830052D11Rik,0,0,0,1,5,1,1,1,2,2,0,0,2
G630055G22Rik,0,0,0,0,0,0,0,0,0,0,0,0,0
C030018K13Rik,0,0,0,0,0,0,0,0,0,0,0,0,0
Gm10549,0,0,0,0,0,0,0,1,2,0,0,1,0
4930513D17Rik,0,0,2,0,0,0,0,0,0,0,0,0,0
A530050N04Rik,0,0,0,0,0,0,0,0,0,0,0,0,0
LOC545261,2,1,1,3,7,9,1,4,0,0,2,0,10
Gm6277,14,3,13,5,11,26,6,11,9,7,4,6,4
1700018G05Rik,0,0,0,0,0,0,0,0,0,0,0,0,0
Gm15997,0,0,0,0,0,0,0,0,0,0,0,0,0
5730412P04Rik,0,0,0,0,0,0,0,0,0,0,0,0,0
5430428K19Rik,0,0,0,0,0,0,0,0,0,0,0,0,0
1810013A23Rik,0,0,3,0,1,0,0,0,1,0,0,2,0
2410021H03Rik,0,0,0,0,0,1,0,0,0,1,1,0,0
2010308F09Rik,0,0,0,0,0,0,0,1,0,0,0,0,0
4933401D09Rik,0,0,0,0,0,0,0,0,0,0,0,0,0
4933400B14Rik,0,0,0,0,0,0,0,0,0,0,0,0,0
4930452A19Rik,0,0,0,0,0,0,0,0,0,0,0,0,0
2900008C10Rik,2,2,2,0,4,5,3,5,2,3,3,1,5
2010106C02Rik,0,0,0,0,0,0,0,3,1,0,0,1,0
2700054A10Rik,0,0,0,1,0,6,0,4,0,0,0,0,0
Mospd4,0,0,0,0,0,0,0,0,0,0,0,0,0
1700031A10Rik,0,0,0,0,0,0,0,0,0,0,0,0,0
4930515L19Rik,0,0,0,0,0,0,0,0,0,0,0,0,0
4930558G05Rik,0,0,0,0,0,0,0,0,0,0,0,0,0
1700019B21Rik,0,0,0,0,0,1,0,0,0,0,0,0,0
1700071M16Rik,10,0,6,17,3,22,6,18,2,0,3,1,10
4933438K21Rik,0,0,0,0,0,0,0,0,0,0,0,0,0
0610038L08Rik,1,1,0,3,1,3,1,2,0,0,0,2,0
B630019K06Rik,2,4,0,2,0,3,2,7,1,0,4,6,1
Gm11413,0,0,0,0,0,0,0,0,0,0,0,0,0
3010001F23Rik,0,0,0,0,0,3,0,1,0,0,0,0,0
1700121L16Rik,0,0,0,0,0,0,0,0,0,0,0,0,0
B230119M05Rik,0,0,0,1,0,0,0,0,0,0,0,0,0
C330013F16Rik,0,0,0,0,0,0,0,0,0,0,0,0,0
1700030A11Rik,0,0,0,0,0,0,0,0,0,0,0,0,0
4933433H22Rik,0,0,0,1,0,0,0,0,0,0,0,0,0
4833427F10Rik,0,0,0,0,0,4,0,0,0,2,0,0,0
1700110C19Rik,1,2,0,1,0,0,0,0,0,0,0,1,0
4930548J01Rik,0,0,0,0,0,0,0,0,0,0,0,0,0
4930480K15Rik,0,0,0,0,0,0,0,0,0,0,0,0,0
3110009F21Rik,0,0,0,0,0,0,0,0,0,0,0,0,0
1700092C02Rik,0,0,0,0,0,0,0,0,0,0,0,0,0
1700095A21Rik,0,0,0,0,0,0,0,0,0,0,0,0,0
4930455J16Rik,0,0,0,0,0,0,0,0,0,0,0,0,0
1110028F18Rik,0,0,0,0,0,0,0,0,0,0,0,0,0
1110050K14Rik,4,0,1,1,2,6,1,2,1,1,2,0,0
1810007C17Rik,0,0,0,0,0,0,0,0,0,0,0,0,0
1810012K16Rik,0,0,0,0,1,0,0,0,0,0,0,0,0
2310081J21Rik,0,0,0,0,0,0,0,0,0,0,0,0,0
1700001D01Rik,0,0,0,0,0,0,0,0,0,0,0,0,0
1700007J10Rik,0,0,0,0,1,1,1,0,1,1,0,0,0
1700003D09Rik,16,68,62,54,55,106,31,96,15,0,56,34,23
1700003C15Rik,0,0,0,0,0,0,0,0,0,0,0,0,0
1700024B18Rik,0,0,0,0,0,0,0,0,0,0,0,0,0
Gm10415,0,0,0,0,0,0,0,0,0,0,0,0,0
1810020O05Rik,1,7,2,2,5,1,0,2,0,0,0,0,2
1700026F02Rik,0,0,0,0,0,0,0,0,0,0,0,0,0
1700022H16Rik,0,0,0,0,0,0,0,0,0,0,0,0,0
1700029N11Rik,0,0,0,0,0,0,0,0,0,0,0,0,0
2310002D06Rik,0,0,0,0,0,0,0,0,0,0,0,0,0
2310016D03Rik,0,0,0,0,0,0,0,0,0,0,0,0,0
2310020H05Rik,0,0,0,0,0,0,0,0,0,0,0,0,0
2410003L11Rik,2,0,0,0,1,1,1,0,0,0,0,1,0
2810404M03Rik,0,0,0,0,0,0,0,0,0,0,0,0,0
2310005E17Rik,0,0,0,0,0,0,0,0,0,0,0,0,0
2210416O15Rik,0,0,0,0,0,0,0,2,0,0,0,0,0
5730480H06Rik,3,1,2,1,4,3,0,5,0,0,1,2,0
4921509O07Rik,0,0,0,0,0,0,0,0,0,0,0,0,0
4921511C10Rik,0,0,0,0,0,0,0,0,1,0,0,0,0
4931440J10Rik,1,0,0,0,2,1,0,2,1,0,2,0,0
4933402C06Rik,0,0,0,0,0,0,0,0,0,0,0,0,0
4933401P06Rik,0,0,0,0,0,0,0,0,0,0,0,0,0
4933405E24Rik,0,0,0,0,0,0,0,0,0,0,0,0,0
4933412O06Rik,0,0,0,0,0,0,0,0,0,0,0,0,0
4933413L06Rik,0,0,0,0,0,0,0,0,0,0,0,0,0
1700022A22Rik,0,0,0,0,0,0,0,0,0,0,0,0,0
