gene,direction,valence
mag,UP,4.582965570371295
tmem63a,UP,3.4416395453415483
ier5,UP,3.2746294409126833
dusp6,UP,3.2739196664794603
serinc3,UP,3.2158275855539062
ifngr1,UP,3.1302512521995
rgs10,UP,2.8914050959481417
rnf13,UP,2.8782492171422427
hexb,UP,2.8465218411361706
lair1,UP,2.6781921874939263
capn3,UP,2.6760954549038107
cd74,UP,2.6579599293979363
snx5,UP,2.6467777791570573
creg1,UP,2.6281510586901975
asah1,UP,2.5571944785667187
ppt1,UP,2.5249743226250514
lactb2,UP,2.5131521067225133
st3gal6,UP,2.508264715471108
btg2,UP,2.505275587390631
alox5ap,UP,2.4866407273012032
cst3,UP,2.475245892267321
rnf130,UP,2.4682037964384347
ifnar2,UP,2.434908583873443
herpud1,UP,2.4328973627687094
fez2,UP,2.4275575500099213
zfp36,UP,2.3819488734832595
lpxn,UP,2.3646009438149114
itgb5,UP,2.363385596246655
il10rb,UP,2.36313814318169
rhob,UP,2.33928245775645
mlxipl,UP,2.320251925475977
slc2a5,UP,2.3009350069939862
crlf3,UP,2.295432006937423
b2m,UP,2.28115664361737
capza2,UP,2.263360952574088
sla,UP,2.262974688231597
nptn,UP,2.2587028114275154
plk3,UP,2.2293425942952454
p4ha1,UP,2.2208958051786047
sgce,UP,2.2054044366294305
gna15,UP,2.2051054122422094
evi2a,UP,2.194942902360712
cd84,UP,2.1929647442049256
nupr1,UP,2.1782437163058392
ywhah,UP,2.171026402196767
tsc22d3,UP,2.166132634503352
mylip,UP,2.1645795877570686
fos,UP,2.1567909994437664
tm6sf1,UP,2.15149494760405
rcbtb2,UP,2.144509791226902
cebpa,UP,2.1144979039854146
ube2j1,UP,2.099256197194043
rgs19,UP,2.087483467012768
rps6ka1,UP,2.0764046136526413
tbpl1,UP,2.0573084490684974
dusp1,UP,2.046579377664053
slc25a37,UP,2.042161581944345
rgs2,UP,2.038477885397784
dnajb4,UP,2.0064134408406527
gpbp1l1,UP,2.0062923262953913
ly86,UP,1.9993232565842536
tspan14,UP,1.9938855220773581
stambpl1,UP,1.9839966816389705
bin1,UP,1.9672761441975424
hspb1,UP,1.9463133834390167
rab3il1,UP,1.9457647267360036
map2k1,UP,1.9221401984632394
asph,UP,1.900135358951595
wsb1,UP,1.8863168749638106
birc3,UP,1.8856534261201308
pros1,UP,1.8773495536405238
cbx7,UP,1.8552079175437755
dapp1,UP,1.8472002689869849
atp2c1,UP,1.8264590781625007
ngly1,UP,1.816447760396097
pmp22,UP,1.8147879803717832
lgmn,UP,1.7891993592513593
itgb2,UP,1.7782352251611162
crot,UP,1.7761359353315793
tap2,UP,1.7678761115382875
tram1,UP,1.7618891244232358
cept1,UP,1.7503296432412738
clk1,UP,1.749463775140224
prkab1,UP,1.7463507170156078
m6pr,UP,1.738235158348546
acox3,UP,1.737653949364877
jun,UP,1.7370361147011761
hk2,UP,1.72992759249797
st3gal5,UP,1.7231899187784216
sparc,UP,1.7095226142066158
cd9,UP,1.7059695890158677
ifngr2,UP,1.6925847418636106
hmox2,UP,1.6867217043697038
srpr,UP,1.684179128565371
skap2,UP,1.6789671143715783
egr1,UP,1.6762687729112056
aif1,UP,1.6679527024736265
c1qb,UP,1.6668940290943974
mgat1,UP,1.6462169143741174
slc35a5,UP,1.636760510221578
prkcd,UP,1.622490449588155
hcls1,UP,1.616044447924879
reep5,UP,1.6058472107013266
phf1,UP,1.6036136447973168
acp2,UP,1.6033065313570263
cd14,UP,1.5860423366302254
smad7,UP,1.5817390329762044
tgfa,UP,1.574008760415813
xbp1,UP,1.569658923144643
chst7,UP,1.5543649867230707
chn2,UP,1.5528955257885975
klf2,UP,1.5424631807956377
tmem87a,UP,1.5401466453119275
spg20,UP,1.539993592907225
mgll,UP,1.5315709885442548
serinc1,UP,1.5280513865892544
coro2a,UP,1.5182644420467504
p2rx7,UP,1.5174771218523972
ly96,UP,1.506837162266913
ptk2b,UP,1.4964901871477145
pdgfb,UP,1.4934544062965613
egr2,UP,1.4932456198887125
scn1b,UP,1.4928627521825277
ctsh,UP,1.4842504798750935
kcnj2,UP,1.4796444632823211
dnajb9,UP,1.47162321674835
lrmp,UP,1.467848143733016
psap,UP,1.4485079744900509
nck1,UP,1.432409295118991
vipr1,UP,1.4137885934824719
slc10a3,UP,1.410887324239613
elf1,UP,1.410584538501423
junb,UP,1.403799774893847
oxct1,UP,1.4018103405597413
ivns1abp,UP,1.401030497645699
mal,UP,1.383735537386287
mgp,UP,1.38340959253046
lgals8,UP,1.3767270191057066
enpp2,UP,1.376009619907553
b4galt4,UP,1.3745449758121127
tpst2,UP,1.371385348667326
maf,UP,1.3638192737272496
serpinf1,UP,1.3617931657362172
cflar,UP,1.3605878356607204
mcl1,UP,1.3560433352040948
cd83,UP,1.338529859050618
tapbp,UP,1.3367267342271167
atp6v1c1,UP,1.3365960186830637
il13ra1,UP,1.3356877606921373
dnajb1,UP,1.3323574826022593
zfp36l1,UP,1.331057660420056
tmem106b,UP,1.32967356209957
nipa2,UP,1.3273767893953559
csf1r,UP,1.322625858020728
elmo1,UP,1.314972733070226
camk1,UP,1.3035082485882996
abhd6,UP,1.2989403498698318
adcy9,UP,1.290768150779333
mtmr6,UP,1.2834122654605051
srgn,UP,1.2831567904869754
lap3,UP,1.2825669403065283
ubl3,UP,1.279852874536198
hspa5,UP,1.2685301632588457
ppp1r2,UP,1.2641001817717643
mafb,UP,1.262750449450069
was,UP,1.2623656898149227
lifr,UP,1.2600224287707342
cx3cr1,UP,1.2597711975636408
fes,UP,1.2526670899468675
nlrp3,UP,1.2475707065171409
fzd4,UP,1.2448822537966509
fosb,UP,1.2445624445150059
asb13,UP,1.244230985190809
laptm5,UP,1.2440303198406597
tyrobp,UP,1.2421375280741196
tgm2,UP,1.2371187717340828
sacm1l,UP,1.2364730761320541
mbnl1,UP,1.2354149547524294
inpp5d,UP,1.2279250370001813
rngtt,UP,1.2258787802550415
itm2c,UP,1.2151667975726197
mertk,UP,1.2099781391227913
lmbrd1,UP,1.2087086883170928
rab21,UP,1.2034426258976227
lamp2,UP,1.1963213135255877
parp4,UP,1.192143189266768
st6galnac4,UP,1.1912266396745461
prpsap2,UP,1.190140927167594
slc7a8,UP,1.1868196609546744
eed,UP,1.18637685279938
psmb8,UP,1.174078012642082
fech,UP,1.173702161148523
cln5,UP,1.1725298150091412
cd81,UP,1.1707966385495723
icmt,UP,1.1617936702312959
prkcq,UP,1.1617449528440646
clk4,UP,1.1597675795530118
tmem30a,UP,1.1591719938772194
plod3,UP,1.153774880521763
tgfbr2,UP,1.1534432592536907
serpine2,UP,1.151714797227287
slc30a5,UP,1.149685828649221
synj2,UP,1.1465546414741927
scrn3,UP,1.1407813144680214
cyp27a1,UP,1.1377599234400069
hbp1,UP,1.1304674080738466
sult1a1,UP,1.1200417131919183
hspd1,UP,1.1182078728124196
bid,UP,1.1164136050506042
plcl2,UP,1.1152562111599922
rassf2,UP,1.1136410063670197
apbb1ip,UP,1.1122735691019476
ptpre,UP,1.0939568440940564
fyco1,UP,1.092479505993455
amd1,UP,1.0915977796943432
tnfrsf1b,UP,1.0910324676455425
naalad2,UP,1.0902429445305217
tap1,UP,1.0890169737364765
lyl1,UP,1.0840686482227502
enpp4,UP,1.0737731827673205
nr1d2,UP,1.071131713511143
dhrs7,UP,1.0624736624371076
dhrs3,UP,1.0599423141511792
calr,UP,1.0571412992886848
aftph,UP,1.051495302083704
tpp1,UP,1.0514535771492053
terf1,UP,1.0459925433769017
ifih1,UP,1.0442730657195889
tomm34,UP,1.0399218242062238
bag3,UP,1.0397304146904913
gns,UP,1.0389141152716528
bcap29,UP,1.0380708464149964
ctsd,UP,1.0362504527200063
csad,UP,1.0336986007381497
pld1,UP,1.0334951278541826
derl1,UP,1.0292012154782566
ripk2,UP,1.0258888206635635
ap1s2,UP,1.0241209137800096
dnaja1,UP,1.0111974751278294
tubgcp5,UP,1.0073605081219479
gdi2,UP,1.003256857829434
cep68,UP,1.0003807653437997
chpt1,UP,0.9970168095656209
slc35a3,UP,0.9952043565619255
slc22a5,UP,0.9911209689770369
sgsh,UP,0.9909417104568943
cebpz,UP,0.9895309832356226
stat6,UP,0.9861667866321326
sp110,UP,0.985745484480123
nr3c1,UP,0.9850671547286669
acsl4,UP,0.9837334309902436
manba,UP,0.9836412731371277
cacnb2,UP,0.9830073751241397
chst12,UP,0.9824224194780778
stat5b,UP,0.982334873961081
aldh3a2,UP,0.9820405116190347
lcp1,UP,0.9790678817158457
cd34,UP,0.9729202822112749
azi2,UP,0.9698773026533177
ubc,UP,0.9697767936588262
tmed5,UP,0.9648395764382909
ctnnal1,UP,0.9635198431886227
mgat2,UP,0.962686749341343
mvp,UP,0.960541362734602
cyfip1,UP,0.958309575912988
adam15,UP,0.9556929625109177
gpr56,UP,0.9529194964421368
chuk,UP,0.9526857969110143
rhog,UP,0.9518259547169916
tm9sf2,UP,0.9504381924307236
ctbs,UP,0.9499986782922564
adcy7,UP,0.9471661816534429
itgav,UP,0.9428642369985105
spsb1,UP,0.9404042037458799
cul4b,UP,0.9328082639323253
atp1b3,UP,0.9322383148128928
ets1,UP,0.9321988456133297
lrrk1,UP,0.9321382461399138
efhd2,UP,0.9310252643633731
stx2,UP,0.9304906908015513
krcc1,UP,0.9277544794102754
jam2,UP,0.9256851610671706
sema4d,UP,0.9252555010986296
pdxk,UP,0.9245330518574144
wasf2,UP,0.924107528075112
adam17,UP,0.9219601219594873
kbtbd2,UP,0.9200141407272425
nmt1,UP,0.9182436064718187
nrip1,UP,0.91639922213933
lgals3bp,UP,0.9079550285730705
sipa1,UP,0.9060550035072361
ralb,UP,0.9042154822194983
dst,UP,0.9035723437059022
chmp1b,UP,0.902313295634939
sort1,UP,0.89964261473013
nars,UP,0.8966740339541934
cap1,UP,0.896027278936817
myh11,UP,0.895898580489476
rfx5,UP,0.8940390434949852
actr2,UP,0.8932057837766245
bcl6,UP,0.8914692727348863
ccng1,UP,0.8881198374752542
etfdh,UP,0.8849661730245695
bnip2,UP,0.8819100803777284
ccnl1,UP,0.8813236150860684
txnrd2,UP,0.8786193070629614
yme1l1,UP,0.878102777276578
lyst,UP,0.8774803550904146
lrba,UP,0.8754162602356252
utp11l,UP,0.873953298177744
etv5,UP,0.8735843365498123
slc24a3,UP,0.8721816921525277
snap23,UP,0.8709744723564594
mef2c,UP,0.8704369261465922
picalm,UP,0.8686055675799275
stard3,UP,0.868263216455731
ghitm,UP,0.8642087508529754
ldhb,UP,0.863100003234606
rmi1,UP,0.8563831661374262
ptplb,UP,0.8542475087941311
acsl5,UP,0.8532460625172096
abcg1,UP,0.8525163580757978
il18,UP,0.85162418696643
tob2,UP,0.8515665508590391
numb,UP,0.848770628573871
pigk,UP,0.8426688436922153
clpx,UP,0.8426630308201774
mkln1,UP,0.8417594774022205
pnpo,UP,0.8398188042605323
ppfibp2,UP,0.8392087224882037
crbn,UP,0.8381898753512197
klf6,UP,0.8325913694325828
ubap1,UP,0.8324983758609542
snx10,UP,0.8277460585317781
reck,UP,0.8265757203991925
npc1,UP,0.8250825295913415
cryl1,UP,0.823216623756592
dennd4c,UP,0.8227118547109848
nfe2l2,UP,0.8223222609809999
p2rx4,UP,0.8188678322249949
rpe,UP,0.8155944743459512
iscu,UP,0.8145889702605876
zfyve16,UP,0.8108459041167495
ctns,UP,0.8071825697734963
fbxl14,UP,0.8059324594125381
camk1d,UP,0.8050658518202871
clip1,UP,0.8023394253594145
prkca,UP,0.7987790940340532
eif2ak2,UP,0.7965744421379648
adamts1,UP,0.7909544574626648
rock2,UP,0.7908738402428693
grn,UP,0.7902584455613174
cds2,UP,0.788034953495916
msrb2,UP,0.7874729270003018
coro1a,UP,0.7856987314069036
senp2,UP,0.7856498962824049
arhgdib,UP,0.784291185235371
scarb2,UP,0.7818437695008651
tbk1,UP,0.7803450565654716
macf1,UP,0.7801702637593946
pilra,UP,0.7785300415803682
plod1,UP,0.7771447355966182
plekho1,UP,0.7760759201443714
ier3,UP,0.7738618240790103
phkb,UP,0.7721309608493299
oxr1,UP,0.7695881978497942
slc31a2,UP,0.7691962707669558
edn1,UP,0.7691062685459552
vps4b,UP,0.7663490636437724
rrbp1,UP,0.7641382846261042
osbpl11,UP,0.7639146046235306
acsl1,UP,0.7624715799796553
hsdl2,UP,0.7620001713000882
matk,UP,0.7618546187228149
hlf,UP,0.7609045228209247
prcp,UP,0.7593408060735415
usp8,UP,0.7571037432520421
dbt,UP,0.7559574186433572
tjp1,UP,0.7521933603948577
net1,UP,0.750458719827622
c1galt1c1,UP,0.7491830134721925
pik3r1,UP,0.7487842974335751
cebpg,UP,0.7486489277668449
rbm15,UP,0.746078949641158
leprotl1,UP,0.7449284717962347
acvr1,UP,0.7406245129308423
clock,UP,0.7395539859861842
dgka,UP,0.738488120725759
canx,UP,0.736978872967593
smad3,UP,0.7367509778541009
hsp90b1,UP,0.730762186394798
hs1bp3,UP,0.7303136290228058
pls3,UP,0.7293059773358995
tor3a,UP,0.7258872785447761
acacb,UP,0.7251465627177289
sec14l2,UP,0.7250417125405673
cbl,UP,0.7221169733652493
ccdc47,UP,0.7213933397875061
ptprm,UP,0.7172209305122252
pten,UP,0.7167255350231935
tor1aip1,UP,0.713974236552119
mtdh,UP,0.7114944823948708
nucb2,UP,0.7107394649809686
crat,UP,0.7102166756890413
parp8,UP,0.7088383065987336
pigh,UP,0.708411410682905
ptpro,UP,0.7046036742090197
atg5,UP,0.7027278305670106
hibch,UP,0.7023883533018499
rad50,UP,0.7023791657591952
ids,UP,0.7017140655710433
vps54,UP,0.6977149373368946
trip11,UP,0.697043906249779
hist1h1c,UP,0.6954032739350499
cpne3,UP,0.6934233729834403
itga6,UP,0.6915290252045218
osbpl9,UP,0.6914519814362734
ptgs2,UP,0.6912290496196892
cnot2,UP,0.6906676154605322
rfc1,UP,0.6903512203642307
phactr2,UP,0.6858989946997326
nfatc3,UP,0.6854504588631323
herc4,UP,0.684161815158752
fkbp5,UP,0.6839821498114951
ddx5,UP,0.6809889180680829
ythdf3,UP,0.6790119090303175
arhgap17,UP,0.6786357393363247
ccng2,UP,0.6767964990561405
tbl1xr1,UP,0.6765450398356789
cnot4,UP,0.6723819931608778
hsp90aa1,UP,0.6709121940943401
arnt,UP,0.6709105916478426
tnfrsf21,UP,0.6671076510999228
trim26,UP,0.6637302628574184
atp6ap2,UP,0.659010383774975
mto1,UP,0.6579179400060307
rnf167,UP,0.6561242527767106
cited2,UP,0.6558595725111922
nfkbie,UP,0.6544544721470809
peli2,UP,0.6527198758440478
atg16l1,UP,0.6520752923759843
prkdc,UP,0.6500493455380526
dnajc7,UP,0.6484497426739196
ulk2,UP,0.6480481958426357
uckl1,UP,0.6466895374827719
ggps1,UP,0.6450774751660913
snta1,UP,0.6429358439237647
insig2,UP,0.6407479725834264
pcf11,UP,0.6401812303141652
e2f3,UP,0.6393834078293734
ccnd1,UP,0.6370867950879209
abcc5,UP,0.634527254642597
col4a3bp,UP,0.6323906628012297
tdrd7,UP,0.6318833519787124
abi1,UP,0.6262722506228623
mpp5,UP,0.6237816326696664
mbp,UP,0.6224889395222918
mylk,UP,0.6219114314935061
arhgef3,UP,0.6191598262184481
scfd1,UP,0.6189494069832286
nipbl,UP,0.6184186659481269
herc2,UP,0.6182008657796891
uvrag,UP,0.6163781930097407
extl3,UP,0.6151304927486477
stk3,UP,0.614643324213302
nr2c1,UP,0.614638370833744
sh3glb1,UP,0.6130661615902665
nsmaf,UP,0.6110385369976857
cebpd,UP,0.6100494351357532
tmod1,UP,0.6083320617799067
lpin1,UP,0.6081552032547731
cnot8,UP,0.6058760554004708
pign,UP,0.6050096322796754
ctps2,UP,0.6017043534191346
pcmtd2,UP,0.6010413044977791
ddhd2,UP,0.5999705532230926
cep290,UP,0.5998651467730165
pigb,UP,0.5982550261627468
dock9,UP,0.5979108852147281
ctsf,UP,0.5976848512620094
ehd4,UP,0.5968541448559818
rb1cc1,UP,0.5916676291907214
stat1,UP,0.5910568912947173
st3gal2,UP,0.5871492389247501
abl1,UP,0.5835473661514581
edem3,UP,0.5824072288558342
mis12,UP,0.5822279953703255
pdcd10,UP,0.5791146599800642
dnajc13,UP,0.5770832842021623
nnt,UP,0.5763544992113622
jmjd1c,UP,0.5756866927493701
stag2,UP,0.572390513599861
pfkfb3,UP,0.5713530482962315
mtrr,UP,0.5692978097408337
ncoa3,UP,0.5683531390514557
mbip,UP,0.5681019969886638
itch,UP,0.5674057344734911
tmem62,UP,0.5612135387483157
tsc22d4,UP,0.561141988194732
tceb3,UP,0.5598966036156404
stk4,UP,0.5556538362746475
atp5s,UP,0.5555851978659894
slc4a7,UP,0.553966378763318
nupl2,UP,0.5533770657908615
phip,UP,0.5533166526700812
tnfrsf1a,UP,0.5525287976038188
slc13a3,UP,0.5478856122964488
abcb7,UP,0.5462829650252394
atf6,UP,0.5454132526215757
ikbkg,UP,0.5409981393723309
bbx,UP,0.5402003205818581
marcks,UP,0.5398797385056496
upf2,UP,0.539033587963843
akap8l,UP,0.5354369208515658
rab8b,UP,0.5337211487487615
itih5,UP,0.5293677628661348
zmpste24,UP,0.5287698156933776
il18bp,UP,0.5274116849797583
rhot1,UP,0.5272604670508876
papola,UP,0.5252566635719613
tpp2,UP,0.5232639376681973
map3k2,UP,0.5229732637218957
cd47,UP,0.5225031602463779
msn,UP,0.5187953295196683
slc41a3,UP,0.5180124708737132
gbe1,UP,0.5177728220917663
rlf,UP,0.5149256414573139
nfat5,UP,0.5137186780542369
sp1,UP,0.5133680790192228
rbm5,UP,0.5130218928293823
rsrc2,UP,0.5117492150338144
golga4,UP,0.5096685895835367
dnaja3,UP,0.5069945307117573
nxf1,UP,0.5038145001098099
cltc,UP,0.5035122891395185
arfgef1,UP,0.5026906115919973
dmtf1,UP,0.5025734863707378
rbm39,UP,0.4978382534791208
rabep1,UP,0.49780523349829664
son,UP,0.4968095040136082
sdpr,UP,0.49497968237194684
mtmr2,UP,0.49115559551069693
socs5,UP,0.4910767297730564
etv6,UP,0.49054717404249787
add3,UP,0.4887102543353499
sel1l,UP,0.48251331035302886
ccnt2,UP,0.4814914469424468
nfkb1,UP,0.4809984230676158
usp48,UP,0.4800387060916038
chd1,UP,0.4798407695202847
gab2,UP,0.4796811175676588
tbc1d15,UP,0.47928523732014827
helz,UP,0.4767242436071735
ankfy1,UP,0.47599310755909413
creb3l2,UP,0.4739569549621918
baz2b,UP,0.47394580515942686
ubr2,UP,0.4730412985595771
sgcb,UP,0.47283343805015426
arl1,UP,0.47161646230423315
fndc3a,UP,0.4706609040531444
vps39,UP,0.4693514359134428
atr,UP,0.46892049417214365
xrcc5,UP,0.4685219460294066
tax1bp1,UP,0.46826099115409175
vps11,UP,0.4657642673282334
ube4a,UP,0.4644335301389299
scamp1,UP,0.4637881376122885
smek2,UP,0.4634334835623401
sirt1,UP,0.46295446698614356
rasa1,UP,0.4627679409908257
ppp1r7,UP,0.4561112203734791
usp33,UP,0.4535143356489664
ddx18,UP,0.453391568379199
mid1,UP,0.4523123853656156
sp3,UP,0.44963975259811356
ipo8,UP,0.44898618503185617
app,UP,0.44859927556193396
parp2,UP,0.4474826306451607
gspt1,UP,0.4471018207147795
lrpprc,UP,0.4470874681697972
lsm14a,UP,0.44545561982896115
kpna3,UP,0.4436288183798702
pik3r4,UP,0.443581052855894
rufy1,UP,0.4400332810268313
dpp8,UP,0.43945427578721263
akap8,UP,0.4387085502103254
creb1,UP,0.43754214941703956
ggcx,UP,0.43623047664871567
phf3,UP,0.4291345121467627
bicd2,UP,0.42848730928793527
taok1,UP,0.4266561859866609
nktr,UP,0.4248845547641146
golph3l,UP,0.4216947750010707
vps26a,UP,0.4207298530901453
smarca5,UP,0.4180863192989077
heatr1,UP,0.4166862074937184
arntl,UP,0.4113539569138016
pja2,UP,0.41105068335340467
trit1,UP,0.4080911888456701
ercc5,UP,0.40631286736742184
ythdf2,UP,0.4059202325725692
mllt10,UP,0.4024029512153432
bmpr2,UP,0.401266557443593
ktn1,UP,0.3988922783854046
acbd3,UP,0.3978556277267789
snx19,UP,0.39346337285494537
vps13c,UP,0.393434785662282
hif1a,UP,0.37639690396499753
slc4a1ap,UP,0.3736946970959034
sf3b1,UP,0.3706975172843243
pum2,UP,0.36787825941297647
sdf2l1,UP,0.36311038045790966
nbn,UP,0.3612532629073081
syngr1,UP,0.33794667247509574
rapgef4,UP,0.3349573974173469
cyb5r1,UP,0.32447798522365584
gne,UP,0.3043432076322834
narf,DOWN,-0.23251951812071128
tfam,DOWN,-0.23264000621109132
trim13,DOWN,-0.23832152996806286
rabepk,DOWN,-0.24125628380658842
pomt1,DOWN,-0.269421776596313
tcta,DOWN,-0.27259767074622215
narfl,DOWN,-0.27583641199796605
paip1,DOWN,-0.2945968540698553
asf1a,DOWN,-0.29503722081677997
hsd17b4,DOWN,-0.2999494854129246
vegfb,DOWN,-0.3031633614039231
cpsf4,DOWN,-0.30556016788478113
flad1,DOWN,-0.31448665613376675
ptdss1,DOWN,-0.31727191603938326
pop5,DOWN,-0.32076876111061553
slc37a4,DOWN,-0.3273299040196731
tspyl1,DOWN,-0.32755306128599426
mus81,DOWN,-0.3282152116688874
pomt2,DOWN,-0.3310751527726101
mrps16,DOWN,-0.3324232339561682
chmp6,DOWN,-0.33347838579201844
ramp2,DOWN,-0.3415760418090913
gmppa,DOWN,-0.3422042268172295
tmem43,DOWN,-0.3430938128880945
arhgef10,DOWN,-0.3453832847194994
sh2b1,DOWN,-0.3471821694277445
tspan13,DOWN,-0.3471885960463368
nup107,DOWN,-0.3486986521692331
alg9,DOWN,-0.34881372315872217
becn1,DOWN,-0.35164344695711025
ppp2r3c,DOWN,-0.35431428825774697
sephs2,DOWN,-0.3546946609922207
nup133,DOWN,-0.35645679285184756
prpsap1,DOWN,-0.3573258320305325
acp1,DOWN,-0.36101656593143594
galnt11,DOWN,-0.36520154411183464
cog4,DOWN,-0.3657749511796714
gatad1,DOWN,-0.37309483541128113
isoc1,DOWN,-0.3739354360417677
mbtps1,DOWN,-0.37509635752443604
yif1a,DOWN,-0.37623197830649074
ndufs7,DOWN,-0.37832950332961074
khdrbs3,DOWN,-0.3800490961908051
ppm1b,DOWN,-0.3802024224338613
zswim1,DOWN,-0.38214286373143713
cstf2t,DOWN,-0.384320352241095
vps37c,DOWN,-0.3846811576780893
cotl1,DOWN,-0.38470027282199326
pld3,DOWN,-0.3856365743710095
cbx6,DOWN,-0.3872566789739166
lrrc1,DOWN,-0.38739746665381886
exosc8,DOWN,-0.38739891258987863
rbck1,DOWN,-0.39035979254737946
polr1e,DOWN,-0.3905276174064833
wdr12,DOWN,-0.3919281363674453
ranbp3,DOWN,-0.39311014130852207
wdr45,DOWN,-0.3941279493494992
thnsl1,DOWN,-0.39675971283504774
eral1,DOWN,-0.39746980473861293
csnk1g2,DOWN,-0.3978660245386563
ring1,DOWN,-0.3985119977308199
cbx1,DOWN,-0.39859867802966964
nenf,DOWN,-0.39868893160326113
btbd1,DOWN,-0.3989255921780255
wdr46,DOWN,-0.39926543844508267
rpap1,DOWN,-0.40142028012291053
mrpl49,DOWN,-0.4016244255467623
gprc5b,DOWN,-0.4054424927455043
atp8b2,DOWN,-0.408025157174256
pigq,DOWN,-0.4111718116937393
angptl2,DOWN,-0.41180479179033186
dera,DOWN,-0.41299176425106304
bad,DOWN,-0.4142045173896742
terf2ip,DOWN,-0.4159642046257036
ssna1,DOWN,-0.41705552876477725
znhit1,DOWN,-0.41869378672807583
vbp1,DOWN,-0.41991335883621494
mrpl4,DOWN,-0.42166264476762455
imp3,DOWN,-0.42384496560460044
stam,DOWN,-0.42406972613203775
bcl2l2,DOWN,-0.42579990897312925
ncbp2,DOWN,-0.42859975731720235
faim,DOWN,-0.42874428098403966
ctgf,DOWN,-0.4293062407201389
nif3l1,DOWN,-0.43374441555634036
rpa1,DOWN,-0.43557393881688533
ckap4,DOWN,-0.43635615236837183
ubiad1,DOWN,-0.4364548328281252
ehbp1,DOWN,-0.4377566538878477
gorasp2,DOWN,-0.4407286845018385
thap11,DOWN,-0.4424535271586848
qdpr,DOWN,-0.44373736192962365
prnp,DOWN,-0.44437857094271
sharpin,DOWN,-0.4497328083943667
aplp1,DOWN,-0.4510346217239593
hgs,DOWN,-0.4537630577245882
rbm38,DOWN,-0.4549981256494108
pef1,DOWN,-0.4566450115218036
mrpl13,DOWN,-0.456830075726631
nab2,DOWN,-0.45751134156406403
ap3s1,DOWN,-0.45972032439016824
b4galt7,DOWN,-0.4597843944677293
dpm1,DOWN,-0.46022959162567006
agpat1,DOWN,-0.4604521565631663
commd4,DOWN,-0.4608160386724564
sox4,DOWN,-0.4612234470844153
klhl21,DOWN,-0.4614230110920844
yap1,DOWN,-0.46201988911713326
arsa,DOWN,-0.4653063388884597
gpm6a,DOWN,-0.46613081989112476
mrpl15,DOWN,-0.4670756902769023
mrpl39,DOWN,-0.4671474455006488
commd9,DOWN,-0.4674991256554617
rnf10,DOWN,-0.46861581284973247
ube2i,DOWN,-0.4693951608917844
keap1,DOWN,-0.4695230898216159
coasy,DOWN,-0.47643170364411236
zmat3,DOWN,-0.47660443732848967
igfbp2,DOWN,-0.47878656319064666
ndufb7,DOWN,-0.4791018950347812
bak1,DOWN,-0.47955897722135665
elavl1,DOWN,-0.4798903534984629
cd320,DOWN,-0.4819277233113695
elovl6,DOWN,-0.48250012977960693
ndufb2,DOWN,-0.4867220846350247
cryz,DOWN,-0.48739893651364713
spred2,DOWN,-0.48798554227810836
ift122,DOWN,-0.48805015463537077
ptges2,DOWN,-0.489166815896393
atp13a2,DOWN,-0.4896122963300285
dvl3,DOWN,-0.49059275865318797
sirt2,DOWN,-0.4909097217034138
vti1b,DOWN,-0.49109817058932276
amot,DOWN,-0.49205015529227175
wbscr22,DOWN,-0.49287431892052147
lsr,DOWN,-0.4931716123597325
sf3a1,DOWN,-0.4932159832567764
mrpl2,DOWN,-0.4947129415058958
tmub2,DOWN,-0.49648323832212904
clpp,DOWN,-0.49667265066999583
uros,DOWN,-0.4987510201171655
prune,DOWN,-0.49883221069066136
pex14,DOWN,-0.5022534783208157
ufc1,DOWN,-0.5026154145627897
zdhhc7,DOWN,-0.5027600195630305
slc39a7,DOWN,-0.5031310847862465
taf6,DOWN,-0.5042536725232407
gadd45a,DOWN,-0.5051286516083993
ube2l6,DOWN,-0.5062920253561749
mapkapk2,DOWN,-0.5064191703553207
npepl1,DOWN,-0.5066813208944108
gnb5,DOWN,-0.5066822620049406
copb2,DOWN,-0.5068533040798741
pdk2,DOWN,-0.5071043564282176
galc,DOWN,-0.5076036030567666
tef,DOWN,-0.5080864791436996
rab40c,DOWN,-0.5083002794943333
tbc1d13,DOWN,-0.5087307400530522
polr3k,DOWN,-0.5088266032773868
glrx2,DOWN,-0.5120740813289552
vrk3,DOWN,-0.5121916294974146
pmm1,DOWN,-0.512814493696511
bcl2l1,DOWN,-0.5137040005432202
arfgap1,DOWN,-0.5141386564947632
fbxo3,DOWN,-0.5152462930491225
aco2,DOWN,-0.5175674072959713
sergef,DOWN,-0.5182322778697611
mrpl19,DOWN,-0.5183027539442341
sf3a2,DOWN,-0.518755660668374
samm50,DOWN,-0.5233135280001743
twsg1,DOWN,-0.5234284795025689
pick1,DOWN,-0.523672860708827
2-mar,DOWN,-0.5245631995486566
oxa1l,DOWN,-0.5249018340300377
mrps18a,DOWN,-0.5255295357251181
gsk3a,DOWN,-0.5256878021183274
2-sep,DOWN,-0.5258974383147823
atp5d,DOWN,-0.5302608089960595
qtrtd1,DOWN,-0.5315220224019495
bckdk,DOWN,-0.5319360749861282
gss,DOWN,-0.5320163239141013
ulk1,DOWN,-0.5323567230306679
dctn1,DOWN,-0.5324317907553219
arf3,DOWN,-0.5328379539500868
snx11,DOWN,-0.5330921123872673
ubtf,DOWN,-0.5339359816593766
rps6ka2,DOWN,-0.5341703080815281
parl,DOWN,-0.5343910138606697
ltbp3,DOWN,-0.536529606337901
cdkn1c,DOWN,-0.5368978101335431
cwf19l1,DOWN,-0.5377513312386669
mtx1,DOWN,-0.5379935534651115
efemp2,DOWN,-0.5386573930105133
psma4,DOWN,-0.539915421985498
got2,DOWN,-0.5405547245900466
pdss1,DOWN,-0.5409716889911791
dhx16,DOWN,-0.5416284933496047
pfkm,DOWN,-0.5423911552319258
yipf3,DOWN,-0.5446304850839052
vapb,DOWN,-0.545450231594074
cript,DOWN,-0.5487269346636005
abcb6,DOWN,-0.5491133042272871
clstn1,DOWN,-0.5505968527403728
fcgrt,DOWN,-0.551178614445472
gart,DOWN,-0.5517872623558469
acy1,DOWN,-0.552300892940033
wdr61,DOWN,-0.5527003890686736
e2f6,DOWN,-0.5535523497399514
mapre3,DOWN,-0.5536510327747511
irf2bp1,DOWN,-0.5550941077856568
nsdhl,DOWN,-0.5551698755574382
mrps28,DOWN,-0.557389716265482
slc25a13,DOWN,-0.5590285750592854
cdkn1a,DOWN,-0.5603531396246425
maoa,DOWN,-0.5622603131908884
fars2,DOWN,-0.563515734105184
fzr1,DOWN,-0.5659579371732879
cops7a,DOWN,-0.5667863402011442
igbp1,DOWN,-0.5672408612710778
tpk1,DOWN,-0.5672661176262331
ccnd3,DOWN,-0.5684791304252538
rbm22,DOWN,-0.5703303856523402
rai14,DOWN,-0.5714923214729062
mrpl41,DOWN,-0.5716088070839209
gorasp1,DOWN,-0.5717108143981622
polr2g,DOWN,-0.5729577760298329
gnai1,DOWN,-0.573156465859658
ndufa7,DOWN,-0.5739198076209098
ecd,DOWN,-0.5739577566486392
impdh1,DOWN,-0.5740225907021645
sidt2,DOWN,-0.5749223065319203
dpagt1,DOWN,-0.5752681950027888
tubg1,DOWN,-0.5777711144298321
armcx1,DOWN,-0.5780375492488931
fbxo31,DOWN,-0.5783658223210855
slc2a3,DOWN,-0.5793602959168701
psmb5,DOWN,-0.580089398997468
setd8,DOWN,-0.5815937721199987
tbca,DOWN,-0.5820154227404764
tusc2,DOWN,-0.5833830609677453
nrbp1,DOWN,-0.5839855806379901
tcea2,DOWN,-0.5849782116998565
mapre2,DOWN,-0.585540373973137
pnkp,DOWN,-0.586025693587545
rab8a,DOWN,-0.5864452457067405
dvl2,DOWN,-0.586467543867374
nol6,DOWN,-0.5881320488369307
ndrg2,DOWN,-0.5890210501251528
dpysl2,DOWN,-0.5890818188339629
dhrs1,DOWN,-0.5892283412170546
khdrbs1,DOWN,-0.5907856848592815
kif1a,DOWN,-0.5909629002989851
ankrd28,DOWN,-0.5910357810091234
pik3r2,DOWN,-0.5915228101296468
ttc4,DOWN,-0.5916436920514805
mphosph6,DOWN,-0.5929943742368988
gcdh,DOWN,-0.5938021893574895
mapkap1,DOWN,-0.593909981441256
hddc2,DOWN,-0.5948676365641204
pccb,DOWN,-0.5976735948749412
mocs2,DOWN,-0.5980010095767013
csnk1d,DOWN,-0.6014225961313356
ufm1,DOWN,-0.6022141963377692
s100a8,DOWN,-0.6029626552344565
cdc42se1,DOWN,-0.6032718391690257
dapk1,DOWN,-0.604317086630787
mrpl17,DOWN,-0.60464244739996
ewsr1,DOWN,-0.605676454781018
rad23a,DOWN,-0.6067805419731168
ppp5c,DOWN,-0.6068549728094399
cyfip2,DOWN,-0.6069008568992359
smarca4,DOWN,-0.606909089175138
mtx2,DOWN,-0.6073181279260241
sncaip,DOWN,-0.60746022228427
limk1,DOWN,-0.6078246956354061
per2,DOWN,-0.6080032155461434
fxyd5,DOWN,-0.6080941009057083
ahsa1,DOWN,-0.6084308147733691
b3gat3,DOWN,-0.6088499814697726
ecsit,DOWN,-0.6090673069410077
zmym3,DOWN,-0.6112853901208191
yipf2,DOWN,-0.6130611531423152
igfbp5,DOWN,-0.613462255444823
timm44,DOWN,-0.6150887423839663
abcf2,DOWN,-0.6156658203726261
mrps7,DOWN,-0.6156740153422704
tdp1,DOWN,-0.6159878394112273
urod,DOWN,-0.6161205388682673
baiap2,DOWN,-0.6164739219175723
cdipt,DOWN,-0.6170850384321291
mum1,DOWN,-0.6176961357089978
mgat4b,DOWN,-0.6182392064855793
gpaa1,DOWN,-0.6185866707328121
rfxank,DOWN,-0.618816766721027
fastk,DOWN,-0.6193870948359139
dcxr,DOWN,-0.6197279328210957
cmas,DOWN,-0.6211508146514598
pmpcb,DOWN,-0.6217213834771296
cstf2,DOWN,-0.6219524646741466
gprc5c,DOWN,-0.6220407826111123
fbln5,DOWN,-0.6225500568116236
sdhd,DOWN,-0.6230478390920373
casp2,DOWN,-0.6241449155102641
rapgef3,DOWN,-0.6241887876562312
osgep,DOWN,-0.6247977835955421
mnat1,DOWN,-0.6251912847476773
aph1a,DOWN,-0.625233013302365
med28,DOWN,-0.6252762353708573
vps37b,DOWN,-0.626387285242822
enah,DOWN,-0.6267444717390543
tmem106c,DOWN,-0.6280706338241042
stk11,DOWN,-0.6291368772170075
sf3a3,DOWN,-0.6293789740789026
pola2,DOWN,-0.6294763035008216
mkrn1,DOWN,-0.6295230305990797
sccpdh,DOWN,-0.630064296908528
drg1,DOWN,-0.6306286833640199
rnh1,DOWN,-0.6322488826448012
stxbp1,DOWN,-0.6323235734680077
idh3b,DOWN,-0.6331632944371853
topbp1,DOWN,-0.6345809866825527
wdr55,DOWN,-0.6348583358707138
ndufa8,DOWN,-0.635437132802258
dnajb5,DOWN,-0.6354925594554409
gosr2,DOWN,-0.6357153401858245
ptk2,DOWN,-0.6361374204831287
elac2,DOWN,-0.6364224057317378
supv3l1,DOWN,-0.6390081734507804
ankra2,DOWN,-0.6391398254408862
phldb1,DOWN,-0.6393716613075971
gtf2h3,DOWN,-0.6422518039424591
smarcc1,DOWN,-0.6423578895689297
gas7,DOWN,-0.6427950295374335
mrpl52,DOWN,-0.6429249558776557
ttll1,DOWN,-0.6435098554904828
mras,DOWN,-0.6439908113579024
eny2,DOWN,-0.6452773873452984
dnmt1,DOWN,-0.6456415533425589
snf8,DOWN,-0.6468309701370337
snrpn,DOWN,-0.646997880473787
psma3,DOWN,-0.6479073307753338
jam3,DOWN,-0.6479915040946949
rpl18,DOWN,-0.6499113885031131
bcs1l,DOWN,-0.6499711755309638
grwd1,DOWN,-0.6502491713309545
rpn2,DOWN,-0.6505840519515276
psme1,DOWN,-0.6506815239184662
dazap1,DOWN,-0.6513638736155858
man1b1,DOWN,-0.6516498235064416
rassf1,DOWN,-0.6521718510378606
slc25a22,DOWN,-0.6532579443088138
dolpp1,DOWN,-0.6540481018961946
slc2a1,DOWN,-0.6542203591499419
ube2o,DOWN,-0.6547074073935846
coro2b,DOWN,-0.6554086155978354
bace1,DOWN,-0.6558576193353789
grina,DOWN,-0.6558677119804535
cnot7,DOWN,-0.6563078564700323
gtf3c5,DOWN,-0.6563175540269188
fibp,DOWN,-0.6579457059399865
abhd10,DOWN,-0.6592826373403301
elp4,DOWN,-0.6594499826401511
mrpl33,DOWN,-0.6594907628701223
chfr,DOWN,-0.6596037548557354
plcb1,DOWN,-0.6597250140974222
tssc1,DOWN,-0.6602611805665372
phc2,DOWN,-0.6609880655833245
sod1,DOWN,-0.6621112739895296
mrps11,DOWN,-0.6641491580131568
elf2,DOWN,-0.6641836805284691
inpp5a,DOWN,-0.6643655416851466
akap1,DOWN,-0.6646674573964728
ptdss2,DOWN,-0.6647689355844675
napa,DOWN,-0.6653153125944734
mrps22,DOWN,-0.6658364317711032
acox1,DOWN,-0.6662086379694332
fbxo22,DOWN,-0.6674866299292147
ppp2r4,DOWN,-0.6686169482205658
vwa1,DOWN,-0.6688196273336408
dhcr7,DOWN,-0.6690129216889854
gas8,DOWN,-0.6694525683464638
ganab,DOWN,-0.669454900114542
atp6v1h,DOWN,-0.6703379044688822
tspan9,DOWN,-0.6707658964854017
impad1,DOWN,-0.6715974909680978
tsg101,DOWN,-0.6716406325639871
lama5,DOWN,-0.6727691936531215
gusb,DOWN,-0.6729865840022172
arih2,DOWN,-0.6733761384966802
gga2,DOWN,-0.6738776738313336
cbr1,DOWN,-0.6745663418004154
gfer,DOWN,-0.6754808252150379
vps4a,DOWN,-0.675897001527788
tuft1,DOWN,-0.6764070095038577
mfn2,DOWN,-0.6768813920949157
gng11,DOWN,-0.6779765207796674
cbx5,DOWN,-0.6794741263890125
crip2,DOWN,-0.6794856887622227
ubap2,DOWN,-0.6804951518315909
wdr6,DOWN,-0.6808415660100348
clns1a,DOWN,-0.6814392191854599
pola1,DOWN,-0.68337655019727
ruvbl2,DOWN,-0.6845059108900076
cuta,DOWN,-0.684678861592512
6-sep,DOWN,-0.6847713000955776
tfrc,DOWN,-0.6847930116561399
anxa5,DOWN,-0.6849870160208131
srp19,DOWN,-0.685481684075685
cox7a2,DOWN,-0.6858915140036499
ppp1r8,DOWN,-0.686167786004697
tusc3,DOWN,-0.6863458604177141
ptbp1,DOWN,-0.6866360101857951
kdelr1,DOWN,-0.6872834008843406
rusc1,DOWN,-0.6873288918662783
dlc1,DOWN,-0.6880143812161917
magi1,DOWN,-0.688047273816904
park7,DOWN,-0.688999314863273
bsg,DOWN,-0.6892096599601936
ube2e1,DOWN,-0.6894577071125173
ap2b1,DOWN,-0.689990389852704
bax,DOWN,-0.6917437153084298
farp1,DOWN,-0.6928049121207178
slc25a14,DOWN,-0.6929268544497041
mrpl24,DOWN,-0.694008368579718
tbcd,DOWN,-0.6950624189950291
mrpl11,DOWN,-0.6963700664258431
mapk7,DOWN,-0.696481068532142
parp1,DOWN,-0.6968874559121677
tfpt,DOWN,-0.6970909266164456
rraga,DOWN,-0.6986381080514854
nufip1,DOWN,-0.6989460758942084
exoc7,DOWN,-0.6991159693282895
spsb3,DOWN,-0.6992470874512067
tmed1,DOWN,-0.6993812057408441
notch3,DOWN,-0.7004147317176393
slc39a6,DOWN,-0.70205077359894
hist3h2a,DOWN,-0.702604007272646
rgs5,DOWN,-0.7029810829270112
aldoa,DOWN,-0.7041276794757807
hbegf,DOWN,-0.705088578468674
rps19,DOWN,-0.705347346901879
pole3,DOWN,-0.7054160008129813
nmt2,DOWN,-0.707487459553876
slc6a8,DOWN,-0.7080716453629919
u2af2,DOWN,-0.7098665481368017
usp5,DOWN,-0.7115245505403996
ftsj1,DOWN,-0.7122440789450803
ube2z,DOWN,-0.7122748688196358
pitpnm1,DOWN,-0.712620391596386
klhdc4,DOWN,-0.7127878955800548
rtn3,DOWN,-0.7130643497702233
echs1,DOWN,-0.7131582848565194
apeh,DOWN,-0.7137732894197296
arhgef7,DOWN,-0.7146584999948178
timm8b,DOWN,-0.7150345335381373
med9,DOWN,-0.715134296252215
nsfl1c,DOWN,-0.7152395631060677
ccnd2,DOWN,-0.7165120773997818
gstm5,DOWN,-0.7166017382533564
btrc,DOWN,-0.7168465424735886
dnm3,DOWN,-0.7169350375227418
cttn,DOWN,-0.7170354123927102
trak1,DOWN,-0.7171799841495862
pde6d,DOWN,-0.71757140785551
epm2aip1,DOWN,-0.718784754464325
tomm40,DOWN,-0.7199403512001813
tpm1,DOWN,-0.7212635547043392
ict1,DOWN,-0.721648321912693
nagk,DOWN,-0.7225772199423257
aes,DOWN,-0.7228512111980943
psmd6,DOWN,-0.7230735077079445
psma5,DOWN,-0.7236576876755768
wdr77,DOWN,-0.7238751922609008
trip6,DOWN,-0.723931678889255
rhbdf1,DOWN,-0.7239847044448312
adprh,DOWN,-0.7250382577976545
ext1,DOWN,-0.7251827689235943
elp3,DOWN,-0.7269552428342997
dnpep,DOWN,-0.7279060927906434
tinf2,DOWN,-0.7301519545716112
cox5a,DOWN,-0.7302295311965135
slc9a3r1,DOWN,-0.7313224694285997
poldip3,DOWN,-0.7331156937371188
atf4,DOWN,-0.7343024750899978
timm9,DOWN,-0.7343531570237947
mtmr9,DOWN,-0.7347331714638901
tomm20,DOWN,-0.7354970164117408
deaf1,DOWN,-0.73550606622856
erc1,DOWN,-0.7355537701939178
psmd14,DOWN,-0.736044314666961
nosip,DOWN,-0.7363263177903362
dctn3,DOWN,-0.736820958750661
hspa14,DOWN,-0.7378259444143465
clasp1,DOWN,-0.7382272426518294
ctdsp2,DOWN,-0.7382789490599068
ube3b,DOWN,-0.7383256301744965
pgls,DOWN,-0.7384986737811244
tob1,DOWN,-0.7387635318099735
nploc4,DOWN,-0.7393129858248986
gucy1b3,DOWN,-0.7409970859768693
ptplad1,DOWN,-0.7434529776160047
msh3,DOWN,-0.743865779966028
pam,DOWN,-0.7443131923705554
gps1,DOWN,-0.7445241191943717
rbm17,DOWN,-0.7448839943177221
psmd11,DOWN,-0.7449131637404264
polr2c,DOWN,-0.7455462807738934
ngdn,DOWN,-0.7457920417850483
ndrg3,DOWN,-0.7461824189622622
aamp,DOWN,-0.7476034554601135
ddx54,DOWN,-0.7477238366663228
mgst3,DOWN,-0.7480123861769172
psmc3,DOWN,-0.7482519526661241
ergic3,DOWN,-0.7485919649280235
ppa1,DOWN,-0.7490444212842543
ndufb5,DOWN,-0.7490654379532757
cops3,DOWN,-0.7491745982166984
mrpl9,DOWN,-0.7493543953658451
pfn1,DOWN,-0.7496949855242776
erp29,DOWN,-0.7503132835592894
efnb2,DOWN,-0.7510831735719609
dtnb,DOWN,-0.7513910251205079
nr2f2,DOWN,-0.7528528238369475
klhl22,DOWN,-0.754765992927758
reep2,DOWN,-0.7553077399138467
psma1,DOWN,-0.7563330276300706
zfpl1,DOWN,-0.7569979300426779
tmem97,DOWN,-0.7571505922887232
tle1,DOWN,-0.7579427529474818
piga,DOWN,-0.758098794517904
ppp1cb,DOWN,-0.7585236506502666
doc2a,DOWN,-0.7585403611138445
hey1,DOWN,-0.7598324608529091
prkag1,DOWN,-0.7599338279246064
xab2,DOWN,-0.7611388377679476
nfyc,DOWN,-0.7615059505366755
tceb2,DOWN,-0.7631668995254748
cxxc1,DOWN,-0.7632305641242939
copa,DOWN,-0.7652787182009747
gnai3,DOWN,-0.7655844486001515
sh3bp4,DOWN,-0.7663991239116743
snx3,DOWN,-0.7667205968499776
dag1,DOWN,-0.7670172294618056
xrcc6,DOWN,-0.7678942359066389
srprb,DOWN,-0.7681017346643803
pigt,DOWN,-0.7681559594094696
nol12,DOWN,-0.768228430025345
srpk1,DOWN,-0.769818992582776
ahcyl1,DOWN,-0.7716152817476205
cyc1,DOWN,-0.7716781616983581
b4galt5,DOWN,-0.7722415453065441
nr4a2,DOWN,-0.772727338422596
strn4,DOWN,-0.7734939337574567
triap1,DOWN,-0.7737012060747398
asb6,DOWN,-0.774186582118636
nit2,DOWN,-0.7742181031562126
add1,DOWN,-0.7744237054289909
blvrb,DOWN,-0.7751030619637403
chchd3,DOWN,-0.7767035189801141
pfdn1,DOWN,-0.7770025533191119
glud1,DOWN,-0.7777778407448867
paics,DOWN,-0.7779740362565876
psmf1,DOWN,-0.7780239428000942
clcn6,DOWN,-0.7781915602383369
sdhb,DOWN,-0.7783569108616384
guk1,DOWN,-0.7784509939564761
exosc2,DOWN,-0.7792660013190572
cd97,DOWN,-0.7798860811741105
hmbs,DOWN,-0.7806395775165942
map2k5,DOWN,-0.7810910426524182
cry1,DOWN,-0.781482922769918
pdk4,DOWN,-0.7816168782498153
smad5,DOWN,-0.7816596480529054
taf6l,DOWN,-0.7824896290801167
slc35b1,DOWN,-0.7826604375725194
ogfr,DOWN,-0.7838730454864832
mbd3,DOWN,-0.7848052754425459
ptprd,DOWN,-0.7854542643091922
usp39,DOWN,-0.7860289469209514
gna11,DOWN,-0.787322928451229
adh5,DOWN,-0.7874429134943653
opa3,DOWN,-0.7877369125620255
cav1,DOWN,-0.7880274875370716
creld1,DOWN,-0.7881672489637562
sdhc,DOWN,-0.7885804971740442
timm13,DOWN,-0.7889265975099415
prep,DOWN,-0.7908253767158653
pdgfrb,DOWN,-0.7910981169631638
cryzl1,DOWN,-0.7921810055679467
nt5c,DOWN,-0.7924442172238976
btd,DOWN,-0.7935729450552478
wwp2,DOWN,-0.7940225593818897
prcc,DOWN,-0.7955966842662637
brd3,DOWN,-0.7958375007608613
csrp1,DOWN,-0.7960290298972207
atp5g3,DOWN,-0.7964600775190749
hcfc1r1,DOWN,-0.7969196385950621
med25,DOWN,-0.7969816609482957
srf,DOWN,-0.7996301673402013
timm22,DOWN,-0.7996753627004912
usp4,DOWN,-0.7999281020129128
bccip,DOWN,-0.8002801920820344
axl,DOWN,-0.8008014847106041
tpd52l2,DOWN,-0.8020361766728162
arhgap1,DOWN,-0.8053654926465053
adss,DOWN,-0.807459906000094
emg1,DOWN,-0.80756970921083
ndel1,DOWN,-0.8077405052575419
sox9,DOWN,-0.8078528179561552
gtf2e2,DOWN,-0.8086212436364936
qtrt1,DOWN,-0.8106163335552831
smc2,DOWN,-0.8115786463690711
cfdp1,DOWN,-0.8121281068521524
wars,DOWN,-0.8123935718529239
rbx1,DOWN,-0.8126353729238035
carm1,DOWN,-0.8130284500718059
fkbp8,DOWN,-0.8130497590816296
paqr4,DOWN,-0.8138420238004545
pja1,DOWN,-0.815983028198787
ahi1,DOWN,-0.8162533789750395
slc25a28,DOWN,-0.8180401569819659
isca1,DOWN,-0.8185209920941887
ndufv1,DOWN,-0.8196144798138473
trim32,DOWN,-0.8199277165984129
por,DOWN,-0.8201144454534116
emp3,DOWN,-0.8207641824236376
vps72,DOWN,-0.8209585839067831
ntan1,DOWN,-0.8211312450877261
aprt,DOWN,-0.8226060374690399
icam2,DOWN,-0.8228240899354329
pwp1,DOWN,-0.8235535677258315
flna,DOWN,-0.8251942119040662
sh3glb2,DOWN,-0.8252406274211077
acvr1b,DOWN,-0.8277905221530115
col5a2,DOWN,-0.8286190291423926
bambi,DOWN,-0.8304863932213348
cpsf3l,DOWN,-0.8316834194358118
dhx30,DOWN,-0.8316861651336458
bsn,DOWN,-0.8319376052965148
prr3,DOWN,-0.8327883958811564
akt1,DOWN,-0.833762589309961
ehmt2,DOWN,-0.8342428753652297
eif2b1,DOWN,-0.8398006168322788
bgn,DOWN,-0.8412719101684143
psip1,DOWN,-0.8421308547192886
rars,DOWN,-0.8422405034101479
mboat2,DOWN,-0.8423500741847834
lmnb2,DOWN,-0.8434071527868919
cox4i1,DOWN,-0.84367656777894
pex16,DOWN,-0.8459559348726943
pabpn1,DOWN,-0.8466782779744153
dpm2,DOWN,-0.8470454576586751
slc7a2,DOWN,-0.8470483632309858
slc25a4,DOWN,-0.8495285333251889
crtap,DOWN,-0.8505959997769386
rnf34,DOWN,-0.8511014870244207
bpgm,DOWN,-0.8521839547996312
dhps,DOWN,-0.8525152828101895
scarb1,DOWN,-0.8525501877490579
sema3c,DOWN,-0.8525583248681253
coq6,DOWN,-0.8531518711351121
smarcb1,DOWN,-0.8535527097116931
ppap2b,DOWN,-0.8538886021421501
atp6v1g1,DOWN,-0.8543954816471963
pfn2,DOWN,-0.8549406739348643
senp3,DOWN,-0.8580971014053477
sf3b2,DOWN,-0.8591588127690117
paxip1,DOWN,-0.8597609231210759
pcbp1,DOWN,-0.859773834598355
actr10,DOWN,-0.860906808788466
exosc4,DOWN,-0.8609107058951915
tspan7,DOWN,-0.8612624426281998
fhl1,DOWN,-0.8622225198335837
rnmt,DOWN,-0.8627214710093419
necap1,DOWN,-0.8648891423815324
pfkl,DOWN,-0.8661718728828776
ercc1,DOWN,-0.866737247816012
aco1,DOWN,-0.8668662524843254
gipc1,DOWN,-0.8674767804338024
gabbr1,DOWN,-0.869072253832657
unc45a,DOWN,-0.8695740242842084
src,DOWN,-0.8696180036518852
rab5c,DOWN,-0.8696976043556954
adpgk,DOWN,-0.8697265348695163
fis1,DOWN,-0.8697696732733201
pitpna,DOWN,-0.8707909858462594
9-sep,DOWN,-0.8717848749581654
pofut2,DOWN,-0.872330020279585
rps6kb2,DOWN,-0.8725386188301024
ap2a2,DOWN,-0.8734851109446836
slc25a23,DOWN,-0.8735503858534791
anxa1,DOWN,-0.8739668266893066
dctn6,DOWN,-0.8740520892988587
vdac3,DOWN,-0.8751276611968986
tcf4,DOWN,-0.8771969673615669
apoe,DOWN,-0.8793031104717027
uqcrc1,DOWN,-0.8798788006668005
nedd9,DOWN,-0.8807114193476776
atp6v1b2,DOWN,-0.882026965092477
shmt2,DOWN,-0.8823369541956166
ndufb6,DOWN,-0.8823484158312029
ndufs4,DOWN,-0.8832092569136297
ncdn,DOWN,-0.8856991170484066
rps14,DOWN,-0.8859854414883019
kifap3,DOWN,-0.8865257167491447
hmg20b,DOWN,-0.887222912431192
tubgcp2,DOWN,-0.888180862309403
slc25a3,DOWN,-0.8891520652660442
txnl1,DOWN,-0.8901265014794428
dnajb6,DOWN,-0.8922418320234733
csrp2,DOWN,-0.8922680497916546
fkbp4,DOWN,-0.8928695286740259
fzd3,DOWN,-0.8932444110678905
mtch1,DOWN,-0.8946570965790097
exosc9,DOWN,-0.895052086929792
ube2d3,DOWN,-0.8965993101736528
wrnip1,DOWN,-0.8971821692580081
fto,DOWN,-0.8976584977359645
wipi1,DOWN,-0.8990535746163222
rab1b,DOWN,-0.8990616851992285
vamp2,DOWN,-0.8995368598301903
fen1,DOWN,-0.9001134003636673
plxnd1,DOWN,-0.900286493796724
tsta3,DOWN,-0.9035880941867632
mapre1,DOWN,-0.9036710699014012
suv39h1,DOWN,-0.9037762295023576
eif2b2,DOWN,-0.9040857255026925
arnt2,DOWN,-0.9050076354419495
eif2s1,DOWN,-0.905367919542817
ppp3cb,DOWN,-0.9063579719959003
ssbp2,DOWN,-0.9064610046195135
eif1b,DOWN,-0.9067023664117037
dnajc8,DOWN,-0.9086679352440802
eif4e2,DOWN,-0.9089566033037242
ctnnbl1,DOWN,-0.9094645801574754
grb10,DOWN,-0.9095214114161407
arl2bp,DOWN,-0.9118241103323237
ext2,DOWN,-0.9133344410731538
golga7,DOWN,-0.9136203787096012
mta2,DOWN,-0.9166349357399965
llgl1,DOWN,-0.9180853094385015
actl6a,DOWN,-0.9206639498225349
sumo3,DOWN,-0.9213519940783421
gpc4,DOWN,-0.9221619820750663
c1qbp,DOWN,-0.9223115950454079
gnb2,DOWN,-0.9233591202463305
ei24,DOWN,-0.9238695449100648
psd,DOWN,-0.9245191466240239
rpl14,DOWN,-0.9248765924928581
tm9sf4,DOWN,-0.9264237076339038
dhcr24,DOWN,-0.9272515849973788
nans,DOWN,-0.9272670141564668
ap1s1,DOWN,-0.9273816350791165
tssc4,DOWN,-0.9301845214671761
zmiz2,DOWN,-0.9309551746917704
rbm14,DOWN,-0.9315807064571422
trim28,DOWN,-0.932042768763598
ap2m1,DOWN,-0.9324997786854772
ilkap,DOWN,-0.9326338856454723
prps1,DOWN,-0.9349651714745466
hs2st1,DOWN,-0.9375375253349308
atp5f1,DOWN,-0.9376446410125349
drg2,DOWN,-0.9391963211944917
calu,DOWN,-0.9392048159573066
dnajc9,DOWN,-0.9401931773577336
lcmt1,DOWN,-0.9419803487589632
nudcd3,DOWN,-0.9429187619969209
pus1,DOWN,-0.9447306289444285
mrpl28,DOWN,-0.944746739156158
rnf41,DOWN,-0.9463660551167571
id1,DOWN,-0.9470585604931657
nedd4l,DOWN,-0.9474827562315574
papss1,DOWN,-0.9476955392027184
sh3gl1,DOWN,-0.947704944872667
pes1,DOWN,-0.9477171734723775
stub1,DOWN,-0.949108921741672
mapk1,DOWN,-0.9499400051121177
xpnpep1,DOWN,-0.9506266048000711
mtch2,DOWN,-0.9528230533142584
mapk6,DOWN,-0.9544996663688285
ing1,DOWN,-0.9546880528269699
cd200,DOWN,-0.954820440563141
nup50,DOWN,-0.9549473516842477
shfm1,DOWN,-0.9570870098433637
mettl9,DOWN,-0.9578053513712095
pin1,DOWN,-0.958007651648059
cops6,DOWN,-0.9581838051214852
rae1,DOWN,-0.9593615429636617
tpst1,DOWN,-0.9594872504717853
aspscr1,DOWN,-0.9598931157601467
nudc,DOWN,-0.960626903684139
prpf31,DOWN,-0.9606453565258781
fgf13,DOWN,-0.9634443052033528
eif2b5,DOWN,-0.9654177646143749
ascc1,DOWN,-0.9662306132572724
srp14,DOWN,-0.9663239383723583
itsn1,DOWN,-0.9668917971927138
c1qtnf1,DOWN,-0.9671975418104475
nes,DOWN,-0.9681828287493259
bub3,DOWN,-0.9683243691223742
dynlrb1,DOWN,-0.9697720072863647
sub1,DOWN,-0.9706559303679745
hsf2,DOWN,-0.9710154597488692
atf5,DOWN,-0.9712037827736167
pex5,DOWN,-0.9715656701725549
rpgr,DOWN,-0.9716341448029627
wipi2,DOWN,-0.9728231713765005
psmc5,DOWN,-0.9747897652358338
pmvk,DOWN,-0.9748490578187498
yaf2,DOWN,-0.9749664283313472
med4,DOWN,-0.976637169626297
prkcsh,DOWN,-0.9774111406341758
wdr13,DOWN,-0.9774462658035633
ptms,DOWN,-0.9801917749099346
gpr162,DOWN,-0.9821385177090419
aebp1,DOWN,-0.9827724693182052
phgdh,DOWN,-0.986290412206647
colec12,DOWN,-0.9897350025985887
hat1,DOWN,-0.9901602946805533
hmgb2,DOWN,-0.9903179754922804
maff,DOWN,-0.9921009465690505
cenpb,DOWN,-0.9924112512275707
mfge8,DOWN,-0.9939038798956957
akap12,DOWN,-0.9959325881841592
egln2,DOWN,-0.9975542817888537
rufy2,DOWN,-0.9980410322647165
lrp8,DOWN,-0.9980658570253618
lsm1,DOWN,-0.998151425066503
mea1,DOWN,-0.9981517590803173
dcakd,DOWN,-0.9983330660915577
pgm1,DOWN,-0.9993665299616762
htra1,DOWN,-1.0008853797082384
stard7,DOWN,-1.0012098174562214
rrn3,DOWN,-1.0014374853783194
bcl2l13,DOWN,-1.0014527674451106
sars,DOWN,-1.0018049142967915
taf10,DOWN,-1.0019284033943074
slc26a6,DOWN,-1.002368085006886
dnaja2,DOWN,-1.0026864170994028
nedd8,DOWN,-1.0037469185764376
rhoc,DOWN,-1.0037637892616595
sart3,DOWN,-1.0074269899747668
ttc19,DOWN,-1.0079836775181203
hdac6,DOWN,-1.008127122776837
bysl,DOWN,-1.0085019065069327
blmh,DOWN,-1.0094611292380475
cnn3,DOWN,-1.0098204401170616
arl3,DOWN,-1.01022210493762
idh2,DOWN,-1.0103200597416409
trap1,DOWN,-1.0112828334172077
nfib,DOWN,-1.0146111355132856
rnf14,DOWN,-1.016102174368615
clic4,DOWN,-1.0162152152418136
sqstm1,DOWN,-1.016294170899671
thop1,DOWN,-1.0171851407790866
phc1,DOWN,-1.0174579593455448
fkbp3,DOWN,-1.0189059652770514
cops7b,DOWN,-1.020416773443735
chmp2a,DOWN,-1.0207878923598064
vdac1,DOWN,-1.0219112361412488
agpat5,DOWN,-1.0219198818289186
cox6b1,DOWN,-1.0226887229118686
atpif1,DOWN,-1.0274799615766854
yars,DOWN,-1.0275716908570056
pqbp1,DOWN,-1.0304454692587555
pex19,DOWN,-1.0304546796277942
ddah2,DOWN,-1.0331240998645568
lztr1,DOWN,-1.0331426037312514
mcm3,DOWN,-1.0355993914815758
ppm1g,DOWN,-1.0373921892028284
ppme1,DOWN,-1.040364778925584
tfdp1,DOWN,-1.0403870413233542
snrpb,DOWN,-1.0413810788735944
npdc1,DOWN,-1.0417054199474072
asrgl1,DOWN,-1.0428988261018768
porcn,DOWN,-1.043271892147645
smarcd3,DOWN,-1.0500661845262012
usp3,DOWN,-1.0503505809328944
ubl5,DOWN,-1.0537797117628571
tkt,DOWN,-1.055156799706038
pgd,DOWN,-1.0559389657242269
txn2,DOWN,-1.0569293197145577
gtf2f1,DOWN,-1.0572839212134495
h2afy,DOWN,-1.0575336657977925
mxi1,DOWN,-1.057854421689087
psmb3,DOWN,-1.0583601936174125
cdv3,DOWN,-1.0587863026608106
prkag2,DOWN,-1.0590400552273764
psma2,DOWN,-1.059239013206289
mrps30,DOWN,-1.0602089929408225
rpa2,DOWN,-1.0619202936137668
satb1,DOWN,-1.0623619444344028
plxna3,DOWN,-1.0624401016504907
trappc3,DOWN,-1.0629328836034762
cdk5,DOWN,-1.0631750771804982
ppp2r2d,DOWN,-1.0648228343009278
taldo1,DOWN,-1.0648554399064125
lmna,DOWN,-1.0663777674854547
epha4,DOWN,-1.0665925357448145
pqlc1,DOWN,-1.0689273412793738
rasip1,DOWN,-1.0694362056331363
tmem80,DOWN,-1.0722913171137547
lrrc49,DOWN,-1.073889689576736
fus,DOWN,-1.0745524609164576
dpp3,DOWN,-1.0747552770641338
syt11,DOWN,-1.0775860726140938
snapc2,DOWN,-1.0785402011931589
trmt1,DOWN,-1.0798093752503852
stoml2,DOWN,-1.0798199188169735
adsl,DOWN,-1.0809615809085673
mtss1,DOWN,-1.0822063706186864
luc7l,DOWN,-1.0830971055258507
dlg4,DOWN,-1.0834399201637808
ash2l,DOWN,-1.0840916695417786
lin7c,DOWN,-1.0851406850703555
cct4,DOWN,-1.0863654532570666
id3,DOWN,-1.0879978160783645
pygb,DOWN,-1.089516269383473
cdc42ep4,DOWN,-1.0897190132261025
gtf2f2,DOWN,-1.091363303449327
ssbp3,DOWN,-1.0923463279098677
lrrc41,DOWN,-1.092599338125648
mkrn2,DOWN,-1.0926689924326276
cyb5r3,DOWN,-1.0949948556620477
marcksl1,DOWN,-1.0994081957775712
tsen34,DOWN,-1.1000531810500913
snd1,DOWN,-1.100662475220473
ryk,DOWN,-1.1016490637920402
polr2d,DOWN,-1.101953672545865
sgta,DOWN,-1.1046107286898166
ppp2r5d,DOWN,-1.1049698658104103
wsb2,DOWN,-1.1055165225108954
tacc2,DOWN,-1.1055281645464543
clta,DOWN,-1.1072718023040233
stom,DOWN,-1.1085361455958926
pfdn5,DOWN,-1.1119093510919253
ube2g2,DOWN,-1.1135745632414893
smarce1,DOWN,-1.1154221483061968
cspg4,DOWN,-1.1157319170728577
neo1,DOWN,-1.1164128079875122
psmd4,DOWN,-1.1202999790048391
oaz1,DOWN,-1.1214808830329053
yeats4,DOWN,-1.123631635182402
sec61a2,DOWN,-1.1236915857646745
sae1,DOWN,-1.1240628026475274
psmd8,DOWN,-1.1241678643168165
ptn,DOWN,-1.1248377909675327
cope,DOWN,-1.1262218611508321
prmt5,DOWN,-1.1266316200200575
tnk2,DOWN,-1.1266604277154355
ddx1,DOWN,-1.1271275061255266
mdh2,DOWN,-1.128048521520799
sqle,DOWN,-1.1284224785846064
katnb1,DOWN,-1.1286456427814293
prdx4,DOWN,-1.1296502325388824
mcm6,DOWN,-1.1323408716180654
plxna1,DOWN,-1.1338764237751418
rtn1,DOWN,-1.134013196607641
ankrd46,DOWN,-1.1356848658704066
lphn1,DOWN,-1.1367963168127608
timm17b,DOWN,-1.1379932054683397
klhdc2,DOWN,-1.1388480111933064
arpc1a,DOWN,-1.142220191725715
slc1a4,DOWN,-1.1429283561347903
sap30bp,DOWN,-1.1430284907832187
lrpap1,DOWN,-1.143466228277064
map3k12,DOWN,-1.1434737299882483
rnd3,DOWN,-1.1441506776986188
nfix,DOWN,-1.1450271194668635
ciapin1,DOWN,-1.148475775133067
grpel1,DOWN,-1.1491678817125663
ilf3,DOWN,-1.150098227155406
aldh9a1,DOWN,-1.1508962037586943
prdx6,DOWN,-1.151691705253421
lamc1,DOWN,-1.1535425292413546
atp5a1,DOWN,-1.154854830481852
wbp5,DOWN,-1.1557703226133962
dpf2,DOWN,-1.1572397744489267
tmem2,DOWN,-1.1599606216347438
anp32b,DOWN,-1.160170638844732
psme3,DOWN,-1.1612571010063932
mmd,DOWN,-1.1644434721382408
cops8,DOWN,-1.1644647297591957
ercc2,DOWN,-1.1650633105868038
pspc1,DOWN,-1.1654105447039507
eef1d,DOWN,-1.1688488494857465
tmem134,DOWN,-1.1701552668762327
trim37,DOWN,-1.1704065733027045
rala,DOWN,-1.1704572597894916
ddost,DOWN,-1.1746012292454127
tpi1,DOWN,-1.1755750898980586
ppie,DOWN,-1.175646674836542
slc3a2,DOWN,-1.1759071995659125
hint1,DOWN,-1.1782414162377424
fyn,DOWN,-1.1813362031374148
tia1,DOWN,-1.1824938042002302
rqcd1,DOWN,-1.1827891256306995
dgcr2,DOWN,-1.1842883247687868
dctn4,DOWN,-1.1845322979723956
glrx,DOWN,-1.1856968623166142
srgap3,DOWN,-1.1859998407940116
polb,DOWN,-1.1876860169398833
prmt2,DOWN,-1.1922200989998812
stx12,DOWN,-1.1937431610483826
entpd6,DOWN,-1.196609114448467
fdft1,DOWN,-1.198560492417942
fbln2,DOWN,-1.2011862602986443
actr1b,DOWN,-1.2036254069038361
rpl41,DOWN,-1.2077244409916301
acat1,DOWN,-1.2091530379523332
ptov1,DOWN,-1.2098411438697152
usp11,DOWN,-1.210022434477188
sv2a,DOWN,-1.2102399924297926
psmb2,DOWN,-1.2144114671406745
zbtb17,DOWN,-1.2149769097288805
pebp1,DOWN,-1.2151471931048274
ednrb,DOWN,-1.2166737969214458
cd2bp2,DOWN,-1.2171647178751621
cdh5,DOWN,-1.2176361602372747
sephs1,DOWN,-1.220163466313578
itpa,DOWN,-1.220328728698344
sec61a1,DOWN,-1.2221192805677055
psmd3,DOWN,-1.2229807402098376
prpf19,DOWN,-1.2251970055145034
raf1,DOWN,-1.22559996193912
igfbp3,DOWN,-1.2290106010394803
gabarap,DOWN,-1.2317076283755708
rangap1,DOWN,-1.2331335486111692
atp5b,DOWN,-1.23337874890495
banf1,DOWN,-1.237160197616328
stk25,DOWN,-1.2374494345179115
snrpd3,DOWN,-1.2383406789258178
arpc5,DOWN,-1.2395897652326298
socs2,DOWN,-1.2403496196258352
ralgds,DOWN,-1.2403954961087649
tagln2,DOWN,-1.2413331331953217
cdc16,DOWN,-1.2433814925249764
psmd13,DOWN,-1.246542530274941
smarcd1,DOWN,-1.249993256434846
elavl4,DOWN,-1.2500808453743442
gadd45b,DOWN,-1.250997813836756
cdc23,DOWN,-1.2516964790933585
atg12,DOWN,-1.254862556278341
prkar1a,DOWN,-1.2554151885278657
gltscr2,DOWN,-1.2605439857533913
faf1,DOWN,-1.2622438914290803
copz1,DOWN,-1.2644621882022962
zdhhc3,DOWN,-1.2648626907598373
maged2,DOWN,-1.2657938507544964
ilk,DOWN,-1.2669389696837154
smu1,DOWN,-1.2699976619883815
tmem132a,DOWN,-1.2702749655898806
elovl5,DOWN,-1.2707935766962197
cops5,DOWN,-1.2709252943835945
rbm4b,DOWN,-1.273946921063045
cstb,DOWN,-1.27400324809264
s100a10,DOWN,-1.274469665959755
csnk2b,DOWN,-1.2760668123171555
gja1,DOWN,-1.2762070813904587
nipsnap1,DOWN,-1.2780447500540302
actr1a,DOWN,-1.2796261710251848
h2afz,DOWN,-1.280067831409229
psmb1,DOWN,-1.2803646396922077
maged1,DOWN,-1.2814399034679516
men1,DOWN,-1.2829273181977918
cdc37,DOWN,-1.2840246921369094
aldh18a1,DOWN,-1.2842040644535542
pbx1,DOWN,-1.288786466549663
ddx56,DOWN,-1.2898677778265735
camk2b,DOWN,-1.2912009801634197
polr2h,DOWN,-1.2926519963541065
cdk5r1,DOWN,-1.2942902764949042
slc7a6,DOWN,-1.2955927692463387
h1f0,DOWN,-1.3015148823201625
poldip2,DOWN,-1.305741325470152
hsbp1,DOWN,-1.306897852794144
ndufb8,DOWN,-1.3104302285854377
atad3a,DOWN,-1.3127640006352879
gla,DOWN,-1.3156550305486938
dctn2,DOWN,-1.3160321994624304
rbbp7,DOWN,-1.3171084772948636
eif2b4,DOWN,-1.3205146854533945
mcm4,DOWN,-1.321744198344165
parp6,DOWN,-1.3226953914144866
arfip2,DOWN,-1.322793458178084
wdr4,DOWN,-1.3230000726043507
snrpa1,DOWN,-1.3242370936291474
rad23b,DOWN,-1.328130459951671
pcna,DOWN,-1.3282110595086303
trim2,DOWN,-1.3306196867919673
elk1,DOWN,-1.3315386097086506
kif3c,DOWN,-1.334535628319078
hdac3,DOWN,-1.335907691778764
ap2s1,DOWN,-1.336303731653575
kif3a,DOWN,-1.3363540478934992
ing4,DOWN,-1.3376251293786265
ndufs2,DOWN,-1.3422622173444883
actr3,DOWN,-1.343839650989106
blcap,DOWN,-1.3454713060496826
ppp2r5b,DOWN,-1.3454928737732168
flot2,DOWN,-1.346631538114929
tnfaip1,DOWN,-1.3481002327515355
med8,DOWN,-1.3506132854393091
zwint,DOWN,-1.3525676228220613
ube2g1,DOWN,-1.353819407369486
tomm22,DOWN,-1.3557623958536766
sdc4,DOWN,-1.3557958318100858
casp3,DOWN,-1.3564363781837974
ube2m,DOWN,-1.3567490930863375
rrm1,DOWN,-1.3602352076633304
tardbp,DOWN,-1.3648681499495585
sin3b,DOWN,-1.366998781496465
vat1,DOWN,-1.367098745093322
cirbp,DOWN,-1.3692815593825536
fbxo21,DOWN,-1.3700284939336211
stx1a,DOWN,-1.3751839355055484
tollip,DOWN,-1.3777251599199225
atp6v0d1,DOWN,-1.3780238476708107
fbxw11,DOWN,-1.3803629535894069
atp5c1,DOWN,-1.380398770493773
gabarapl1,DOWN,-1.3896200883136507
anxa6,DOWN,-1.395305100679196
nras,DOWN,-1.4042420998040865
ssrp1,DOWN,-1.40662893821552
tarbp2,DOWN,-1.4090230115749913
plk2,DOWN,-1.417245347014073
nup62,DOWN,-1.4189521258040856
aacs,DOWN,-1.4195051255429922
nup93,DOWN,-1.4244087291235152
pcbp2,DOWN,-1.4248412905655188
prdx2,DOWN,-1.4275236594119824
txnrd1,DOWN,-1.4291015346059275
col4a2,DOWN,-1.4339476732392633
lancl1,DOWN,-1.434008094645997
idh1,DOWN,-1.4341632230312866
klhdc3,DOWN,-1.4349583428602521
cry2,DOWN,-1.4376732973843798
bap1,DOWN,-1.4385378901570343
srm,DOWN,-1.4389250057314669
fasn,DOWN,-1.4499454060863808
ngfrap1,DOWN,-1.4503544570899425
armcx2,DOWN,-1.4521780020118544
hax1,DOWN,-1.453393126088106
msra,DOWN,-1.454652428565092
tnpo2,DOWN,-1.4591582028467638
capns1,DOWN,-1.4592433696533882
gstz1,DOWN,-1.4594049555143755
cnbp,DOWN,-1.45966198735411
rpl22,DOWN,-1.4602298870816892
ran,DOWN,-1.4605441270478068
cuedc2,DOWN,-1.4629656068600985
ctnnb1,DOWN,-1.4638290115648676
lpl,DOWN,-1.4703499158921907
nap1l1,DOWN,-1.4735182950243373
col4a1,DOWN,-1.4740207946390733
dhdds,DOWN,-1.4844060224979259
spin1,DOWN,-1.4872352763072318
strap,DOWN,-1.4885934461456158
eef2,DOWN,-1.4998328522354387
phb2,DOWN,-1.5027397531760784
lgals3,DOWN,-1.5043590041418955
arf4,DOWN,-1.5046219521537871
pmpca,DOWN,-1.5050955323696864
ptbp2,DOWN,-1.5194338851347298
ttyh1,DOWN,-1.5205072791097658
ssr2,DOWN,-1.5222883453107463
emd,DOWN,-1.5252827146406926
ensa,DOWN,-1.526169961866874
cdkn1b,DOWN,-1.5458310240232431
psmb7,DOWN,-1.5459327515268102
igfbp4,DOWN,-1.5492100580773003
ctsb,DOWN,-1.5554835556487496
psmd7,DOWN,-1.5567225020321473
rnps1,DOWN,-1.5619799251951423
raly,DOWN,-1.563972947129978
gsto1,DOWN,-1.5664110459412521
psmd2,DOWN,-1.5676283176113344
ppp2r1a,DOWN,-1.5682470955542631
sar1a,DOWN,-1.5910323397840949
cct5,DOWN,-1.5911644972603167
hdgf,DOWN,-1.5990393927443973
thra,DOWN,-1.6069879829233489
sepw1,DOWN,-1.615625826453191
psmb4,DOWN,-1.6404930064726715
diablo,DOWN,-1.6409098695222548
hmgcr,DOWN,-1.6486413854779447
flot1,DOWN,-1.6524933711878853
cct7,DOWN,-1.6533390884537063
nasp,DOWN,-1.6561991635555342
cct8,DOWN,-1.656726774920387
ddb1,DOWN,-1.6618010503917051
tspan5,DOWN,-1.6675875425136082
wdr1,DOWN,-1.6715296527351502
ldlr,DOWN,-1.6751497985427584
arf1,DOWN,-1.6759699321087373
lmo4,DOWN,-1.6931132993423537
gpm6b,DOWN,-1.7022551369663903
pa2g4,DOWN,-1.7023468435372693
cdk4,DOWN,-1.7057356234913927
cs,DOWN,-1.7111320286481873
eif4h,DOWN,-1.7157705397690481
hdac2,DOWN,-1.7351630780541192
rps24,DOWN,-1.7449497245301526
ctnnbip1,DOWN,-1.7628915252390958
dap3,DOWN,-1.7743014179155625
coro1c,DOWN,-1.7820841890047283
anxa2,DOWN,-1.7827646476917898
apex1,DOWN,-1.789112223416806
atxn10,DOWN,-1.7892003553226943
stmn1,DOWN,-1.809814798864314
prc1,DOWN,-1.81823418744863
nkiras2,DOWN,-1.8225595913389243
slc7a1,DOWN,-1.8231196304097634
rufy3,DOWN,-1.8239202408816466
tyms,DOWN,-1.8285691784068978
sf3b3,DOWN,-1.8330246427565402
tubb2b,DOWN,-1.8360435867028448
pop4,DOWN,-1.8437708852999424
btf3,DOWN,-1.866091638653435
csnk1a1,DOWN,-1.870866621820733
odc1,DOWN,-1.8847682991203343
eef1a1,DOWN,-1.8863046955046456
nip7,DOWN,-1.889443456976746
hn1,DOWN,-1.904507039459256
slc39a1,DOWN,-1.9124208403904581
cct2,DOWN,-1.9130019638605686
tsc22d1,DOWN,-1.9177370213056877
nono,DOWN,-1.9255354035906969
gdi1,DOWN,-1.937363483014759
g3bp1,DOWN,-1.984999255068954
kctd5,DOWN,-1.9969236324613324
ppp2ca,DOWN,-2.0335774279281997
ilf2,DOWN,-2.046532396268026
nap1l4,DOWN,-2.0547174982661884
cplx2,DOWN,-2.060891699682559
map1lc3b,DOWN,-2.0653458421515376
mllt11,DOWN,-2.0707726764363823
pdap1,DOWN,-2.0716504375807636
vim,DOWN,-2.1317403840329594
ywhae,DOWN,-2.135422847030368
hmgn1,DOWN,-2.136017606417247
rnf4,DOWN,-2.1461138482812303
stx6,DOWN,-2.1730139961585904
ldha,DOWN,-2.1857781498547486
cfl1,DOWN,-2.1948699890470658
anapc5,DOWN,-2.2048751014110337
bzw2,DOWN,-2.2082491300036238
slc11a2,DOWN,-2.2108895923956617
gnb1,DOWN,-2.240367969914362
psat1,DOWN,-2.248942645678751
emp1,DOWN,-2.2687371040181623
cd44,DOWN,-2.3066830986948066
carhsp1,DOWN,-2.3319113722131077
ehd1,DOWN,-2.3543488047653147
eif5a,DOWN,-2.3701037107623977
11-sep,DOWN,-2.4561870356378224
nt5dc2,DOWN,-2.4790521001666717
spp1,DOWN,-2.690736854703581
